source,version,generation_slot,completion_slot,delay,completed
84,1,0,47,47,True
91,1,0,178,178,True
18,1,1,80,79,True
33,1,1,80,79,True
83,1,1,178,177,True
98,1,1,178,177,True
35,1,2,80,78,True
64,1,2,178,176,True
65,1,2,178,176,True
85,1,2,47,45,True
87,1,2,178,176,True
91,2,2,178,176,True
49,1,3,80,77,True
63,1,3,178,175,True
64,2,3,178,175,True
13,1,4,80,76,True
31,1,4,80,76,True
34,1,4,80,76,True
44,1,4,80,76,True
54,1,4,178,174,True
75,1,4,178,174,True
77,1,4,178,174,True
2,1,5,80,75,True
30,1,5,80,75,True
60,1,5,178,173,True
80,1,5,47,42,True
87,2,5,178,173,True
97,1,5,178,173,True
99,1,5,82,77,True
6,1,6,80,74,True
11,1,6,80,74,True
26,1,6,80,74,True
30,2,6,80,74,True
37,1,6,80,74,True
80,2,6,47,41,True
0,1,7,112,105,True
61,1,7,178,171,True
77,2,7,178,171,True
99,2,7,82,75,True
9,1,8,80,72,True
24,1,8,80,72,True
40,1,8,80,72,True
46,1,8,80,72,True
18,2,9,80,71,True
25,1,9,80,71,True
36,1,9,80,71,True
50,1,9,178,169,True
67,1,9,178,169,True
80,3,9,47,38,True
97,2,9,178,169,True
2,2,10,80,70,True
28,1,10,80,70,True
66,1,10,82,72,True
68,1,10,178,168,True
2,3,11,80,69,True
24,2,11,80,69,True
3,1,12,80,68,True
47,1,12,80,68,True
48,1,12,80,68,True
49,2,12,80,68,True
59,1,12,178,166,True
90,1,12,178,166,True
95,1,12,178,166,True
5,1,13,80,67,True
23,1,13,80,67,True
43,1,13,80,67,True
45,1,14,80,66,True
48,2,14,80,66,True
79,1,14,178,164,True
81,1,14,178,164,True
25,2,15,80,65,True
51,1,15,178,163,True
57,1,15,178,163,True
37,2,16,80,64,True
39,1,16,80,64,True
58,1,16,178,162,True
85,2,16,178,162,True
88,1,16,178,162,True
5,2,17,80,63,True
14,1,17,80,63,True
15,1,17,80,63,True
57,2,17,178,161,True
72,1,17,178,161,True
93,1,17,178,161,True
97,3,17,178,161,True
42,1,18,80,62,True
38,1,19,80,61,True
47,2,19,80,61,True
89,1,19,178,159,True
6,2,20,82,62,True
10,1,20,80,60,True
13,2,20,80,60,True
29,1,20,80,60,True
31,2,20,178,158,True
37,3,20,82,62,True
51,2,20,178,158,True
54,2,20,178,158,True
58,2,20,178,158,True
12,1,21,80,59,True
31,3,21,178,157,True
40,2,21,80,59,True
44,2,21,178,157,True
57,3,21,178,157,True
81,2,21,178,157,True
14,2,22,112,90,True
46,2,22,112,90,True
65,2,22,178,156,True
72,2,22,178,156,True
80,4,22,178,156,True
81,3,22,178,156,True
89,2,22,178,156,True
98,2,22,178,156,True
8,1,23,80,57,True
18,3,23,178,155,True
26,2,23,178,155,True
82,1,23,178,155,True
26,3,24,178,154,True
34,2,24,82,58,True
36,2,24,112,88,True
65,3,24,178,154,True
70,1,24,178,154,True
11,2,25,112,87,True
19,1,25,82,57,True
22,1,25,178,153,True
65,4,25,178,153,True
77,3,25,178,153,True
88,2,25,178,153,True
90,2,25,178,153,True
98,3,25,178,153,True
48,3,26,112,86,True
68,2,26,178,152,True
10,2,27,112,85,True
38,2,27,178,151,True
49,3,27,82,55,True
80,5,27,178,151,True
83,2,27,178,151,True
22,2,28,178,150,True
43,2,28,112,84,True
7,1,29,112,83,True
9,2,29,112,83,True
16,1,29,112,83,True
20,1,29,112,83,True
29,2,29,80,51,True
45,2,29,82,53,True
55,1,29,178,149,True
70,2,30,178,148,True
77,4,30,178,148,True
81,4,30,178,148,True
94,1,30,178,148,True
96,1,30,178,148,True
35,2,31,126,95,True
44,3,31,178,147,True
47,3,31,82,51,True
56,1,31,178,147,True
63,2,31,178,147,True
13,3,32,82,50,True
29,3,32,178,146,True
68,3,32,178,146,True
97,4,32,178,146,True
28,2,33,80,47,True
41,1,33,82,49,True
82,2,33,178,145,True
85,3,33,178,145,True
94,2,33,178,145,True
95,2,33,178,145,True
14,3,34,112,78,True
43,3,34,112,78,True
55,2,34,178,144,True
15,2,35,112,77,True
25,3,35,112,77,True
39,2,35,80,45,True
57,4,35,178,143,True
34,3,36,112,76,True
51,3,36,178,142,True
56,2,36,178,142,True
61,2,36,178,142,True
89,3,36,178,142,True
57,5,37,178,141,True
58,3,37,178,141,True
73,1,37,178,141,True
80,6,37,178,141,True
89,4,37,178,141,True
9,3,38,178,140,True
11,3,38,178,140,True
49,4,38,178,140,True
63,3,38,178,140,True
82,3,38,178,140,True
87,3,38,178,140,True
98,4,38,178,140,True
9,4,39,178,139,True
20,2,39,112,73,True
41,2,39,82,43,True
85,4,39,178,139,True
6,3,40,178,138,True
19,2,40,178,138,True
24,3,40,178,138,True
29,4,40,178,138,True
54,3,40,178,138,True
66,2,40,178,138,True
93,2,40,178,138,True
16,2,41,112,71,True
23,2,41,130,89,True
65,5,41,178,137,True
72,3,41,178,137,True
74,1,41,178,137,True
94,3,41,178,137,True
3,2,42,82,40,True
8,2,42,112,70,True
23,3,42,130,88,True
73,2,42,178,136,True
10,3,43,112,69,True
32,1,43,130,87,True
46,3,43,178,135,True
67,2,43,178,135,True
76,1,43,178,135,True
0,2,44,178,134,True
9,5,44,178,134,True
30,3,44,178,134,True
52,1,44,178,134,True
70,3,44,178,134,True
71,1,44,178,134,True
3,3,45,82,37,True
46,4,45,178,133,True
59,2,45,178,133,True
64,3,45,178,133,True
78,1,45,178,133,True
89,5,45,178,133,True
94,4,45,178,133,True
5,3,46,178,132,True
17,1,46,178,132,True
26,4,46,178,132,True
47,4,46,82,36,True
59,3,46,178,132,True
64,4,46,178,132,True
82,4,46,178,132,True
93,3,46,178,132,True
33,2,47,178,131,True
44,4,47,178,131,True
45,3,47,126,79,True
59,4,47,178,131,True
72,4,47,178,131,True
75,2,47,178,131,True
81,5,47,178,131,True
16,3,48,112,64,True
18,4,48,178,130,True
65,6,48,178,130,True
9,6,49,178,129,True
36,3,49,178,129,True
43,4,49,178,129,True
59,5,49,178,129,True
66,3,49,178,129,True
74,2,49,178,129,True
92,1,49,178,129,True
2,4,50,178,128,True
18,5,50,178,128,True
20,3,50,178,128,True
24,4,50,178,128,True
25,4,50,178,128,True
31,4,50,178,128,True
48,4,50,178,128,True
69,1,50,178,128,True
89,6,50,178,128,True
94,5,50,178,128,True
12,2,51,126,75,True
59,6,51,178,127,True
62,1,51,178,127,True
65,7,51,178,127,True
67,3,51,178,127,True
69,2,51,178,127,True
75,3,51,178,127,True
82,5,51,178,127,True
14,4,52,178,126,True
45,4,52,178,126,True
47,5,52,130,78,True
51,4,52,178,126,True
90,3,52,178,126,True
8,3,53,178,125,True
10,4,53,178,125,True
35,3,53,126,73,True
66,4,53,178,125,True
93,4,53,178,125,True
9,7,54,178,124,True
13,4,54,112,58,True
19,3,54,178,124,True
32,2,54,178,124,True
47,6,54,130,76,True
64,5,54,178,124,True
13,5,55,112,57,True
71,2,55,178,123,True
80,7,55,178,123,True
1,1,56,178,122,True
25,5,56,178,122,True
35,4,56,126,70,True
43,5,56,178,122,True
27,1,57,178,121,True
47,7,58,130,72,True
55,3,58,178,120,True
57,6,58,178,120,True
75,4,58,178,120,True
87,4,58,178,120,True
52,2,59,178,119,True
61,3,59,178,119,True
63,4,59,178,119,True
79,2,59,178,119,True
18,6,60,178,118,True
22,3,60,178,118,True
47,8,60,130,70,True
62,2,60,178,118,True
24,5,61,178,117,True
32,3,61,178,117,True
56,3,61,178,117,True
75,5,61,178,117,True
82,6,61,178,117,True
95,3,61,178,117,True
14,5,62,178,116,True
59,7,62,178,116,True
33,3,63,178,115,True
34,4,63,178,115,True
64,6,63,178,115,True
66,5,63,178,115,True
26,5,64,178,114,True
56,4,64,178,114,True
60,2,64,178,114,True
61,4,64,178,114,True
64,7,64,178,114,True
85,5,64,178,114,True
99,3,64,178,114,True
3,4,65,130,65,True
22,4,65,178,113,True
40,3,65,178,113,True
57,7,65,178,113,True
60,3,65,178,113,True
64,8,65,178,113,True
49,5,66,178,112,True
67,4,66,178,112,True
97,5,66,178,112,True
2,5,67,178,111,True
11,4,67,178,111,True
87,5,67,178,111,True
15,3,68,178,110,True
40,4,68,178,110,True
51,5,68,178,110,True
67,5,68,178,110,True
10,5,69,178,109,True
18,7,69,178,109,True
36,4,69,178,109,True
53,1,69,178,109,True
59,8,69,178,109,True
61,5,69,178,109,True
3,5,70,178,108,True
18,8,70,178,108,True
20,4,70,178,108,True
36,5,70,178,108,True
50,2,70,178,108,True
79,3,70,178,108,True
93,5,70,178,108,True
96,2,70,178,108,True
12,3,72,178,106,True
15,4,72,178,106,True
16,4,72,178,106,True
21,1,72,178,106,True
22,5,72,178,106,True
67,6,72,178,106,True
76,2,72,178,106,True
84,2,72,178,106,True
9,8,73,178,105,True
29,5,73,178,105,True
41,3,73,178,105,True
45,5,73,178,105,True
58,4,73,178,105,True
62,3,73,178,105,True
63,5,73,178,105,True
64,9,73,178,105,True
86,1,73,178,105,True
65,8,74,178,104,True
92,2,74,178,104,True
94,6,74,178,104,True
1,2,75,178,103,True
41,4,75,178,103,True
54,4,75,178,103,True
68,4,75,178,103,True
93,6,75,178,103,True
97,6,75,178,103,True
16,5,76,178,102,True
20,5,76,178,102,True
22,6,76,178,102,True
74,3,76,178,102,True
18,9,77,178,101,True
26,6,77,178,101,True
44,5,77,178,101,True
76,3,77,178,101,True
84,3,77,178,101,True
87,6,77,178,101,True
95,4,77,178,101,True
37,4,78,178,100,True
74,4,78,178,100,True
95,5,78,178,100,True
8,4,79,178,99,True
21,2,79,178,99,True
1,3,80,178,98,True
5,4,80,178,98,True
12,4,80,178,98,True
47,9,80,178,98,True
60,4,80,178,98,True
1,4,81,178,97,True
29,6,81,178,97,True
33,4,81,178,97,True
41,5,81,178,97,True
46,5,82,178,96,True
61,6,82,178,96,True
83,3,83,178,95,True
85,6,83,178,95,True
11,5,84,178,94,True
15,5,84,178,94,True
25,6,84,178,94,True
54,5,84,178,94,True
72,5,84,178,94,True
76,4,84,178,94,True
85,7,84,178,94,True
1,5,85,178,93,True
6,4,85,178,93,True
13,6,85,178,93,True
17,2,85,178,93,True
49,6,85,178,93,True
66,6,85,178,93,True
76,5,85,178,93,True
83,4,85,178,93,True
86,2,85,178,93,True
97,7,85,178,93,True
20,6,86,178,92,True
32,4,86,178,92,True
33,5,86,178,92,True
50,3,86,178,92,True
62,4,86,178,92,True
67,7,86,178,92,True
81,6,86,178,92,True
2,6,87,178,91,True
17,3,87,178,91,True
19,4,87,178,91,True
24,6,87,178,91,True
25,7,87,178,91,True
34,5,87,178,91,True
42,2,87,178,91,True
67,8,87,178,91,True
90,4,87,178,91,True
91,3,87,178,91,True
92,3,87,178,91,True
19,5,88,178,90,True
34,6,88,178,90,True
82,7,88,178,90,True
13,7,89,178,89,True
38,3,89,178,89,True
43,6,89,178,89,True
63,6,89,178,89,True
19,6,90,178,88,True
22,7,90,178,88,True
25,8,90,178,88,True
32,5,90,178,88,True
86,3,90,178,88,True
98,5,90,178,88,True
99,4,90,178,88,True
16,6,91,178,87,True
30,4,91,178,87,True
46,6,91,178,87,True
57,8,91,178,87,True
88,3,91,178,87,True
89,7,91,178,87,True
92,4,91,178,87,True
14,6,92,178,86,True
17,4,92,178,86,True
25,9,92,178,86,True
26,7,92,246,154,True
43,7,92,178,86,True
48,5,92,178,86,True
80,8,92,178,86,True
94,7,92,178,86,True
20,7,93,178,85,True
46,7,93,178,85,True
63,7,93,178,85,True
78,2,93,178,85,True
96,3,93,178,85,True
35,5,94,178,84,True
42,3,94,178,84,True
52,3,94,178,84,True
64,10,94,178,84,True
88,4,94,178,84,True
93,7,94,178,84,True
54,6,95,178,83,True
56,5,95,178,83,True
28,3,96,178,82,True
51,6,96,178,82,True
70,4,96,178,82,True
84,4,96,178,82,True
57,9,97,178,81,True
78,3,97,178,81,True
93,8,97,178,81,True
43,8,98,178,80,True
57,10,98,178,80,True
67,9,98,178,80,True
74,5,98,178,80,True
84,5,98,178,80,True
99,5,98,178,80,True
7,2,99,178,79,True
11,6,99,178,79,True
21,3,99,178,79,True
42,4,99,246,147,True
92,5,99,178,79,True
96,4,99,178,79,True
7,3,100,178,78,True
52,4,100,178,78,True
55,4,100,178,78,True
67,10,100,178,78,True
76,6,100,178,78,True
99,6,100,178,78,True
0,3,101,178,77,True
5,5,101,178,77,True
8,5,101,178,77,True
17,5,101,178,77,True
28,4,101,178,77,True
46,8,101,178,77,True
62,5,101,178,77,True
84,6,101,178,77,True
85,8,101,178,77,True
94,8,101,178,77,True
8,6,102,178,76,True
14,7,102,246,144,True
27,2,102,178,76,True
88,5,102,178,76,True
93,9,102,238,136,True
12,5,103,178,75,True
20,8,103,178,75,True
31,5,103,178,75,True
54,7,103,178,75,True
55,5,103,178,75,True
59,9,103,178,75,True
63,8,103,178,75,True
65,9,103,178,75,True
66,7,103,178,75,True
70,5,103,178,75,True
74,6,103,178,75,True
19,7,104,178,74,True
20,9,104,178,74,True
69,3,104,178,74,True
78,4,104,178,74,True
89,8,104,178,74,True
91,4,104,178,74,True
5,6,105,178,73,True
14,8,105,246,141,True
18,10,105,246,141,True
22,8,105,246,141,True
54,8,105,178,73,True
11,7,106,178,72,True
42,5,106,246,140,True
51,7,106,178,72,True
61,7,106,178,72,True
95,6,106,178,72,True
20,10,107,178,71,True
33,6,107,246,139,True
96,5,107,178,71,True
42,6,109,246,137,True
58,5,109,178,69,True
98,6,109,178,69,True
5,7,110,178,68,True
32,6,110,193,83,True
60,5,110,178,68,True
91,5,110,178,68,True
8,7,111,178,67,True
27,3,111,246,135,True
31,6,111,246,135,True
34,7,111,178,67,True
57,11,111,178,67,True
7,4,112,246,134,True
9,9,112,246,134,True
29,7,112,178,66,True
81,7,112,178,66,True
34,8,113,178,65,True
54,9,113,178,65,True
64,11,113,193,80,True
71,3,113,238,125,True
82,8,113,178,65,True
86,4,113,238,125,True
97,8,113,178,65,True
9,10,114,246,132,True
18,11,114,246,132,True
28,5,114,178,64,True
55,6,114,178,64,True
2,7,115,246,131,True
5,8,115,178,63,True
22,9,115,246,131,True
59,10,115,238,123,True
79,4,115,178,63,True
36,6,116,178,62,True
43,9,116,178,62,True
53,2,116,178,62,True
60,6,116,178,62,True
75,6,116,238,122,True
77,5,116,238,122,True
87,7,116,238,122,True
99,7,116,178,62,True
27,4,117,246,129,True
29,8,117,246,129,True
33,7,117,246,129,True
86,5,117,238,121,True
10,6,118,178,60,True
72,6,118,178,60,True
19,8,119,178,59,True
20,11,119,178,59,True
66,8,119,178,59,True
84,7,119,178,59,True
12,6,120,193,73,True
33,8,120,246,126,True
44,6,120,246,126,True
48,6,120,246,126,True
52,5,120,178,58,True
72,7,120,178,58,True
93,10,120,238,118,True
16,7,121,178,57,True
27,5,121,246,125,True
30,5,121,246,125,True
59,11,121,238,117,True
61,8,121,238,117,True
78,5,121,193,72,True
85,9,121,178,57,True
91,6,121,238,117,True
37,5,122,246,124,True
39,3,122,246,124,True
52,6,122,178,56,True
61,9,122,238,116,True
77,6,122,238,116,True
86,6,122,238,116,True
17,6,123,246,123,True
69,4,123,238,115,True
2,8,124,246,122,True
41,6,124,178,54,True
70,6,124,238,114,True
5,9,125,246,121,True
31,7,125,246,121,True
54,10,125,193,68,True
69,5,125,238,113,True
74,7,125,238,113,True
77,7,125,238,113,True
81,8,125,238,113,True
97,9,125,178,53,True
99,8,125,238,113,True
58,6,126,178,52,True
70,7,126,238,112,True
1,6,127,246,119,True
36,7,127,178,51,True
85,10,127,178,51,True
8,8,128,246,118,True
29,9,128,246,118,True
54,11,128,193,65,True
63,9,128,238,110,True
70,8,128,238,110,True
90,5,128,238,110,True
13,8,129,178,49,True
18,12,129,246,117,True
20,12,129,246,117,True
40,5,129,178,49,True
44,7,129,246,117,True
75,7,129,238,109,True
63,10,130,238,108,True
91,7,130,238,108,True
41,7,131,178,47,True
42,7,131,246,115,True
59,12,131,238,107,True
60,7,131,238,107,True
68,5,131,238,107,True
85,11,131,193,62,True
33,9,132,246,114,True
41,8,132,178,46,True
49,7,132,246,114,True
57,12,132,262,130,True
63,11,132,238,106,True
75,8,132,238,106,True
99,9,132,238,106,True
77,8,133,238,105,True
78,6,133,193,60,True
91,8,133,238,105,True
9,11,134,246,112,True
25,10,134,246,112,True
33,10,134,246,112,True
82,9,134,238,104,True
87,8,134,238,104,True
94,9,134,262,128,True
99,10,134,238,104,True
0,4,135,246,111,True
65,10,135,238,103,True
68,6,135,238,103,True
81,9,135,238,103,True
14,9,136,246,110,True
21,4,136,193,57,True
27,6,136,246,110,True
35,6,136,246,110,True
54,12,136,238,102,True
79,5,136,238,102,True
85,12,136,193,57,True
24,7,137,246,109,True
34,9,137,246,109,True
48,7,137,246,109,True
85,13,137,193,56,True
93,11,137,262,125,True
94,10,137,262,125,True
1,7,138,246,108,True
5,10,138,246,108,True
34,10,138,246,108,True
48,8,138,246,108,True
15,6,139,246,107,True
18,13,139,246,107,True
59,13,139,238,99,True
77,9,139,238,99,True
5,11,140,246,106,True
28,6,140,246,106,True
32,7,140,246,106,True
79,6,140,238,98,True
18,14,141,246,105,True
21,5,141,193,52,True
85,14,141,238,97,True
94,11,141,262,121,True
21,6,142,193,51,True
39,4,142,246,104,True
97,10,142,238,96,True
56,6,143,262,119,True
26,8,144,246,102,True
44,8,144,246,102,True
45,6,144,246,102,True
48,9,144,246,102,True
50,4,144,238,94,True
52,7,144,238,94,True
86,7,144,238,94,True
95,7,144,238,94,True
8,9,145,246,101,True
13,9,145,246,101,True
56,7,145,262,117,True
69,6,145,238,93,True
71,4,145,238,93,True
12,7,146,246,100,True
40,6,146,246,100,True
66,9,146,238,92,True
91,9,146,262,116,True
97,11,146,238,92,True
98,7,146,238,92,True
4,1,147,246,99,True
11,8,147,246,99,True
44,9,147,246,99,True
73,3,147,193,46,True
82,10,147,238,91,True
92,6,147,238,91,True
51,8,148,238,90,True
63,12,148,238,90,True
84,8,148,238,90,True
25,11,149,246,97,True
33,11,149,310,161,True
67,11,149,238,89,True
69,7,149,238,89,True
75,9,149,262,113,True
7,5,150,246,96,True
18,15,150,246,96,True
30,6,150,246,96,True
38,4,150,246,96,True
82,11,150,238,88,True
48,10,151,246,95,True
58,7,151,238,87,True
68,7,151,238,87,True
62,6,152,193,41,True
89,9,152,238,86,True
95,8,152,238,86,True
49,8,153,246,93,True
75,10,153,262,109,True
84,9,153,238,85,True
86,8,153,262,109,True
13,10,154,246,92,True
17,7,154,310,156,True
45,7,154,246,92,True
46,9,154,246,92,True
60,8,154,238,84,True
71,5,154,262,108,True
87,9,154,262,108,True
10,7,155,246,91,True
46,10,155,246,91,True
77,10,155,262,107,True
79,7,155,238,83,True
26,9,156,246,90,True
1,8,157,246,89,True
16,8,157,246,89,True
20,13,157,310,153,True
81,10,157,262,105,True
98,8,157,238,81,True
17,8,158,310,152,True
28,7,158,246,88,True
36,8,158,246,88,True
45,8,158,246,88,True
0,5,159,246,87,True
22,10,159,246,87,True
62,7,159,238,79,True
87,10,159,262,103,True
92,7,159,262,103,True
32,8,160,246,86,True
37,6,160,246,86,True
64,12,160,262,102,True
81,11,160,262,102,True
98,9,160,238,78,True
48,11,161,246,85,True
56,8,161,262,101,True
60,9,161,262,101,True
79,8,161,238,77,True
89,10,161,238,77,True
17,9,162,310,148,True
61,10,162,262,100,True
65,11,162,262,100,True
32,9,163,246,83,True
67,12,163,262,99,True
93,12,163,262,99,True
44,10,164,310,146,True
17,10,165,310,145,True
29,10,165,310,145,True
39,5,165,310,145,True
85,15,165,262,97,True
20,14,166,310,144,True
40,7,166,246,80,True
47,10,166,246,80,True
58,8,166,262,96,True
65,12,166,262,96,True
76,7,166,262,96,True
3,6,167,246,79,True
19,9,167,246,79,True
24,8,167,310,143,True
32,10,167,246,79,True
58,9,167,262,95,True
60,10,167,262,95,True
66,10,167,238,71,True
77,11,167,262,95,True
10,8,168,310,142,True
14,10,168,246,78,True
39,6,168,310,142,True
71,6,168,262,94,True
88,6,168,262,94,True
93,13,168,262,94,True
0,6,169,246,77,True
8,10,169,246,77,True
11,9,169,310,141,True
28,8,169,310,141,True
69,8,169,238,69,True
77,12,169,262,93,True
82,12,169,238,69,True
13,11,170,310,140,True
15,7,170,246,76,True
19,10,170,246,76,True
42,8,170,310,140,True
43,10,170,246,76,True
44,11,170,310,140,True
2,9,171,310,139,True
3,7,171,246,75,True
13,12,171,310,139,True
19,11,171,246,75,True
29,11,171,310,139,True
44,12,171,310,139,True
46,11,171,310,139,True
62,8,171,238,67,True
84,10,171,238,67,True
88,7,171,262,91,True
94,12,171,262,91,True
17,11,172,310,138,True
34,11,172,310,138,True
80,9,172,262,90,True
88,8,172,262,90,True
5,12,173,310,137,True
10,9,173,310,137,True
55,7,173,262,89,True
69,9,173,262,89,True
93,14,173,262,89,True
98,10,173,262,89,True
6,5,174,310,136,True
50,5,174,262,88,True
86,9,174,262,88,True
94,13,174,262,88,True
55,8,175,262,87,True
82,13,175,262,87,True
4,2,176,310,134,True
8,11,176,246,70,True
31,8,176,310,134,True
40,8,176,310,134,True
58,10,176,262,86,True
67,13,176,262,86,True
11,10,177,310,133,True
16,9,177,310,133,True
21,7,177,246,69,True
40,9,177,310,133,True
90,6,177,262,85,True
92,8,177,262,85,True
49,9,178,246,68,True
88,9,178,262,84,True
93,15,178,262,84,True
5,13,179,310,131,True
23,4,179,310,131,True
24,9,179,310,131,True
54,13,179,262,83,True
67,14,179,262,83,True
93,16,179,262,83,True
14,11,180,310,130,True
26,10,180,310,130,True
81,12,180,262,82,True
35,7,181,246,65,True
37,7,181,310,129,True
91,10,181,262,81,True
93,17,181,262,81,True
25,12,182,310,128,True
33,12,182,310,128,True
46,12,182,310,128,True
56,9,182,262,80,True
68,8,182,262,80,True
84,11,182,262,80,True
85,16,182,262,80,True
4,3,183,310,127,True
5,14,183,310,127,True
14,12,183,310,127,True
29,12,183,310,127,True
44,13,183,310,127,True
46,13,183,310,127,True
48,12,183,310,127,True
67,15,183,262,79,True
10,10,184,310,126,True
28,9,184,310,126,True
56,10,184,262,78,True
71,7,184,262,78,True
96,6,184,262,78,True
6,6,185,310,125,True
7,6,185,310,125,True
14,13,185,310,125,True
15,8,185,310,125,True
23,5,185,310,125,True
39,7,185,310,125,True
44,14,185,310,125,True
66,11,185,262,77,True
10,11,186,310,124,True
15,9,186,310,124,True
18,16,186,310,124,True
28,10,186,310,124,True
50,6,186,262,76,True
8,12,187,310,123,True
81,13,187,262,75,True
90,7,187,262,75,True
95,9,187,262,75,True
47,11,188,310,122,True
59,14,188,262,74,True
62,9,188,262,74,True
90,8,188,262,74,True
94,14,188,262,74,True
95,10,188,317,129,True
3,8,189,310,121,True
7,7,189,310,121,True
26,11,189,310,121,True
27,7,189,310,121,True
43,11,189,310,121,True
51,9,189,262,73,True
91,11,189,262,73,True
48,13,190,310,120,True
60,11,190,262,72,True
71,8,190,262,72,True
99,11,190,317,127,True
44,15,191,310,119,True
66,12,191,262,71,True
79,9,191,262,71,True
2,10,192,310,118,True
37,8,192,310,118,True
39,8,192,310,118,True
46,14,192,310,118,True
52,8,192,262,70,True
79,10,192,262,70,True
80,10,192,262,70,True
0,7,193,310,117,True
10,12,193,310,117,True
21,8,193,310,117,True
39,9,193,310,117,True
54,14,193,262,69,True
60,12,193,262,69,True
76,8,193,317,124,True
29,13,194,310,116,True
34,12,194,310,116,True
39,10,194,310,116,True
42,9,194,310,116,True
90,9,194,317,123,True
1,9,195,310,115,True
17,12,195,310,115,True
26,12,195,310,115,True
47,12,195,310,115,True
58,11,195,262,67,True
72,8,195,317,122,True
1,10,196,310,114,True
9,12,196,310,114,True
27,8,196,310,114,True
41,9,196,310,114,True
43,12,196,310,114,True
52,9,196,262,66,True
61,11,196,317,121,True
65,13,196,317,121,True
70,9,196,262,66,True
99,12,196,317,121,True
3,9,197,310,113,True
21,9,197,310,113,True
39,11,197,310,113,True
59,15,197,317,120,True
63,13,197,317,120,True
89,11,197,317,120,True
5,15,198,310,112,True
9,13,198,310,112,True
30,7,198,310,112,True
49,10,198,310,112,True
79,11,198,317,119,True
9,14,199,310,111,True
16,10,199,310,111,True
32,11,199,310,111,True
63,14,199,317,118,True
75,11,199,317,118,True
91,12,199,317,118,True
1,11,200,310,110,True
12,8,200,310,110,True
23,6,200,310,110,True
33,13,200,310,110,True
67,16,200,317,117,True
78,7,200,262,62,True
3,10,201,310,109,True
19,12,201,310,109,True
25,13,201,310,109,True
33,14,201,310,109,True
68,9,201,317,116,True
15,10,202,310,108,True
25,14,202,310,108,True
28,11,202,310,108,True
53,3,202,317,115,True
76,9,202,317,115,True
77,13,202,317,115,True
78,8,202,262,60,True
99,13,202,317,115,True
21,10,203,310,107,True
40,10,203,310,107,True
44,16,203,310,107,True
59,16,203,317,114,True
76,10,203,317,114,True
93,18,203,317,114,True
4,4,204,310,106,True
14,14,204,310,106,True
24,10,204,310,106,True
46,15,204,310,106,True
90,10,204,317,113,True
0,8,205,310,105,True
7,8,205,310,105,True
16,11,205,310,105,True
20,15,205,310,105,True
28,12,205,310,105,True
30,8,205,310,105,True
47,13,205,310,105,True
56,11,205,317,112,True
61,12,205,317,112,True
75,12,205,317,112,True
81,14,205,317,112,True
97,12,205,262,57,True
37,9,206,310,104,True
41,10,206,310,104,True
42,10,206,310,104,True
70,10,206,262,56,True
89,12,207,317,110,True
7,9,208,310,102,True
32,12,208,310,102,True
45,9,208,310,102,True
71,9,208,317,109,True
31,9,209,310,101,True
39,12,209,310,101,True
45,10,209,310,101,True
63,15,209,317,108,True
8,13,210,310,100,True
36,9,210,310,100,True
39,13,210,310,100,True
6,7,211,310,99,True
22,11,211,310,99,True
46,16,211,310,99,True
99,14,211,317,106,True
16,12,212,310,98,True
41,11,212,310,98,True
70,11,212,262,50,True
15,11,213,310,97,True
44,17,213,341,128,True
59,17,213,317,104,True
63,16,213,317,104,True
66,13,213,262,49,True
87,11,213,317,104,True
10,13,214,310,96,True
39,14,214,310,96,True
42,11,214,310,96,True
72,9,214,317,103,True
91,13,214,317,103,True
4,5,215,310,95,True
17,13,215,310,95,True
19,13,215,310,95,True
34,13,215,310,95,True
43,13,215,310,95,True
53,4,215,317,102,True
60,13,215,317,102,True
90,11,215,317,102,True
92,9,215,317,102,True
0,9,216,310,94,True
7,10,216,310,94,True
48,14,216,341,125,True
69,10,216,317,101,True
74,8,216,337,121,True
97,13,216,317,101,True
17,14,217,310,93,True
31,10,217,310,93,True
45,11,217,310,93,True
83,5,217,317,100,True
97,14,217,317,100,True
22,12,218,310,92,True
28,13,218,341,123,True
43,14,218,310,92,True
62,10,218,262,44,True
79,12,218,317,99,True
81,15,218,317,99,True
2,11,219,341,122,True
16,13,219,310,91,True
20,16,219,310,91,True
24,11,219,310,91,True
33,15,219,310,91,True
55,9,219,317,98,True
70,12,219,317,98,True
71,10,219,317,98,True
9,15,220,341,121,True
30,9,220,341,121,True
45,12,220,310,90,True
63,17,220,317,97,True
12,9,221,310,89,True
26,13,221,341,120,True
32,13,221,310,89,True
33,16,221,310,89,True
37,10,221,310,89,True
68,10,221,317,96,True
87,12,221,337,116,True
24,12,222,310,88,True
73,4,222,317,95,True
78,9,222,317,95,True
85,17,222,317,95,True
88,10,222,317,95,True
94,15,222,317,95,True
96,7,222,337,115,True
37,11,223,310,87,True
42,12,223,310,87,True
37,12,224,310,86,True
44,18,224,341,117,True
70,13,224,317,93,True
6,8,225,310,85,True
18,17,225,341,116,True
25,15,225,310,85,True
12,10,226,310,84,True
32,14,226,310,84,True
38,5,226,310,84,True
47,14,226,310,84,True
58,12,226,317,91,True
73,5,226,317,91,True
96,8,226,337,111,True
6,9,227,310,83,True
13,13,227,310,83,True
15,12,227,310,83,True
19,14,227,310,83,True
37,13,227,310,83,True
44,19,227,341,114,True
41,12,228,310,82,True
67,17,228,337,109,True
71,11,228,317,89,True
86,10,228,317,89,True
10,14,229,341,112,True
13,14,229,310,81,True
55,10,229,317,88,True
77,14,229,317,88,True
16,14,230,310,80,True
24,13,230,341,111,True
35,8,230,310,80,True
51,10,230,317,87,True
76,11,230,337,107,True
36,10,231,310,79,True
45,13,231,310,79,True
63,18,231,337,106,True
80,11,231,317,86,True
90,12,231,317,86,True
13,15,232,310,78,True
15,13,232,310,78,True
17,15,232,341,109,True
29,14,232,341,109,True
61,13,232,337,105,True
36,11,233,310,77,True
41,13,233,310,77,True
64,13,233,317,84,True
83,6,233,317,84,True
18,18,234,341,107,True
22,13,234,341,107,True
40,11,234,310,76,True
43,15,234,310,76,True
44,20,234,341,107,True
83,7,234,317,83,True
84,12,234,317,83,True
91,14,234,337,103,True
93,19,234,380,146,True
95,11,234,317,83,True
24,14,235,341,106,True
28,14,235,341,106,True
72,10,235,337,102,True
90,13,235,317,82,True
96,9,235,337,102,True
16,15,236,310,74,True
20,17,236,341,105,True
27,9,236,341,105,True
60,14,236,317,81,True
12,11,237,310,73,True
25,16,237,310,73,True
72,11,237,337,100,True
87,13,237,337,100,True
32,15,238,310,72,True
46,17,238,341,103,True
54,15,238,317,79,True
98,11,238,317,79,True
7,11,239,341,102,True
29,15,239,341,102,True
41,14,239,310,71,True
47,15,239,310,71,True
53,5,239,337,98,True
61,14,239,337,98,True
5,16,240,341,101,True
20,18,240,341,101,True
24,15,240,341,101,True
26,14,240,341,101,True
28,15,240,341,101,True
44,21,240,341,101,True
57,13,240,337,97,True
66,14,240,317,77,True
80,12,240,317,77,True
82,14,240,317,77,True
85,18,240,317,77,True
5,17,241,341,100,True
28,16,241,341,100,True
52,10,241,317,76,True
61,15,241,337,96,True
87,14,241,337,96,True
47,16,242,310,68,True
57,14,242,337,95,True
59,18,242,317,75,True
91,15,242,337,95,True
98,12,242,380,138,True
21,11,243,310,67,True
84,13,243,317,74,True
88,11,243,337,94,True
20,19,244,341,97,True
39,15,244,341,97,True
46,18,244,341,97,True
70,14,244,317,73,True
86,11,244,337,93,True
27,10,245,341,96,True
32,16,245,310,65,True
67,18,245,337,92,True
71,12,245,337,92,True
90,14,245,317,72,True
8,14,246,310,64,True
38,6,246,310,64,True
45,14,246,310,64,True
73,6,246,317,71,True
1,12,247,341,94,True
79,13,247,317,70,True
6,10,248,341,93,True
14,15,248,310,62,True
16,16,248,341,93,True
42,13,248,310,62,True
81,16,248,337,89,True
60,15,249,337,88,True
62,11,249,317,68,True
69,11,249,317,68,True
78,10,249,317,68,True
99,15,249,317,68,True
3,11,250,310,60,True
8,15,250,310,60,True
12,12,250,310,60,True
16,17,250,341,91,True
31,11,250,359,109,True
40,12,250,310,60,True
45,15,250,310,60,True
56,12,250,337,87,True
67,19,250,337,87,True
1,13,251,341,90,True
8,16,251,310,59,True
44,22,251,341,90,True
97,15,251,317,66,True
5,18,252,359,107,True
11,11,252,341,89,True
33,17,252,341,89,True
34,14,252,341,89,True
53,6,252,337,85,True
66,15,252,317,65,True
92,10,252,337,85,True
37,14,253,341,88,True
45,16,253,310,57,True
91,16,253,337,84,True
44,23,254,341,87,True
69,12,254,317,63,True
72,12,254,337,83,True
49,11,255,310,55,True
50,7,255,337,82,True
62,12,255,317,62,True
81,17,255,337,82,True
84,14,255,317,62,True
96,10,255,337,82,True
34,15,256,341,85,True
35,9,256,341,85,True
54,16,256,337,81,True
90,15,256,337,81,True
5,19,257,359,102,True
7,12,257,341,84,True
18,19,257,359,102,True
29,16,257,341,84,True
41,15,257,310,53,True
62,13,257,317,60,True
63,19,257,337,80,True
71,13,257,337,80,True
78,11,257,317,60,True
81,18,257,337,80,True
85,19,257,317,60,True
60,16,258,337,79,True
68,11,258,317,59,True
99,16,258,337,79,True
9,16,259,341,82,True
23,7,259,341,82,True
29,17,259,341,82,True
44,24,259,359,100,True
54,17,259,337,78,True
61,16,259,380,121,True
62,14,259,317,58,True
91,17,259,380,121,True
92,11,259,337,78,True
95,12,259,337,78,True
11,12,260,359,99,True
19,15,260,341,81,True
51,11,260,317,57,True
56,13,260,337,77,True
61,17,260,380,120,True
63,20,260,337,77,True
76,12,260,337,77,True
96,11,260,380,120,True
22,14,261,341,80,True
66,16,261,337,76,True
68,12,261,317,56,True
36,12,262,341,79,True
44,25,262,359,97,True
69,13,262,337,75,True
81,19,262,380,118,True
83,8,262,337,75,True
9,17,263,359,96,True
72,13,263,337,74,True
82,15,263,337,74,True
91,18,263,386,123,True
1,14,264,341,77,True
7,13,264,341,77,True
19,16,264,341,77,True
53,7,264,380,116,True
54,18,264,337,73,True
71,14,264,337,73,True
84,15,264,317,53,True
9,18,265,359,94,True
19,17,265,341,76,True
34,16,265,341,76,True
39,16,265,341,76,True
72,14,265,337,72,True
81,20,265,380,115,True
18,20,266,359,93,True
22,15,266,359,93,True
37,15,266,341,75,True
81,21,266,380,114,True
4,6,267,341,74,True
26,15,267,359,92,True
57,15,267,386,119,True
95,13,267,380,113,True
22,16,268,359,91,True
57,16,268,386,118,True
94,16,268,380,112,True
98,13,268,380,112,True
46,19,269,341,72,True
80,13,269,337,68,True
91,19,269,386,117,True
20,20,270,359,89,True
53,8,270,380,110,True
93,20,270,386,116,True
82,16,271,337,66,True
87,15,271,380,109,True
91,20,271,386,115,True
12,13,272,341,69,True
22,17,272,359,87,True
58,13,272,337,65,True
78,12,272,337,65,True
92,12,272,380,108,True
10,15,273,359,86,True
18,21,273,379,106,True
34,17,273,341,68,True
41,16,273,341,68,True
50,8,273,386,113,True
57,17,273,386,113,True
82,17,273,337,64,True
93,21,273,386,113,True
10,16,274,359,85,True
16,18,274,341,67,True
60,17,274,337,63,True
14,16,275,341,66,True
15,14,275,341,66,True
93,22,275,386,111,True
98,14,275,380,105,True
21,12,276,317,41,True
27,11,276,359,83,True
31,12,276,359,83,True
52,11,276,380,104,True
85,20,276,357,81,True
89,13,276,380,104,True
9,19,277,359,82,True
31,13,277,359,82,True
44,26,277,359,82,True
59,19,277,337,60,True
67,20,277,386,109,True
96,12,277,386,109,True
62,15,278,337,59,True
71,15,278,386,108,True
74,9,278,386,108,True
86,12,278,386,108,True
98,15,278,380,102,True
0,10,279,341,62,True
47,17,279,341,62,True
59,20,279,337,58,True
19,18,280,359,79,True
81,22,280,386,106,True
85,21,280,357,77,True
93,23,280,386,106,True
96,13,280,386,106,True
1,15,281,359,78,True
3,12,281,341,60,True
7,14,281,359,78,True
28,17,281,359,78,True
35,10,281,341,60,True
63,21,281,386,105,True
64,14,281,380,99,True
73,7,281,380,99,True
80,14,281,380,99,True
25,17,282,341,59,True
39,17,282,359,77,True
41,17,282,341,59,True
57,18,282,386,104,True
91,21,282,386,104,True
15,15,283,341,58,True
29,18,283,359,76,True
43,16,283,359,76,True
46,20,283,359,76,True
96,14,283,386,103,True
1,16,284,359,75,True
9,20,284,379,95,True
27,12,284,359,75,True
37,16,284,359,75,True
57,19,284,386,102,True
95,14,284,386,102,True
9,21,285,379,94,True
31,14,285,359,74,True
37,17,285,359,74,True
42,14,285,359,74,True
76,13,285,386,101,True
99,17,285,380,95,True
6,11,286,359,73,True
17,16,286,359,73,True
47,18,286,341,55,True
57,20,286,386,100,True
76,14,286,386,100,True
1,17,287,359,72,True
12,14,287,357,70,True
18,22,287,379,92,True
22,18,287,359,72,True
26,16,287,359,72,True
29,19,287,359,72,True
46,21,287,359,72,True
87,16,287,386,99,True
95,15,287,386,99,True
0,11,288,341,53,True
12,15,288,357,69,True
24,16,288,359,71,True
35,11,288,341,53,True
58,14,288,380,92,True
1,18,289,359,70,True
15,16,289,359,70,True
20,21,289,359,70,True
40,13,289,341,52,True
43,17,289,359,70,True
77,15,289,386,97,True
28,18,290,379,89,True
47,19,290,341,51,True
71,16,290,386,96,True
72,15,290,386,96,True
37,18,291,359,68,True
46,22,291,359,68,True
62,16,291,357,66,True
88,12,291,386,95,True
54,19,292,380,88,True
64,15,292,380,88,True
66,17,292,380,88,True
95,16,292,386,94,True
8,17,293,359,66,True
14,17,293,359,66,True
17,17,293,359,66,True
48,15,293,359,66,True
22,19,294,359,65,True
30,10,294,379,85,True
32,17,294,359,65,True
48,16,294,359,65,True
52,12,294,380,86,True
91,22,294,406,112,True
4,7,295,359,64,True
18,23,295,379,84,True
33,18,295,359,64,True
68,13,295,380,85,True
95,17,295,386,91,True
3,13,296,357,61,True
21,13,296,357,61,True
36,13,296,359,63,True
66,18,296,380,84,True
92,13,296,386,90,True
1,19,297,359,62,True
4,8,297,359,62,True
17,18,297,359,62,True
40,14,297,341,44,True
52,13,297,380,83,True
45,17,298,357,59,True
54,20,298,386,88,True
57,21,298,386,88,True
66,19,298,380,82,True
89,14,298,386,88,True
93,24,298,505,207,True
11,13,299,359,60,True
33,19,299,359,60,True
47,20,299,359,60,True
87,17,299,406,107,True
84,16,300,380,80,True
35,12,301,380,79,True
46,23,302,379,77,True
19,19,303,359,56,True
24,17,303,379,76,True
53,9,303,386,83,True
59,21,303,439,136,True
99,18,303,439,136,True
22,20,304,359,55,True
33,20,304,379,75,True
55,11,304,386,82,True
19,20,305,359,54,True
57,22,305,406,101,True
79,14,305,380,75,True
18,24,306,433,127,True
56,14,306,406,100,True
78,13,306,380,74,True
80,15,306,380,74,True
91,23,306,505,199,True
9,22,307,379,72,True
65,14,307,386,79,True
87,18,307,406,99,True
8,18,308,359,51,True
24,18,308,379,71,True
84,17,308,380,72,True
20,22,309,379,70,True
45,18,309,380,71,True
52,14,309,380,71,True
77,16,309,406,97,True
79,15,309,439,130,True
80,16,309,380,71,True
92,14,309,386,77,True
3,14,310,359,49,True
20,23,310,379,69,True
62,17,310,380,70,True
14,18,311,359,48,True
49,12,311,359,48,True
57,23,311,406,95,True
72,16,311,406,95,True
87,19,311,406,95,True
97,16,311,386,75,True
38,7,312,359,47,True
50,9,312,386,74,True
59,22,312,439,127,True
64,16,312,386,74,True
30,11,313,379,66,True
67,21,313,406,93,True
75,13,313,439,126,True
21,14,314,380,66,True
43,18,314,433,119,True
60,18,314,386,72,True
63,22,314,406,92,True
81,23,314,406,92,True
85,22,314,386,72,True
15,17,315,359,44,True
19,21,315,379,64,True
22,21,315,379,64,True
40,15,315,359,44,True
51,12,315,386,71,True
68,14,315,439,124,True
88,13,315,406,91,True
92,15,315,406,91,True
95,18,315,406,91,True
11,14,316,379,63,True
68,15,316,439,123,True
87,20,316,406,90,True
92,16,316,406,90,True
99,19,316,439,123,True
2,12,317,379,62,True
20,24,317,379,62,True
45,19,317,380,63,True
79,16,317,439,122,True
88,14,317,406,89,True
5,20,318,433,115,True
24,19,318,379,61,True
39,18,318,379,61,True
52,15,318,386,68,True
71,17,318,406,88,True
73,8,318,406,88,True
77,17,318,439,121,True
82,18,318,439,121,True
95,19,318,406,88,True
0,12,319,380,61,True
30,12,319,379,60,True
39,19,319,379,60,True
55,12,319,386,67,True
78,14,319,386,67,True
1,20,320,433,113,True
22,22,320,433,113,True
60,19,320,386,66,True
63,23,320,406,86,True
40,16,321,359,38,True
71,18,321,406,85,True
14,19,322,433,111,True
33,21,322,433,111,True
45,20,322,380,58,True
46,24,322,379,57,True
68,16,322,439,117,True
75,14,322,439,117,True
17,19,323,379,56,True
36,14,323,433,110,True
42,15,323,379,56,True
3,15,324,380,56,True
9,23,324,433,109,True
10,17,324,379,55,True
23,8,324,386,62,True
66,20,324,386,62,True
84,18,324,386,62,True
91,24,324,505,181,True
23,9,325,386,61,True
30,13,325,379,54,True
44,27,325,433,108,True
54,21,325,406,81,True
17,20,326,379,53,True
22,23,326,433,107,True
25,18,326,379,53,True
30,14,326,433,107,True
63,24,326,406,80,True
91,25,326,505,179,True
19,22,327,433,106,True
35,13,327,380,53,True
42,16,327,379,52,True
50,10,327,439,112,True
28,19,328,433,105,True
85,23,328,406,78,True
13,16,329,380,51,True
30,15,329,433,104,True
97,17,329,406,77,True
12,16,330,386,56,True
26,17,330,485,155,True
27,13,330,433,103,True
35,14,330,380,50,True
42,17,330,379,49,True
45,21,330,380,50,True
50,11,330,439,109,True
59,23,330,439,109,True
61,18,330,439,109,True
71,19,330,439,109,True
80,17,330,406,76,True
16,19,331,379,48,True
66,21,331,386,55,True
2,13,332,433,101,True
8,19,332,433,101,True
9,24,332,433,101,True
32,18,332,386,54,True
56,15,332,439,107,True
58,15,332,406,74,True
32,19,333,386,53,True
35,15,333,380,47,True
48,17,333,379,46,True
88,15,333,439,106,True
92,17,333,439,106,True
40,17,334,380,46,True
50,12,334,439,105,True
94,17,334,439,105,True
2,14,335,433,98,True
34,18,335,433,98,True
35,16,335,380,45,True
50,13,335,439,104,True
66,22,335,406,71,True
83,9,335,439,104,True
88,16,335,439,104,True
92,18,335,439,104,True
35,17,336,380,44,True
65,15,336,439,103,True
9,25,337,433,96,True
16,20,337,380,43,True
53,10,337,439,102,True
75,15,337,505,168,True
82,19,337,439,102,True
2,15,338,485,147,True
24,20,338,433,95,True
29,20,338,433,95,True
50,14,338,439,101,True
53,11,338,439,101,True
95,20,338,439,101,True
12,17,339,386,47,True
21,15,339,386,47,True
22,24,339,433,94,True
30,16,339,433,94,True
34,19,339,433,94,True
59,24,339,439,100,True
62,18,339,406,67,True
65,16,339,439,100,True
12,18,340,386,46,True
39,20,340,433,93,True
41,18,340,380,40,True
65,17,340,439,99,True
66,23,340,406,66,True
98,16,340,406,66,True
99,20,340,439,99,True
14,20,341,433,92,True
46,25,341,433,92,True
50,15,341,505,164,True
10,18,342,433,91,True
37,19,342,433,91,True
55,13,342,406,64,True
74,10,342,439,97,True
80,18,342,406,64,True
23,10,343,386,43,True
27,14,343,433,90,True
38,8,343,433,90,True
49,13,343,380,37,True
54,22,343,406,63,True
99,21,343,439,96,True
13,17,344,485,141,True
26,18,344,485,141,True
28,20,344,433,89,True
33,22,344,433,89,True
60,20,345,406,61,True
94,18,345,439,94,True
22,25,346,433,87,True
36,15,346,433,87,True
39,21,346,433,87,True
11,15,347,433,86,True
35,18,347,386,39,True
43,19,347,433,86,True
56,16,347,505,158,True
2,16,348,485,137,True
26,19,348,485,137,True
36,16,348,433,85,True
78,15,348,406,58,True
25,19,349,433,84,True
48,18,349,433,84,True
55,14,349,406,57,True
65,18,349,505,156,True
67,22,349,505,156,True
70,15,349,406,57,True
80,19,349,406,57,True
86,13,349,505,156,True
92,19,349,505,156,True
6,12,350,433,83,True
14,21,350,433,83,True
73,9,350,406,56,True
74,11,350,439,89,True
83,10,350,439,89,True
89,15,350,439,89,True
48,19,351,433,82,True
58,16,351,406,55,True
86,14,351,505,154,True
91,26,351,505,154,True
27,15,352,485,133,True
54,23,352,406,54,True
60,21,352,406,54,True
85,24,352,406,54,True
96,15,352,505,153,True
97,18,352,406,54,True
26,20,353,485,132,True
57,24,353,505,152,True
80,20,353,406,53,True
22,26,354,433,79,True
41,19,354,433,79,True
52,16,354,433,79,True
81,24,354,505,151,True
83,11,354,439,85,True
90,16,354,439,85,True
0,13,355,433,78,True
49,14,355,433,78,True
56,17,355,505,150,True
23,11,356,433,77,True
29,21,356,485,129,True
36,17,356,485,129,True
43,20,356,433,77,True
49,15,356,433,77,True
85,25,356,406,50,True
12,19,357,433,76,True
13,18,357,485,128,True
27,16,357,485,128,True
35,19,357,433,76,True
47,21,357,433,76,True
65,19,357,505,148,True
71,20,357,505,148,True
50,16,358,505,147,True
82,20,358,505,147,True
10,19,359,485,126,True
16,21,359,433,74,True
37,20,359,433,74,True
78,16,359,406,47,True
94,19,359,505,146,True
31,15,360,485,125,True
64,17,360,406,46,True
86,15,360,505,145,True
87,21,360,505,145,True
6,13,361,485,124,True
15,18,361,485,124,True
22,27,361,485,124,True
24,21,361,485,124,True
25,20,361,433,72,True
52,17,361,439,78,True
69,14,361,439,78,True
82,21,361,505,144,True
91,27,361,594,233,True
92,20,361,505,144,True
2,17,362,485,123,True
11,16,362,485,123,True
12,20,362,433,71,True
22,28,362,485,123,True
37,21,362,485,123,True
51,13,362,505,143,True
76,15,362,505,143,True
89,16,362,505,143,True
1,21,363,485,122,True
2,18,363,485,122,True
37,22,363,485,122,True
38,9,363,433,70,True
70,16,363,439,76,True
78,17,363,406,43,True
85,26,363,406,43,True
86,16,363,505,142,True
87,22,363,505,142,True
91,28,363,594,231,True
3,16,364,433,69,True
56,18,364,594,230,True
66,24,364,433,69,True
68,17,364,439,75,True
72,17,365,505,140,True
80,21,365,406,41,True
90,17,365,505,140,True
16,22,366,433,67,True
20,25,366,485,119,True
44,28,366,485,119,True
69,15,366,439,73,True
90,18,366,505,139,True
29,22,367,485,118,True
41,20,367,433,66,True
51,14,367,505,138,True
97,19,367,439,72,True
18,25,368,485,117,True
35,20,368,433,65,True
4,9,369,485,116,True
39,22,369,485,116,True
41,21,369,433,64,True
53,12,369,505,136,True
68,18,369,505,136,True
97,20,369,439,70,True
98,17,369,439,70,True
19,23,370,485,115,True
24,22,370,485,115,True
25,21,370,485,115,True
38,10,370,433,63,True
58,17,370,406,36,True
75,16,370,594,224,True
80,22,370,406,36,True
2,19,371,485,114,True
31,16,371,485,114,True
39,23,371,485,114,True
49,16,371,433,62,True
64,18,371,505,134,True
76,16,371,505,134,True
81,25,371,505,134,True
6,14,372,485,113,True
70,17,372,439,67,True
10,20,373,485,112,True
49,17,373,433,60,True
59,25,373,439,66,True
26,21,374,485,111,True
60,22,374,505,131,True
66,25,374,433,59,True
70,18,374,439,65,True
76,17,374,505,131,True
27,17,375,485,110,True
33,23,375,485,110,True
39,24,375,485,110,True
59,26,375,439,64,True
16,23,376,485,109,True
19,24,376,485,109,True
25,22,376,485,109,True
28,21,376,485,109,True
40,18,376,485,109,True
61,19,376,505,129,True
81,26,376,505,129,True
92,21,376,505,129,True
13,19,377,485,108,True
29,23,377,485,108,True
53,13,377,505,128,True
81,27,377,505,128,True
7,15,378,485,107,True
11,17,378,485,107,True
30,17,378,485,107,True
39,25,378,485,107,True
44,29,378,485,107,True
71,21,378,594,216,True
31,17,379,485,106,True
37,23,379,485,106,True
12,21,380,485,105,True
15,19,380,485,105,True
32,20,380,485,105,True
44,30,380,485,105,True
51,15,380,505,125,True
60,23,380,505,125,True
67,23,380,505,125,True
8,20,381,485,104,True
22,29,381,485,104,True
24,23,381,485,104,True
95,21,381,505,124,True
8,21,382,485,103,True
74,12,382,505,123,True
79,17,382,505,123,True
95,22,382,505,123,True
4,10,383,485,102,True
8,22,383,485,102,True
84,19,383,439,56,True
50,17,384,505,121,True
71,22,384,594,210,True
73,10,384,439,55,True
3,17,385,485,100,True
13,20,385,485,100,True
60,24,385,505,120,True
62,19,385,485,100,True
92,22,385,505,120,True
3,18,386,485,99,True
11,18,386,485,99,True
21,16,386,485,99,True
38,11,386,485,99,True
57,25,386,594,208,True
79,18,386,505,119,True
85,27,386,505,119,True
2,20,387,485,98,True
4,11,387,485,98,True
7,16,387,485,98,True
12,22,387,485,98,True
15,20,387,485,98,True
26,22,387,582,195,True
53,14,387,505,118,True
58,18,387,505,118,True
60,25,387,505,118,True
67,24,387,505,118,True
79,19,387,505,118,True
3,19,388,485,97,True
22,30,388,485,97,True
34,20,388,495,107,True
35,21,388,485,97,True
44,31,388,495,107,True
71,23,388,594,206,True
79,20,388,505,117,True
17,21,389,485,96,True
19,25,389,485,96,True
75,17,389,594,205,True
86,17,389,594,205,True
15,21,390,485,95,True
41,22,390,485,95,True
52,18,390,505,115,True
79,21,390,505,115,True
86,18,390,594,204,True
11,19,391,485,94,True
49,18,391,485,94,True
86,19,391,594,203,True
89,17,391,505,114,True
2,21,392,485,93,True
4,12,392,495,103,True
18,26,392,485,93,True
27,18,392,485,93,True
34,21,392,495,103,True
44,32,392,495,103,True
54,24,392,505,113,True
89,18,392,505,113,True
92,23,392,505,113,True
94,20,392,594,202,True
95,23,392,505,113,True
6,15,393,485,92,True
24,24,394,485,91,True
27,19,394,495,101,True
31,18,394,485,91,True
58,19,394,505,111,True
65,20,394,505,111,True
36,18,395,485,90,True
43,21,395,495,100,True
60,26,395,505,110,True
79,22,395,505,110,True
86,20,395,594,199,True
93,25,395,594,199,True
99,22,395,505,110,True
23,12,396,485,89,True
72,18,396,505,109,True
85,28,396,505,109,True
96,16,396,594,198,True
9,26,397,485,88,True
20,26,397,495,98,True
22,31,397,485,88,True
24,25,397,495,98,True
77,18,397,594,197,True
22,32,398,485,87,True
29,24,398,485,87,True
59,27,398,505,107,True
91,29,398,594,196,True
92,24,398,505,107,True
10,21,399,485,86,True
12,23,399,485,86,True
62,20,399,505,106,True
99,23,399,505,106,True
21,17,400,485,85,True
2,22,401,495,94,True
31,19,401,495,94,True
34,22,401,495,94,True
47,22,401,485,84,True
68,19,401,505,104,True
92,25,401,505,104,True
94,21,401,594,193,True
33,24,402,495,93,True
57,26,402,594,192,True
62,21,402,505,103,True
90,19,402,505,103,True
9,27,403,495,92,True
70,19,403,594,191,True
79,23,403,505,102,True
96,17,403,594,191,True
7,17,404,495,91,True
24,26,404,495,91,True
40,19,404,485,81,True
41,23,404,495,91,True
44,33,404,495,91,True
56,19,404,594,190,True
68,20,404,505,101,True
16,24,405,485,80,True
21,18,405,485,80,True
39,26,405,495,90,True
44,34,405,495,90,True
77,19,405,594,189,True
94,22,405,594,189,True
96,18,405,594,189,True
12,24,406,485,79,True
43,22,406,495,89,True
64,19,406,505,99,True
72,19,406,505,99,True
79,24,406,505,99,True
84,20,406,505,99,True
7,18,407,495,88,True
24,27,407,495,88,True
38,12,407,485,78,True
9,28,408,495,87,True
13,21,408,485,77,True
21,19,408,485,77,True
30,18,408,495,87,True
34,23,408,495,87,True
51,16,408,505,97,True
81,28,408,594,186,True
29,25,409,495,86,True
42,18,409,495,86,True
70,20,409,594,185,True
78,18,409,505,96,True
85,29,409,505,96,True
4,13,410,495,85,True
23,13,410,485,75,True
27,20,410,495,85,True
69,16,410,505,95,True
76,18,410,594,184,True
93,26,410,594,184,True
14,22,411,495,84,True
15,22,411,485,74,True
44,35,411,495,84,True
52,19,411,505,94,True
61,20,411,594,183,True
63,25,411,594,183,True
23,14,412,485,73,True
38,13,412,485,73,True
45,22,412,485,73,True
48,20,412,495,83,True
53,15,412,594,182,True
66,26,412,505,93,True
73,11,412,505,93,True
80,23,412,505,93,True
81,29,412,594,182,True
36,19,413,495,82,True
65,21,413,594,181,True
14,23,414,495,81,True
33,25,414,495,81,True
41,24,414,495,81,True
63,26,414,594,180,True
64,20,414,505,91,True
25,23,415,495,80,True
56,20,415,594,179,True
26,23,416,582,166,True
30,19,416,495,79,True
36,20,416,495,79,True
93,27,416,594,178,True
88,17,417,594,177,True
98,18,417,594,177,True
17,22,418,495,77,True
26,24,418,582,164,True
41,25,418,495,77,True
49,19,418,495,77,True
70,21,418,594,176,True
77,20,418,594,176,True
84,21,418,505,87,True
2,23,419,495,76,True
3,20,419,485,66,True
4,14,419,495,76,True
8,23,419,495,76,True
30,20,419,495,76,True
32,21,419,485,66,True
34,24,419,495,76,True
38,14,419,495,76,True
41,26,419,495,76,True
42,19,419,495,76,True
54,25,419,594,175,True
72,20,419,594,175,True
83,12,419,505,86,True
86,21,419,594,175,True
99,24,419,505,86,True
20,27,420,495,75,True
25,24,420,495,75,True
26,25,420,582,162,True
31,20,420,500,80,True
34,25,420,582,162,True
64,21,420,594,174,True
68,21,420,594,174,True
85,30,420,505,85,True
88,18,420,594,174,True
1,22,421,495,74,True
34,26,421,582,161,True
55,15,421,594,173,True
8,24,422,495,73,True
56,21,422,594,172,True
62,22,422,505,83,True
64,22,422,594,172,True
88,19,422,594,172,True
92,26,422,594,172,True
30,21,423,495,72,True
0,14,424,495,71,True
15,23,424,495,71,True
94,23,424,594,170,True
98,19,424,594,170,True
99,25,424,505,81,True
13,22,425,495,70,True
35,22,425,500,75,True
36,21,425,495,70,True
41,27,425,495,70,True
42,20,425,495,70,True
45,23,425,500,75,True
68,22,425,594,169,True
78,19,425,594,169,True
18,27,426,495,69,True
28,22,426,495,69,True
73,12,426,594,168,True
80,24,426,594,168,True
84,22,426,505,79,True
28,23,427,495,68,True
58,20,427,594,167,True
62,23,427,505,78,True
64,23,427,594,167,True
65,22,427,594,167,True
8,25,428,495,67,True
10,22,428,495,67,True
13,23,428,495,67,True
15,24,428,495,67,True
39,27,428,495,67,True
60,27,428,594,166,True
65,23,428,594,166,True
52,20,429,505,76,True
67,25,429,594,165,True
91,30,429,594,165,True
38,15,430,495,65,True
44,36,430,495,65,True
53,16,430,594,164,True
67,26,430,594,164,True
70,22,430,594,164,True
76,19,430,594,164,True
30,22,431,495,64,True
35,23,431,500,69,True
38,16,431,495,64,True
56,22,431,594,163,True
77,21,431,594,163,True
33,26,432,500,68,True
35,24,432,500,68,True
36,22,432,495,63,True
61,21,432,594,162,True
65,24,432,594,162,True
94,24,432,594,162,True
99,26,432,594,162,True
68,23,433,594,161,True
12,25,434,500,66,True
10,23,435,495,60,True
13,24,435,582,147,True
21,20,435,505,70,True
38,17,435,495,60,True
46,26,435,500,65,True
64,24,435,594,159,True
65,25,435,594,159,True
91,31,435,594,159,True
16,25,436,495,59,True
22,33,436,495,59,True
31,21,436,582,146,True
43,23,436,495,59,True
67,27,436,594,158,True
73,13,436,594,158,True
77,22,436,594,158,True
94,25,436,594,158,True
28,24,437,495,58,True
44,37,437,582,145,True
48,21,437,495,58,True
39,28,438,495,57,True
3,21,439,500,61,True
4,15,439,495,56,True
18,28,439,582,143,True
36,23,439,495,56,True
74,13,439,594,155,True
95,24,439,594,155,True
9,29,440,582,142,True
13,25,440,582,142,True
29,26,440,582,142,True
46,27,440,500,60,True
48,22,440,495,55,True
71,24,440,594,154,True
73,14,440,594,154,True
77,23,440,594,154,True
89,19,440,594,154,True
24,28,441,495,54,True
72,21,441,594,153,True
78,20,441,594,153,True
80,25,441,594,153,True
86,22,441,594,153,True
3,22,442,500,58,True
11,20,442,495,53,True
51,17,442,594,152,True
74,14,442,594,152,True
76,20,442,594,152,True
84,23,442,594,152,True
91,32,442,594,152,True
7,19,443,582,139,True
47,23,443,561,118,True
74,15,443,594,151,True
80,26,443,594,151,True
82,22,443,594,151,True
88,20,443,594,151,True
89,20,443,594,151,True
29,27,444,582,138,True
37,24,444,500,56,True
61,22,444,594,150,True
11,21,445,582,137,True
25,25,445,500,55,True
87,23,445,594,149,True
15,25,446,500,54,True
44,38,446,582,136,True
58,21,446,594,148,True
63,27,446,594,148,True
66,27,446,594,148,True
89,21,446,594,148,True
96,19,446,637,191,True
34,27,447,582,135,True
68,24,447,594,147,True
81,30,447,594,147,True
8,26,448,561,113,True
42,21,448,582,134,True
49,20,448,582,134,True
54,26,448,594,146,True
57,27,448,594,146,True
64,25,448,594,146,True
65,26,448,594,146,True
66,28,448,594,146,True
83,13,448,594,146,True
23,15,449,561,112,True
30,23,449,582,133,True
36,24,449,500,51,True
38,18,449,582,133,True
40,20,449,500,51,True
50,18,449,594,145,True
75,18,449,594,145,True
81,31,449,594,145,True
85,31,449,594,145,True
10,24,450,582,132,True
19,26,450,500,50,True
44,39,450,582,132,True
72,22,450,594,144,True
85,32,450,594,144,True
21,21,451,505,54,True
92,27,451,594,143,True
48,23,452,582,130,True
87,24,452,594,142,True
6,16,453,582,129,True
36,25,453,582,129,True
43,24,453,582,129,True
61,23,453,594,141,True
78,21,453,594,141,True
83,14,453,594,141,True
94,26,453,594,141,True
36,26,454,582,128,True
69,17,454,594,140,True
47,24,455,561,106,True
97,21,455,594,139,True
15,26,456,582,126,True
36,27,456,582,126,True
41,28,456,582,126,True
62,24,456,594,138,True
66,29,456,594,138,True
82,23,456,594,138,True
94,27,456,594,138,True
43,25,457,582,125,True
57,28,457,594,137,True
59,28,457,594,137,True
66,30,457,594,137,True
68,25,457,594,137,True
76,21,457,637,180,True
90,20,457,594,137,True
6,17,458,582,124,True
49,21,458,582,124,True
64,26,458,594,136,True
67,28,458,594,136,True
86,23,458,594,136,True
93,28,458,637,179,True
17,23,459,582,123,True
27,21,459,582,123,True
45,24,459,561,102,True
48,24,459,582,123,True
62,25,459,594,135,True
3,23,460,561,101,True
34,28,460,582,122,True
42,22,460,582,122,True
57,29,460,637,177,True
9,30,461,582,121,True
57,30,461,637,176,True
59,29,461,594,133,True
16,26,462,561,99,True
17,24,462,582,120,True
33,27,462,582,120,True
48,25,462,582,120,True
55,16,462,594,132,True
80,27,462,594,132,True
12,26,463,582,119,True
13,26,463,582,119,True
15,27,463,582,119,True
21,22,463,561,98,True
39,29,463,582,119,True
75,19,463,637,174,True
82,24,463,594,131,True
34,29,464,582,118,True
50,19,464,637,173,True
59,30,464,594,130,True
78,22,464,594,130,True
2,24,465,582,117,True
5,21,465,582,117,True
46,28,465,582,117,True
58,22,465,594,129,True
37,25,466,582,116,True
60,28,466,594,128,True
84,24,466,594,128,True
91,33,466,637,171,True
3,24,467,582,115,True
9,31,467,582,115,True
17,25,467,582,115,True
37,26,467,582,115,True
38,19,467,582,115,True
53,17,467,637,170,True
57,31,467,637,170,True
74,16,467,637,170,True
79,25,467,594,127,True
85,33,467,594,127,True
26,26,468,582,114,True
52,21,468,594,126,True
70,23,468,594,126,True
87,25,468,637,169,True
5,22,469,582,113,True
22,34,469,582,113,True
54,27,469,594,125,True
57,32,469,637,168,True
61,24,469,637,168,True
93,29,469,637,168,True
13,27,470,582,112,True
88,21,470,637,167,True
6,18,471,582,111,True
12,27,471,582,111,True
16,27,471,582,111,True
70,24,471,594,123,True
73,15,471,594,123,True
78,23,471,594,123,True
1,23,472,582,110,True
4,16,472,582,110,True
7,20,472,582,110,True
18,29,472,582,110,True
46,29,472,582,110,True
49,22,472,582,110,True
62,26,472,594,122,True
87,26,472,637,165,True
90,21,472,594,122,True
29,28,473,582,109,True
62,27,473,594,121,True
75,20,473,637,164,True
78,24,473,594,121,True
94,28,473,637,164,True
98,20,473,594,121,True
18,30,474,582,108,True
29,29,474,582,108,True
50,20,474,637,163,True
57,33,474,637,163,True
73,16,474,594,120,True
83,15,474,594,120,True
13,28,475,582,107,True
77,24,475,637,162,True
38,20,476,582,106,True
40,21,476,582,106,True
59,31,476,594,118,True
1,24,477,582,105,True
46,30,477,582,105,True
62,28,477,594,117,True
63,28,477,637,160,True
42,23,478,582,104,True
27,22,479,582,103,True
41,29,479,582,103,True
47,25,479,582,103,True
95,25,479,637,158,True
99,27,479,594,115,True
3,25,480,582,102,True
6,19,480,674,194,True
28,25,480,582,102,True
50,21,480,637,157,True
86,24,480,637,157,True
0,15,481,582,101,True
23,16,481,582,101,True
28,26,481,582,101,True
33,28,481,582,101,True
42,24,481,582,101,True
56,23,481,637,156,True
59,32,481,594,113,True
73,17,481,594,113,True
10,25,482,582,100,True
22,35,482,582,100,True
67,29,482,637,155,True
85,34,482,594,112,True
87,27,482,637,155,True
10,26,483,582,99,True
19,27,483,582,99,True
49,23,483,582,99,True
74,17,483,637,154,True
91,34,483,637,154,True
0,16,484,582,98,True
36,28,484,582,98,True
62,29,484,594,110,True
64,27,484,594,110,True
89,22,484,637,153,True
15,28,485,582,97,True
32,22,485,582,97,True
34,30,485,582,97,True
72,23,485,637,152,True
78,25,485,594,109,True
79,26,485,594,109,True
63,29,486,637,151,True
14,24,487,582,95,True
31,22,487,582,95,True
42,25,487,582,95,True
60,29,487,594,107,True
3,26,488,582,94,True
5,23,488,582,94,True
13,29,488,582,94,True
34,31,488,674,186,True
40,22,488,582,94,True
54,28,488,594,106,True
80,28,488,594,106,True
8,27,489,582,93,True
17,26,489,582,93,True
35,25,489,582,93,True
84,25,489,594,105,True
20,28,490,582,92,True
46,31,490,582,92,True
55,17,490,594,104,True
58,23,490,594,104,True
93,30,490,694,204,True
99,28,490,594,104,True
1,25,491,674,183,True
37,27,491,674,183,True
46,32,491,582,91,True
63,30,491,637,146,True
32,23,492,582,90,True
44,40,492,582,90,True
79,27,492,594,102,True
80,29,492,594,102,True
86,25,492,637,145,True
17,27,493,674,181,True
56,24,493,637,144,True
70,25,493,594,101,True
30,24,494,582,88,True
45,25,494,582,88,True
51,18,494,594,100,True
60,30,494,594,100,True
61,25,494,637,143,True
79,28,494,594,100,True
86,26,494,637,143,True
90,22,494,594,100,True
20,29,495,582,87,True
34,32,495,674,179,True
59,33,495,594,99,True
69,18,495,594,99,True
70,26,495,594,99,True
96,20,495,637,142,True
9,32,496,674,178,True
19,28,496,674,178,True
33,29,496,674,178,True
43,26,496,582,86,True
45,26,496,582,86,True
48,26,496,582,86,True
62,30,496,594,98,True
14,25,497,582,85,True
15,29,497,674,177,True
18,31,497,674,177,True
35,26,497,674,177,True
45,27,497,582,85,True
56,25,497,637,140,True
71,25,497,637,140,True
72,24,497,637,140,True
98,21,497,594,97,True
31,23,498,674,176,True
78,26,498,637,139,True
84,26,498,594,96,True
87,28,498,637,139,True
13,30,499,582,83,True
51,19,499,594,95,True
85,35,499,594,95,True
3,27,500,582,82,True
18,32,500,674,174,True
22,36,500,674,174,True
25,26,500,674,174,True
50,22,500,637,137,True
52,22,500,594,94,True
57,34,500,637,137,True
81,32,500,637,137,True
21,23,501,582,81,True
50,23,501,637,136,True
19,29,502,674,172,True
58,24,502,594,92,True
91,35,502,694,192,True
1,26,503,674,171,True
3,28,503,582,79,True
4,17,503,674,171,True
30,25,503,674,171,True
46,33,503,674,171,True
66,31,503,594,91,True
70,27,503,594,91,True
71,26,503,637,134,True
72,25,503,637,134,True
4,18,504,674,170,True
15,30,504,674,170,True
25,27,504,674,170,True
50,24,504,637,133,True
52,23,504,594,90,True
55,18,504,637,133,True
91,36,504,694,190,True
48,27,505,674,169,True
69,19,505,594,89,True
98,22,505,637,132,True
48,28,506,674,168,True
65,27,506,637,131,True
82,25,506,594,88,True
87,29,506,637,131,True
99,29,506,594,88,True
4,19,507,674,167,True
70,28,507,594,87,True
90,23,507,694,187,True
49,24,508,674,166,True
65,28,508,637,129,True
72,26,508,637,129,True
77,25,508,694,186,True
99,30,508,594,86,True
0,17,509,674,165,True
8,28,509,674,165,True
20,30,509,674,165,True
34,33,509,674,165,True
98,23,509,637,128,True
9,33,510,674,164,True
68,26,510,694,184,True
83,16,510,694,184,True
89,23,510,637,127,True
92,28,510,637,127,True
13,31,511,674,163,True
36,29,511,674,163,True
66,32,511,594,83,True
73,18,511,594,83,True
84,27,511,594,83,True
5,24,512,674,162,True
6,20,512,674,162,True
55,19,512,637,125,True
79,29,512,694,182,True
99,31,512,694,182,True
28,27,513,674,161,True
55,20,513,637,124,True
96,21,513,637,124,True
21,24,514,674,160,True
77,26,514,694,180,True
81,33,514,637,123,True
24,29,515,674,159,True
27,23,515,674,159,True
56,26,515,694,179,True
72,27,515,637,122,True
78,27,515,637,122,True
24,30,516,674,158,True
29,30,516,674,158,True
40,23,516,674,158,True
56,27,516,694,178,True
66,33,516,594,78,True
35,27,517,674,157,True
47,26,517,674,157,True
69,20,517,694,177,True
76,22,517,694,177,True
89,24,517,694,177,True
63,31,518,637,119,True
75,21,518,694,176,True
76,23,518,694,176,True
91,37,518,694,176,True
9,34,519,674,155,True
10,27,519,674,155,True
32,24,519,674,155,True
43,27,519,674,155,True
60,31,519,637,118,True
69,21,519,694,175,True
72,28,519,637,118,True
81,34,519,637,118,True
3,29,520,674,154,True
34,34,520,674,154,True
40,24,520,674,154,True
47,27,520,674,154,True
77,27,520,694,174,True
88,22,520,637,117,True
14,26,521,674,153,True
20,31,521,674,153,True
33,30,521,674,153,True
35,28,521,674,153,True
40,25,521,674,153,True
74,18,521,637,116,True
12,28,522,674,152,True
44,41,522,674,152,True
68,27,522,694,172,True
85,36,522,637,115,True
99,32,522,694,172,True
12,29,523,674,151,True
30,26,523,674,151,True
46,34,523,674,151,True
13,32,524,674,150,True
31,24,524,674,150,True
48,29,524,674,150,True
49,25,524,674,150,True
76,24,524,694,170,True
79,30,524,694,170,True
98,24,524,694,170,True
26,27,525,674,149,True
53,18,525,694,169,True
76,25,525,694,169,True
91,38,525,694,169,True
17,28,526,674,148,True
22,37,526,674,148,True
15,31,527,674,147,True
28,28,527,674,147,True
31,25,527,674,147,True
69,22,527,694,167,True
84,28,527,594,67,True
93,31,527,694,167,True
18,33,529,674,145,True
35,29,529,674,145,True
39,30,529,674,145,True
62,31,529,594,65,True
94,29,529,694,165,True
1,27,530,674,144,True
18,34,530,674,144,True
30,27,530,674,144,True
40,26,530,674,144,True
58,25,530,637,107,True
59,34,530,694,164,True
64,28,530,637,107,True
73,19,530,594,64,True
78,28,530,637,107,True
37,28,531,674,143,True
68,28,531,694,163,True
81,35,531,694,163,True
86,27,531,694,163,True
88,23,531,694,163,True
83,17,532,694,162,True
16,28,533,674,141,True
28,29,533,674,141,True
43,28,533,674,141,True
49,26,533,674,141,True
58,26,533,637,104,True
80,30,533,637,104,True
89,25,533,694,161,True
18,35,534,674,140,True
36,30,534,674,140,True
38,21,534,674,140,True
44,42,534,674,140,True
51,20,534,694,160,True
68,29,534,694,160,True
89,26,534,694,160,True
98,25,534,694,160,True
3,30,535,674,139,True
37,29,535,674,139,True
42,26,535,674,139,True
29,31,536,674,138,True
43,29,536,674,138,True
49,27,536,674,138,True
71,27,536,694,158,True
82,26,536,694,158,True
11,22,537,674,137,True
20,32,537,674,137,True
52,24,537,694,157,True
85,37,537,637,100,True
5,25,538,674,136,True
31,26,538,674,136,True
40,27,538,674,136,True
43,30,538,674,136,True
48,30,538,674,136,True
59,35,538,694,156,True
67,30,538,694,156,True
74,19,538,694,156,True
81,36,538,694,156,True
99,33,538,694,156,True
48,31,539,674,135,True
91,39,539,694,155,True
95,26,539,694,155,True
32,25,540,674,134,True
42,27,540,674,134,True
59,36,540,694,154,True
64,29,540,694,154,True
74,20,540,694,154,True
11,23,541,674,133,True
19,30,541,674,133,True
43,31,541,674,133,True
45,28,541,674,133,True
69,23,541,694,153,True
70,29,541,694,153,True
86,28,541,694,153,True
23,17,542,674,132,True
46,35,542,674,132,True
90,24,542,694,152,True
9,35,543,674,131,True
27,24,543,674,131,True
68,30,543,694,151,True
91,40,543,694,151,True
62,32,544,694,150,True
13,33,545,674,129,True
25,28,545,674,129,True
29,32,545,674,129,True
39,31,545,674,129,True
52,25,545,694,149,True
53,19,545,694,149,True
92,29,545,694,149,True
60,32,546,694,148,True
66,34,546,694,148,True
72,29,546,694,148,True
87,30,546,694,148,True
91,41,546,694,148,True
94,30,546,694,148,True
51,21,547,694,147,True
66,35,547,694,147,True
77,28,547,694,147,True
86,29,547,694,147,True
93,32,547,694,147,True
2,25,548,674,126,True
14,27,548,674,126,True
28,30,548,674,126,True
30,28,548,674,126,True
36,31,548,674,126,True
38,22,548,674,126,True
99,34,548,694,146,True
29,33,549,674,125,True
31,27,549,674,125,True
66,36,549,694,145,True
8,29,550,674,124,True
39,32,550,674,124,True
53,20,550,694,144,True
77,29,550,694,144,True
5,26,551,674,123,True
18,36,552,674,122,True
34,35,552,674,122,True
42,28,552,674,122,True
3,31,553,674,121,True
43,32,553,674,121,True
56,28,553,694,141,True
75,22,553,694,141,True
1,28,554,674,120,True
14,28,554,674,120,True
16,29,554,674,120,True
21,25,554,674,120,True
39,33,554,674,120,True
54,29,554,694,140,True
5,27,555,674,119,True
61,26,555,694,139,True
25,29,556,674,118,True
45,29,556,674,118,True
52,26,556,694,138,True
59,37,556,694,138,True
63,32,556,694,138,True
97,22,556,694,138,True
99,35,556,694,138,True
2,26,557,674,117,True
7,21,557,674,117,True
22,38,557,674,117,True
29,34,557,674,117,True
30,29,557,674,117,True
54,30,557,694,137,True
55,21,557,694,137,True
6,21,558,674,116,True
33,31,558,674,116,True
37,30,558,674,116,True
38,23,558,674,116,True
43,33,558,674,116,True
49,28,558,674,116,True
56,29,558,694,136,True
65,29,558,694,136,True
68,31,558,694,136,True
73,20,558,694,136,True
10,28,559,674,115,True
13,34,559,674,115,True
33,32,559,674,115,True
42,29,559,674,115,True
98,26,559,694,135,True
11,24,560,674,114,True
55,22,560,694,134,True
56,30,560,694,134,True
59,38,560,694,134,True
64,30,560,694,134,True
65,30,560,694,134,True
67,31,560,694,134,True
68,32,560,694,134,True
96,22,560,694,134,True
3,32,561,674,113,True
12,30,561,674,113,True
25,30,561,674,113,True
30,30,561,674,113,True
45,30,561,674,113,True
69,24,561,694,133,True
92,30,561,694,133,True
0,18,562,674,112,True
47,28,562,674,112,True
51,22,562,694,132,True
65,31,562,694,132,True
69,25,562,694,132,True
5,28,563,674,111,True
30,31,563,674,111,True
38,24,563,674,111,True
41,30,563,674,111,True
14,29,564,674,110,True
29,35,564,674,110,True
53,21,564,694,130,True
72,30,564,694,130,True
99,36,564,694,130,True
47,29,565,674,109,True
64,31,565,694,129,True
39,34,566,674,108,True
79,31,566,694,128,True
47,30,567,674,107,True
51,23,567,694,127,True
55,23,567,694,127,True
62,33,567,694,127,True
77,30,567,694,127,True
91,42,567,694,127,True
23,18,568,674,106,True
42,30,568,674,106,True
58,27,568,694,126,True
85,38,568,694,126,True
47,31,569,674,105,True
72,31,569,694,125,True
82,27,569,694,125,True
12,31,570,674,104,True
17,29,570,674,104,True
20,33,570,674,104,True
14,30,571,674,103,True
34,36,571,674,103,True
36,32,571,674,103,True
37,31,571,674,103,True
45,31,571,674,103,True
52,27,571,694,123,True
70,30,571,694,123,True
0,19,572,674,102,True
10,29,572,674,102,True
12,32,572,674,102,True
21,26,572,674,102,True
54,31,572,694,122,True
58,28,572,694,122,True
65,32,572,694,122,True
82,28,572,694,122,True
49,29,573,674,101,True
83,18,573,694,121,True
89,27,573,694,121,True
91,43,573,694,121,True
20,34,574,674,100,True
92,31,574,694,120,True
8,30,575,674,99,True
23,19,575,674,99,True
40,28,575,674,99,True
72,32,575,694,119,True
24,31,576,674,98,True
29,36,576,674,98,True
31,28,576,674,98,True
71,28,576,694,118,True
86,30,576,694,118,True
90,25,576,694,118,True
71,29,577,694,117,True
87,31,577,694,117,True
3,33,578,674,96,True
7,22,578,674,96,True
29,37,578,674,96,True
39,35,578,674,96,True
61,27,578,694,116,True
77,31,578,694,116,True
83,19,578,694,116,True
86,31,578,694,116,True
94,31,578,694,116,True
56,31,579,694,115,True
69,26,579,694,115,True
72,33,579,694,115,True
74,21,579,694,115,True
84,29,579,694,115,True
10,30,580,674,94,True
21,27,580,674,94,True
23,20,580,674,94,True
27,25,580,674,94,True
62,34,580,694,114,True
67,32,580,694,114,True
71,30,580,694,114,True
92,32,580,694,114,True
3,34,581,674,93,True
12,33,581,674,93,True
14,31,581,674,93,True
33,33,581,674,93,True
40,29,581,674,93,True
79,32,581,694,113,True
80,31,581,694,113,True
91,44,581,694,113,True
28,31,582,674,92,True
47,32,582,674,92,True
65,33,582,694,112,True
6,22,583,674,91,True
55,24,583,694,111,True
75,23,583,694,111,True
88,24,583,694,111,True
97,23,583,694,111,True
29,38,584,674,90,True
42,31,584,674,90,True
68,33,584,694,110,True
70,31,584,694,110,True
11,25,585,674,89,True
19,31,585,674,89,True
43,34,585,674,89,True
74,22,585,694,109,True
91,45,585,694,109,True
94,32,585,694,109,True
99,37,585,694,109,True
10,31,586,674,88,True
14,32,586,674,88,True
42,32,586,674,88,True
74,23,586,694,108,True
0,20,587,674,87,True
6,23,587,674,87,True
14,33,587,674,87,True
50,25,587,694,107,True
57,35,587,694,107,True
64,32,587,694,107,True
65,34,587,694,107,True
83,20,587,694,107,True
5,29,588,674,86,True
22,39,588,674,86,True
33,34,588,674,86,True
53,22,588,694,106,True
13,35,589,674,85,True
38,25,589,674,85,True
49,30,589,674,85,True
61,28,589,694,105,True
71,31,589,694,105,True
72,34,589,694,105,True
21,28,590,674,84,True
47,33,590,674,84,True
61,29,590,694,104,True
72,35,590,694,104,True
81,37,590,694,104,True
93,33,590,732,142,True
10,32,591,674,83,True
31,29,591,674,83,True
37,32,591,674,83,True
39,36,591,674,83,True
41,31,591,674,83,True
51,24,591,694,103,True
57,36,591,694,103,True
73,21,591,694,103,True
22,40,592,674,82,True
30,32,592,674,82,True
60,33,592,694,102,True
68,34,592,694,102,True
78,29,592,694,102,True
14,34,593,674,81,True
38,26,593,674,81,True
46,36,593,674,81,True
63,33,593,694,101,True
68,35,593,694,101,True
77,32,593,694,101,True
20,35,594,674,80,True
37,33,594,674,80,True
55,25,594,694,100,True
74,24,594,694,100,True
79,33,594,694,100,True
8,31,595,674,79,True
19,32,595,674,79,True
25,31,595,674,79,True
55,26,595,694,99,True
70,32,595,694,99,True
11,26,596,674,78,True
20,36,596,674,78,True
42,33,597,674,77,True
16,30,598,674,76,True
63,34,598,694,96,True
70,33,598,694,96,True
99,38,598,694,96,True
16,31,599,674,75,True
24,32,599,674,75,True
27,26,599,674,75,True
42,34,599,674,75,True
57,37,599,732,133,True
60,34,599,694,95,True
76,26,599,694,95,True
85,39,599,694,95,True
99,39,599,694,95,True
34,37,600,701,101,True
41,32,600,674,74,True
48,32,600,674,74,True
76,27,600,694,94,True
77,33,600,694,94,True
91,46,600,694,94,True
7,23,601,674,73,True
23,21,601,674,73,True
75,24,601,732,131,True
91,47,601,694,93,True
32,26,602,674,72,True
79,34,602,694,92,True
86,32,602,732,130,True
6,24,603,674,71,True
30,33,603,674,71,True
32,27,603,674,71,True
55,27,603,694,91,True
59,39,603,694,91,True
94,33,603,694,91,True
17,30,604,674,70,True
88,25,604,694,90,True
0,21,605,674,69,True
16,32,605,674,69,True
44,43,605,674,69,True
63,35,605,694,89,True
75,25,605,732,127,True
94,34,605,694,89,True
96,23,605,694,89,True
36,33,606,701,95,True
48,33,606,674,68,True
70,34,606,694,88,True
2,27,607,674,67,True
13,36,607,674,67,True
17,31,607,674,67,True
20,37,607,674,67,True
24,33,607,674,67,True
38,27,607,674,67,True
54,32,607,694,87,True
3,35,608,701,93,True
65,35,608,732,124,True
21,29,609,674,65,True
39,37,609,674,65,True
52,28,609,694,85,True
85,40,609,694,85,True
51,25,610,694,84,True
56,32,610,732,122,True
93,34,610,732,122,True
97,24,610,694,84,True
9,36,611,760,149,True
22,41,611,674,63,True
36,34,611,701,90,True
57,38,611,732,121,True
83,21,611,732,121,True
88,26,611,732,121,True
43,35,612,701,89,True
62,35,612,694,82,True
14,35,613,701,88,True
15,32,613,674,61,True
17,32,613,674,61,True
35,30,613,674,61,True
37,34,613,701,88,True
45,32,613,674,61,True
47,34,613,701,88,True
85,41,613,694,81,True
10,33,614,674,60,True
37,35,614,701,87,True
40,30,614,674,60,True
44,44,614,674,60,True
46,37,614,674,60,True
54,33,614,694,80,True
56,33,614,732,118,True
59,40,614,732,118,True
84,30,614,694,80,True
48,34,615,674,59,True
51,26,615,694,79,True
95,27,615,732,117,True
2,28,616,800,184,True
13,37,616,701,85,True
16,33,616,674,58,True
44,45,616,674,58,True
46,38,616,674,58,True
75,26,616,732,116,True
85,42,616,732,116,True
91,48,616,732,116,True
7,24,617,701,84,True
28,32,617,674,57,True
51,27,617,694,77,True
53,23,617,694,77,True
46,39,618,701,83,True
56,34,618,732,114,True
57,39,618,732,114,True
69,27,618,694,76,True
70,35,618,694,76,True
88,27,618,732,114,True
33,35,619,760,141,True
38,28,619,674,55,True
65,36,619,732,113,True
81,38,619,732,113,True
82,29,619,694,75,True
59,41,620,732,112,True
72,36,620,694,74,True
79,35,620,694,74,True
3,36,621,701,80,True
10,34,621,674,53,True
53,24,621,732,111,True
56,35,621,732,111,True
83,22,621,732,111,True
84,31,621,694,73,True
7,25,622,701,79,True
8,32,622,701,79,True
32,28,622,701,79,True
42,35,622,701,79,True
80,32,622,694,72,True
94,35,622,732,110,True
98,27,622,694,72,True
14,36,623,701,78,True
39,38,623,674,51,True
60,35,623,694,71,True
79,36,623,694,71,True
55,28,624,732,108,True
60,36,624,694,70,True
62,36,624,694,70,True
67,33,624,732,108,True
73,22,624,694,70,True
43,36,625,701,76,True
74,25,625,732,107,True
80,33,625,694,69,True
87,32,625,732,107,True
3,37,626,701,75,True
13,38,626,701,75,True
59,42,626,732,106,True
63,36,626,732,106,True
76,28,626,732,106,True
81,39,626,732,106,True
61,30,627,732,105,True
90,26,627,732,105,True
93,35,627,732,105,True
15,33,628,701,73,True
35,31,628,701,73,True
50,26,628,732,104,True
55,29,628,732,104,True
73,23,628,694,66,True
4,20,629,760,131,True
31,30,629,760,131,True
37,36,629,760,131,True
45,33,629,686,57,True
46,40,629,760,131,True
93,36,629,732,103,True
95,28,629,732,103,True
5,30,630,682,52,True
36,35,630,701,71,True
93,37,630,732,102,True
90,27,631,732,101,True
18,37,632,800,168,True
64,33,632,732,100,True
79,37,632,732,100,True
27,27,633,760,127,True
66,37,633,732,99,True
81,40,633,732,99,True
88,28,633,732,99,True
4,21,634,760,126,True
48,35,634,760,126,True
66,38,634,732,98,True
77,34,634,739,105,True
89,28,634,732,98,True
26,28,635,691,56,True
42,36,635,701,66,True
63,37,635,732,97,True
75,27,635,732,97,True
5,31,636,760,124,True
19,33,636,760,124,True
54,34,636,732,96,True
66,39,636,732,96,True
3,38,637,701,64,True
43,37,637,760,123,True
92,33,637,732,95,True
27,28,638,800,162,True
30,34,638,800,162,True
40,31,638,701,63,True
51,28,638,732,94,True
62,37,638,732,94,True
92,34,638,732,94,True
11,27,639,760,121,True
28,33,639,800,161,True
78,30,639,732,93,True
7,26,640,760,120,True
93,38,640,800,160,True
17,33,641,760,119,True
33,36,641,760,119,True
37,37,641,760,119,True
72,37,641,732,91,True
2,29,642,800,158,True
8,33,642,701,59,True
13,39,642,701,59,True
22,42,642,760,118,True
37,38,642,760,118,True
56,36,642,732,90,True
71,32,642,732,90,True
97,25,642,732,90,True
16,34,643,701,58,True
52,29,643,732,89,True
90,28,643,732,89,True
91,49,643,739,96,True
58,29,644,732,88,True
67,34,644,732,88,True
89,29,644,732,88,True
4,22,645,760,115,True
5,32,645,800,155,True
7,27,645,760,115,True
48,36,645,760,115,True
64,34,645,732,87,True
87,33,645,732,87,True
89,30,645,732,87,True
4,23,646,760,114,True
5,33,646,800,154,True
14,37,646,760,114,True
17,34,646,760,114,True
23,22,646,701,55,True
25,32,646,760,114,True
42,37,646,701,55,True
62,38,646,732,86,True
67,35,646,732,86,True
19,34,647,760,113,True
48,37,647,760,113,True
50,27,647,739,92,True
51,29,647,732,85,True
80,34,647,732,85,True
1,29,648,800,152,True
37,39,648,760,112,True
62,39,648,732,84,True
89,31,648,732,84,True
9,37,649,800,151,True
75,28,649,739,90,True
76,29,649,732,83,True
6,25,650,800,150,True
12,34,650,701,51,True
31,31,650,800,150,True
39,39,650,800,150,True
40,32,650,701,51,True
61,31,650,739,89,True
77,35,650,739,89,True
14,38,651,760,109,True
61,32,651,739,88,True
75,29,651,739,88,True
84,32,651,732,81,True
86,33,651,732,81,True
87,34,651,732,81,True
2,30,652,800,148,True
12,35,652,701,49,True
26,29,652,800,148,True
60,37,652,732,80,True
64,35,652,732,80,True
79,38,652,732,80,True
84,33,652,732,80,True
1,30,653,800,147,True
5,34,653,800,147,True
59,43,653,732,79,True
68,36,653,782,129,True
38,29,654,718,64,True
44,46,654,800,146,True
87,35,654,732,78,True
96,24,654,732,78,True
4,24,655,760,105,True
18,38,655,800,145,True
30,35,655,800,145,True
33,37,655,800,145,True
56,37,655,732,77,True
79,39,655,782,127,True
83,23,655,782,127,True
86,34,655,739,84,True
7,28,656,760,104,True
28,34,656,800,144,True
77,36,656,739,83,True
10,35,657,760,103,True
11,28,657,760,103,True
34,38,657,760,103,True
71,33,657,739,82,True
81,41,657,732,75,True
86,35,657,739,82,True
88,29,657,732,75,True
97,26,657,732,75,True
9,38,658,800,142,True
28,35,658,800,142,True
31,32,658,800,142,True
32,29,658,800,142,True
51,30,658,782,124,True
19,35,659,760,101,True
28,36,659,800,141,True
46,41,659,800,141,True
51,31,659,782,123,True
67,36,659,732,73,True
72,38,659,732,73,True
74,26,659,739,80,True
80,35,659,732,73,True
14,39,660,760,100,True
18,39,660,800,140,True
21,30,660,701,41,True
29,39,660,800,140,True
46,42,660,800,140,True
50,28,660,739,79,True
87,36,660,739,79,True
95,29,660,739,79,True
34,39,661,800,139,True
64,36,661,732,71,True
79,40,661,782,121,True
96,25,661,732,71,True
12,36,662,701,39,True
22,43,662,800,138,True
29,40,662,800,138,True
38,30,662,760,98,True
94,36,662,782,120,True
13,40,663,800,137,True
58,30,663,732,69,True
73,24,663,732,69,True
77,37,663,800,137,True
10,36,664,800,136,True
12,37,664,718,54,True
19,36,664,800,136,True
48,38,664,760,96,True
51,32,664,782,118,True
53,25,664,739,75,True
55,30,664,732,68,True
87,37,664,739,75,True
27,29,665,800,135,True
51,33,665,782,117,True
59,44,665,782,117,True
66,40,665,732,67,True
70,36,665,732,67,True
1,31,666,800,134,True
11,29,666,800,134,True
29,41,666,800,134,True
31,33,666,800,134,True
82,30,666,782,116,True
84,34,666,732,66,True
80,36,667,732,65,True
89,32,667,739,72,True
97,27,667,732,65,True
46,43,668,800,132,True
51,34,668,782,114,True
69,28,668,782,114,True
74,27,668,739,71,True
8,34,669,760,91,True
21,31,669,760,91,True
46,44,669,800,131,True
52,30,669,732,63,True
57,40,669,800,131,True
67,37,669,739,70,True
74,28,669,739,70,True
5,35,670,800,130,True
6,26,670,800,130,True
36,36,670,760,90,True
69,29,670,782,112,True
78,31,670,732,62,True
89,33,670,739,69,True
98,28,670,739,69,True
48,39,671,800,129,True
49,31,671,760,89,True
51,35,671,782,111,True
13,41,672,800,128,True
44,47,672,800,128,True
75,30,672,800,128,True
90,29,672,800,128,True
74,29,673,739,66,True
89,34,673,739,66,True
91,50,673,800,127,True
27,30,674,800,126,True
33,38,674,800,126,True
74,30,674,782,108,True
57,41,675,800,125,True
75,31,675,800,125,True
85,43,675,732,57,True
19,37,676,800,124,True
65,37,676,800,124,True
72,39,676,739,63,True
7,29,677,800,123,True
16,35,677,800,123,True
18,40,677,800,123,True
32,30,677,800,123,True
67,38,677,782,105,True
68,37,677,782,105,True
80,37,677,739,62,True
99,40,677,782,105,True
37,40,678,800,122,True
54,35,678,739,61,True
66,41,678,739,61,True
99,41,678,782,104,True
79,41,679,782,103,True
45,34,680,800,120,True
91,51,680,800,120,True
95,30,680,823,143,True
13,42,681,800,119,True
32,31,681,800,119,True
66,42,681,739,58,True
77,38,681,800,119,True
2,31,682,800,118,True
91,52,682,800,118,True
1,32,683,800,117,True
21,32,683,800,117,True
27,31,683,800,117,True
40,33,683,800,117,True
94,37,683,800,117,True
33,39,684,800,116,True
60,38,684,739,55,True
66,43,684,739,55,True
99,42,684,782,98,True
9,39,685,800,115,True
39,40,685,800,115,True
57,42,685,800,115,True
29,42,686,800,114,True
41,33,686,800,114,True
50,29,686,800,114,True
17,35,687,800,113,True
59,45,687,800,113,True
77,39,687,800,113,True
80,38,687,739,52,True
87,38,687,800,113,True
57,43,688,800,112,True
80,39,688,739,51,True
85,44,688,739,51,True
89,35,688,800,112,True
45,35,689,800,111,True
65,38,689,800,111,True
90,30,689,800,111,True
6,27,690,800,110,True
17,36,690,800,110,True
6,28,691,800,109,True
50,30,691,800,109,True
55,31,691,782,91,True
22,44,692,800,108,True
33,40,692,800,108,True
44,48,692,800,108,True
73,25,692,751,59,True
94,38,692,800,108,True
98,29,692,739,47,True
21,33,693,800,107,True
26,30,693,800,107,True
30,36,693,800,107,True
39,41,693,800,107,True
67,39,693,800,107,True
69,30,693,782,89,True
83,24,693,800,107,True
84,35,693,739,46,True
9,40,694,800,106,True
60,39,694,739,45,True
72,40,694,800,106,True
87,39,694,800,106,True
93,39,694,800,106,True
2,32,695,800,105,True
19,38,695,800,105,True
23,23,695,800,105,True
56,38,695,800,105,True
64,37,695,782,87,True
85,45,695,739,44,True
97,28,695,739,44,True
18,41,696,800,104,True
23,24,696,800,104,True
30,37,696,800,104,True
46,45,696,800,104,True
61,33,696,800,104,True
83,25,696,800,104,True
86,36,696,800,104,True
11,30,697,800,103,True
41,34,697,800,103,True
52,31,697,739,42,True
61,34,697,800,103,True
93,40,697,800,103,True
42,38,698,800,102,True
44,49,698,800,102,True
76,30,698,800,102,True
9,41,699,800,101,True
39,42,699,800,101,True
40,34,699,800,101,True
41,35,699,800,101,True
24,34,700,800,100,True
48,40,700,800,100,True
11,31,701,800,99,True
44,50,701,800,99,True
75,32,701,800,99,True
76,31,701,800,99,True
79,42,701,782,81,True
28,37,702,800,98,True
61,35,702,823,121,True
79,43,702,782,80,True
80,40,702,782,80,True
81,42,702,800,98,True
63,38,703,800,97,True
67,40,703,800,97,True
69,31,703,800,97,True
81,43,703,800,97,True
89,36,703,800,97,True
29,43,704,800,96,True
45,36,704,800,96,True
67,41,704,800,96,True
79,44,704,782,78,True
92,35,704,800,96,True
55,32,705,823,118,True
72,41,705,800,95,True
76,32,705,800,95,True
92,36,705,800,95,True
0,22,706,800,94,True
4,25,706,800,94,True
7,30,706,800,94,True
10,37,706,800,94,True
62,40,706,760,54,True
91,53,706,823,117,True
11,32,707,800,93,True
14,40,707,800,93,True
33,41,707,800,93,True
69,32,707,800,93,True
77,40,707,800,93,True
95,31,707,823,116,True
13,43,708,800,92,True
28,38,708,800,92,True
34,40,708,800,92,True
36,37,708,800,92,True
56,39,708,800,92,True
62,41,708,760,52,True
89,37,708,823,115,True
93,41,708,800,92,True
41,36,709,800,91,True
58,31,709,782,73,True
77,41,709,800,91,True
93,42,709,800,91,True
14,41,710,800,90,True
17,37,710,800,90,True
22,45,710,800,90,True
35,32,710,800,90,True
42,39,710,800,90,True
91,54,710,823,113,True
38,31,711,800,89,True
66,44,711,767,56,True
77,42,711,800,89,True
87,40,711,800,89,True
88,30,711,800,89,True
19,39,712,800,88,True
25,33,712,800,88,True
27,32,712,800,88,True
28,39,712,800,88,True
79,45,712,800,88,True
10,38,713,800,87,True
67,42,713,823,110,True
82,31,713,800,87,True
88,31,713,800,87,True
90,31,713,800,87,True
92,37,713,823,110,True
11,33,714,800,86,True
21,34,714,800,86,True
67,43,714,823,109,True
84,36,714,782,68,True
9,42,715,800,85,True
19,40,715,800,85,True
31,34,715,800,85,True
37,41,715,800,85,True
67,44,715,823,108,True
72,42,715,823,108,True
85,46,715,782,67,True
91,55,715,823,108,True
95,32,715,823,108,True
17,38,716,800,84,True
34,41,716,800,84,True
41,37,716,800,84,True
58,32,716,782,66,True
77,43,716,800,84,True
53,26,717,823,106,True
67,45,717,823,106,True
17,39,718,800,82,True
19,41,718,800,82,True
52,32,718,782,64,True
67,46,718,823,105,True
72,43,718,823,105,True
78,32,718,823,105,True
20,38,719,800,81,True
70,37,719,823,104,True
95,33,719,823,104,True
12,38,720,800,80,True
24,35,720,800,80,True
45,37,720,800,80,True
80,41,720,782,62,True
16,36,721,800,79,True
30,38,721,800,79,True
32,32,721,800,79,True
37,42,721,800,79,True
78,33,721,823,102,True
79,46,721,800,79,True
1,33,722,800,78,True
13,44,722,800,78,True
19,42,722,800,78,True
31,35,722,800,78,True
73,26,722,782,60,True
81,44,722,800,78,True
2,33,723,800,77,True
3,39,723,800,77,True
4,26,723,800,77,True
20,39,723,800,77,True
31,36,723,800,77,True
33,42,723,800,77,True
49,32,723,800,77,True
8,35,724,800,76,True
14,42,724,800,76,True
20,40,724,800,76,True
60,40,724,823,99,True
80,42,724,823,99,True
84,37,724,782,58,True
85,47,724,823,99,True
96,26,724,823,99,True
97,29,724,823,99,True
15,34,725,800,75,True
51,36,725,782,57,True
64,38,725,823,98,True
66,45,725,782,57,True
70,38,725,823,98,True
71,34,725,800,75,True
1,34,726,800,74,True
4,27,726,830,104,True
5,36,726,800,74,True
6,29,726,800,74,True
4,28,727,830,103,True
10,39,727,800,73,True
17,40,727,800,73,True
89,38,727,823,96,True
61,36,728,823,95,True
3,40,729,800,71,True
51,37,729,782,53,True
0,23,730,800,70,True
10,40,730,800,70,True
15,35,730,830,100,True
38,32,730,800,70,True
45,38,730,800,70,True
95,34,730,823,93,True
4,29,731,830,99,True
36,38,731,800,69,True
18,42,732,800,68,True
45,39,732,800,68,True
57,44,732,823,91,True
73,27,732,782,50,True
86,37,732,823,91,True
93,43,732,864,132,True
96,27,732,823,91,True
24,36,733,830,97,True
42,40,733,800,67,True
45,40,733,800,67,True
66,46,733,800,67,True
76,33,733,823,90,True
77,44,733,823,90,True
92,38,733,823,90,True
95,35,733,823,90,True
22,46,734,800,66,True
37,43,734,830,96,True
43,38,734,830,96,True
88,32,734,823,89,True
44,51,735,800,65,True
58,33,735,823,88,True
72,44,735,823,88,True
77,45,735,823,88,True
0,24,736,800,64,True
1,35,736,800,64,True
4,30,736,830,94,True
54,36,736,823,87,True
55,33,736,823,87,True
63,39,736,823,87,True
7,31,737,830,93,True
11,34,737,800,63,True
37,44,737,830,93,True
63,40,737,823,86,True
73,28,737,800,63,True
76,34,737,823,86,True
78,34,737,823,86,True
79,47,737,823,86,True
84,38,737,800,63,True
92,39,737,823,86,True
96,28,737,823,86,True
3,41,738,800,62,True
12,39,738,800,62,True
20,41,738,800,62,True
37,45,738,830,92,True
48,41,738,830,92,True
53,27,738,864,126,True
89,39,738,823,85,True
6,30,739,830,91,True
46,46,739,830,91,True
64,39,739,823,84,True
71,35,739,864,125,True
82,32,739,823,84,True
3,42,740,800,60,True
37,46,740,830,90,True
40,35,740,800,60,True
41,38,740,800,60,True
63,41,740,823,83,True
93,44,740,864,124,True
98,30,740,864,124,True
45,41,741,800,59,True
52,33,741,800,59,True
54,37,741,823,82,True
55,34,741,823,82,True
58,34,741,823,82,True
27,33,742,800,58,True
38,33,742,800,58,True
39,43,742,800,58,True
49,33,742,800,58,True
72,45,742,864,122,True
82,33,742,823,81,True
7,32,743,830,87,True
11,35,743,800,57,True
2,34,744,800,56,True
32,33,744,800,56,True
43,39,744,830,86,True
72,46,744,864,120,True
97,30,744,823,79,True
15,36,745,830,85,True
24,37,745,830,85,True
38,34,745,800,55,True
44,52,745,800,55,True
46,47,745,830,85,True
52,34,745,823,78,True
60,41,745,823,78,True
61,37,745,864,119,True
35,33,746,800,54,True
39,44,746,800,54,True
72,47,746,864,118,True
99,43,746,823,77,True
12,40,747,800,53,True
47,35,747,800,53,True
52,35,747,823,76,True
99,44,747,823,76,True
14,43,748,830,82,True
42,41,748,830,82,True
51,38,748,864,116,True
74,31,748,823,75,True
12,41,749,800,51,True
56,40,749,864,115,True
7,33,750,830,80,True
21,35,750,800,50,True
35,34,750,830,80,True
71,36,750,864,114,True
95,36,750,864,114,True
98,31,750,864,114,True
89,40,751,864,113,True
31,37,752,830,78,True
46,48,752,830,78,True
60,42,752,823,71,True
23,25,753,800,47,True
51,39,753,864,111,True
54,38,753,823,70,True
97,31,753,823,70,True
25,34,754,830,76,True
26,31,754,800,46,True
49,34,754,830,76,True
97,32,754,823,69,True
12,42,755,800,45,True
21,36,755,800,45,True
42,42,755,830,75,True
56,41,755,864,109,True
69,33,755,864,109,True
1,36,756,800,44,True
38,35,756,830,74,True
55,35,756,864,108,True
82,34,756,864,108,True
85,48,756,823,67,True
17,41,757,889,132,True
58,35,757,864,107,True
1,37,758,800,42,True
15,37,758,830,72,True
25,35,758,830,72,True
44,53,758,800,42,True
55,36,758,864,106,True
59,46,758,864,106,True
63,42,758,864,106,True
2,35,759,912,153,True
19,43,759,830,71,True
33,43,759,830,71,True
39,45,759,830,71,True
41,39,759,830,71,True
98,32,759,864,105,True
2,36,760,912,152,True
15,38,760,830,70,True
27,34,760,889,129,True
29,44,760,830,70,True
45,42,760,830,70,True
54,39,760,864,104,True
80,43,760,823,63,True
42,43,761,830,69,True
70,39,761,864,103,True
82,35,761,864,103,True
84,39,761,823,62,True
68,38,762,864,102,True
80,44,762,823,61,True
5,37,763,830,67,True
43,40,763,830,67,True
50,31,763,864,101,True
18,43,764,912,148,True
25,36,764,830,66,True
53,28,764,864,100,True
83,26,764,864,100,True
18,44,765,912,147,True
20,42,765,830,65,True
49,35,765,830,65,True
60,43,765,864,99,True
94,39,765,864,99,True
0,25,766,830,64,True
19,44,766,830,64,True
26,32,766,830,64,True
94,40,766,864,98,True
19,45,767,830,63,True
55,37,767,864,97,True
72,48,767,864,97,True
76,35,767,864,97,True
4,31,768,830,62,True
17,42,768,889,121,True
21,37,768,823,55,True
28,40,768,830,62,True
43,41,768,889,121,True
59,47,768,864,96,True
72,49,768,864,96,True
83,27,768,864,96,True
85,49,768,864,96,True
93,45,768,891,123,True
13,45,769,830,61,True
45,43,769,830,61,True
62,42,769,823,54,True
77,46,769,891,122,True
82,36,769,864,95,True
87,41,769,864,95,True
92,40,769,864,95,True
4,32,770,889,119,True
80,45,770,864,94,True
96,29,770,864,94,True
32,34,771,830,59,True
42,44,771,830,59,True
82,37,771,864,93,True
89,41,771,864,93,True
91,56,771,891,120,True
13,46,772,830,58,True
62,43,772,823,51,True
65,39,772,891,119,True
81,45,772,864,92,True
34,42,773,830,57,True
13,47,774,830,56,True
20,43,774,830,56,True
29,45,774,912,138,True
53,29,774,864,90,True
54,40,774,864,90,True
83,28,774,864,90,True
92,41,774,864,90,True
2,37,775,912,137,True
41,40,775,830,55,True
48,42,775,830,55,True
50,32,775,891,116,True
69,34,775,864,89,True
73,29,775,864,89,True
90,32,775,864,89,True
8,36,776,830,54,True
34,43,776,889,113,True
37,47,776,889,113,True
41,41,776,830,54,True
67,47,776,891,115,True
83,29,776,864,88,True
92,42,776,864,88,True
9,43,777,912,135,True
32,35,777,830,53,True
58,36,777,864,87,True
77,47,777,891,114,True
78,35,777,864,87,True
80,46,777,864,87,True
88,33,777,864,87,True
22,47,778,912,134,True
23,26,778,830,52,True
36,39,778,889,111,True
48,43,778,830,52,True
3,43,779,830,51,True
9,44,779,912,133,True
26,33,779,912,133,True
40,36,779,848,69,True
50,33,779,891,112,True
54,41,779,864,85,True
33,44,780,912,132,True
40,37,780,848,68,True
45,44,780,830,50,True
52,36,780,864,84,True
78,36,780,864,84,True
5,38,781,912,131,True
58,37,781,864,83,True
67,48,781,891,110,True
71,37,781,891,110,True
89,42,781,891,110,True
2,38,782,912,130,True
65,40,782,891,109,True
72,50,782,864,82,True
96,30,782,891,109,True
9,45,783,912,129,True
15,39,783,889,106,True
37,48,783,912,129,True
75,33,783,891,108,True
84,40,783,864,81,True
97,33,783,864,81,True
23,27,784,830,46,True
47,36,784,830,46,True
99,45,784,864,80,True
16,37,785,889,104,True
27,35,785,912,127,True
30,39,785,912,127,True
81,46,785,891,106,True
84,41,785,864,79,True
15,40,786,889,103,True
30,40,786,912,126,True
32,36,786,830,44,True
60,44,786,864,78,True
71,38,786,891,105,True
96,31,786,891,105,True
5,39,787,912,125,True
20,44,787,889,102,True
31,38,787,912,125,True
39,46,787,912,125,True
47,37,787,830,43,True
56,42,787,891,104,True
58,38,787,864,77,True
98,33,787,864,77,True
57,45,788,891,103,True
62,44,788,864,76,True
98,34,788,864,76,True
3,44,789,830,41,True
10,41,789,912,123,True
12,43,789,830,41,True
35,35,789,889,100,True
41,42,789,848,59,True
58,39,789,864,75,True
78,37,789,864,75,True
92,43,789,891,102,True
9,46,790,912,122,True
11,36,790,912,122,True
42,45,790,912,122,True
43,42,790,912,122,True
93,46,790,891,101,True
12,44,791,848,57,True
73,30,791,864,73,True
75,34,791,891,100,True
6,31,792,912,120,True
31,39,792,912,120,True
46,49,792,912,120,True
88,34,792,891,99,True
97,34,792,864,72,True
78,38,793,864,71,True
85,50,793,864,71,True
14,44,794,912,118,True
35,36,794,889,95,True
39,47,794,912,118,True
9,47,795,912,117,True
36,40,795,912,117,True
52,37,795,864,69,True
63,43,795,891,96,True
76,36,795,891,96,True
82,38,795,864,69,True
93,47,795,891,96,True
5,40,796,912,116,True
12,45,796,848,52,True
43,43,796,912,116,True
61,38,796,891,95,True
76,37,796,891,95,True
17,43,797,912,115,True
38,36,797,889,92,True
41,43,797,889,92,True
61,39,797,891,94,True
71,39,797,891,94,True
84,42,797,864,67,True
89,43,797,891,94,True
1,38,798,912,114,True
61,40,798,891,93,True
65,41,798,891,93,True
67,49,798,891,93,True
74,32,798,891,93,True
91,57,798,891,93,True
6,32,799,912,113,True
26,34,799,993,194,True
44,54,799,912,113,True
48,44,799,912,113,True
20,45,800,912,112,True
76,38,800,891,91,True
0,26,801,912,111,True
22,48,801,912,111,True
25,37,801,912,111,True
29,46,801,912,111,True
35,37,801,889,88,True
60,45,801,864,63,True
76,39,801,891,90,True
87,42,801,891,90,True
91,58,801,891,90,True
95,37,801,891,90,True
27,36,802,912,110,True
33,45,802,912,110,True
70,40,802,864,62,True
88,35,802,891,89,True
5,41,803,912,109,True
42,46,803,912,109,True
53,30,803,891,88,True
73,31,803,864,61,True
97,35,803,864,61,True
20,46,804,912,108,True
22,49,804,912,108,True
32,37,804,912,108,True
55,38,804,864,60,True
57,46,804,891,87,True
81,47,804,891,87,True
85,51,804,864,60,True
97,36,804,864,60,True
4,33,805,912,107,True
19,46,805,912,107,True
37,49,805,912,107,True
19,47,806,912,106,True
52,38,806,889,83,True
62,45,806,864,58,True
8,37,807,912,105,True
18,45,807,912,105,True
22,50,807,912,105,True
25,38,807,912,105,True
32,38,807,912,105,True
46,50,807,912,105,True
51,40,807,864,57,True
53,31,807,891,84,True
60,46,807,864,57,True
81,48,807,891,84,True
96,32,807,891,84,True
36,41,808,912,104,True
39,48,808,912,104,True
40,38,808,912,104,True
45,45,808,912,104,True
82,39,808,889,81,True
18,46,809,912,103,True
52,39,809,889,80,True
53,32,809,891,82,True
54,42,809,891,82,True
62,46,809,889,80,True
72,51,809,891,82,True
12,46,810,889,79,True
84,43,810,864,54,True
98,35,810,864,54,True
0,27,811,912,101,True
9,48,811,912,101,True
31,40,811,912,101,True
51,41,811,889,78,True
79,48,811,889,78,True
18,47,812,912,100,True
26,35,812,993,181,True
28,41,812,912,100,True
45,46,812,912,100,True
47,38,812,912,100,True
60,47,813,864,51,True
10,42,814,912,98,True
35,38,814,912,98,True
41,44,814,912,98,True
43,44,814,912,98,True
61,41,814,941,127,True
71,40,814,891,77,True
9,49,815,912,97,True
32,39,815,912,97,True
69,35,815,941,126,True
74,33,815,891,76,True
89,44,815,891,76,True
30,41,816,912,96,True
65,42,816,941,125,True
80,47,816,864,48,True
99,46,816,941,125,True
4,34,817,912,95,True
27,37,817,912,95,True
53,33,817,891,74,True
72,52,817,891,74,True
11,37,818,912,94,True
27,38,818,912,94,True
28,42,818,912,94,True
36,42,818,912,94,True
52,40,818,889,71,True
55,39,818,891,73,True
56,43,818,891,73,True
60,48,818,891,73,True
72,53,818,891,73,True
15,41,819,912,93,True
27,39,819,912,93,True
33,46,819,912,93,True
38,37,819,912,93,True
39,49,819,912,93,True
61,42,819,941,122,True
71,41,819,891,72,True
86,38,819,891,72,True
1,39,820,912,92,True
42,47,820,912,92,True
52,41,820,889,69,True
4,35,821,912,91,True
26,36,821,993,172,True
78,39,821,891,70,True
85,52,821,891,70,True
18,48,822,912,90,True
88,36,822,891,69,True
98,36,822,891,69,True
33,47,823,912,89,True
42,48,823,927,104,True
71,42,823,891,68,True
69,36,824,941,117,True
38,38,825,912,87,True
48,45,825,912,87,True
54,43,825,891,66,True
78,40,825,891,66,True
81,49,825,891,66,True
6,33,826,927,101,True
10,43,826,912,86,True
33,48,826,912,86,True
47,39,826,912,86,True
0,28,827,912,85,True
2,39,827,912,85,True
16,38,827,912,85,True
25,39,827,912,85,True
26,37,827,993,166,True
43,45,827,927,100,True
52,42,827,889,62,True
64,40,827,891,64,True
77,48,827,941,114,True
6,34,828,927,99,True
20,47,828,912,84,True
41,45,828,912,84,True
42,49,828,927,99,True
63,44,828,891,63,True
68,39,828,941,113,True
4,36,829,993,164,True
25,40,829,912,83,True
27,40,829,993,164,True
34,44,830,927,97,True
53,34,830,891,61,True
77,49,830,941,111,True
85,53,830,891,61,True
88,37,830,941,111,True
99,47,830,941,111,True
3,45,831,912,81,True
23,28,831,912,81,True
75,35,831,,,False
17,44,832,912,80,True
36,43,832,912,80,True
42,50,832,927,95,True
45,47,832,912,80,True
78,41,832,891,59,True
92,44,832,891,59,True
94,41,832,941,109,True
11,38,833,912,79,True
38,39,833,912,79,True
47,40,833,912,79,True
61,43,833,941,108,True
16,39,834,912,78,True
28,43,834,993,159,True
47,41,834,912,78,True
1,40,835,993,158,True
13,48,835,927,92,True
24,38,835,993,158,True
34,45,835,927,92,True
46,51,835,927,92,True
19,48,836,927,91,True
27,41,836,993,157,True
44,55,836,993,157,True
76,40,836,941,105,True
83,30,836,941,105,True
46,52,837,927,90,True
53,35,837,891,54,True
66,47,837,912,75,True
91,59,837,,,False
94,42,837,941,104,True
9,50,838,993,155,True
16,40,838,912,74,True
37,50,838,993,155,True
39,50,838,993,155,True
43,46,838,927,89,True
75,36,838,,,False
16,41,839,912,73,True
67,50,839,,,False
79,49,839,941,102,True
87,43,839,,,False
89,45,839,941,102,True
16,42,840,912,72,True
29,47,840,993,153,True
67,51,840,,,False
75,37,840,,,False
92,45,840,941,101,True
15,42,841,927,86,True
52,43,841,912,71,True
75,38,841,,,False
80,48,841,891,50,True
15,43,842,927,85,True
28,44,842,993,151,True
38,40,842,912,70,True
39,51,842,993,151,True
83,31,842,941,99,True
7,34,843,993,150,True
59,48,843,941,98,True
65,43,843,941,98,True
95,38,843,,,False
16,43,844,912,68,True
25,41,844,993,149,True
64,41,844,941,97,True
78,42,844,941,97,True
98,37,844,891,47,True
4,37,845,993,148,True
6,35,845,993,148,True
30,42,845,993,148,True
54,44,845,891,46,True
66,48,845,927,82,True
90,33,845,941,96,True
5,42,846,993,147,True
17,45,846,993,147,True
30,43,846,993,147,True
51,42,846,912,66,True
83,32,846,941,95,True
2,40,847,993,146,True
15,44,847,927,80,True
34,46,847,993,146,True
48,46,847,993,146,True
56,44,847,,,False
66,49,847,927,80,True
73,32,847,927,80,True
77,50,847,,,False
6,36,848,993,145,True
30,44,848,993,145,True
60,49,848,941,93,True
26,38,849,993,144,True
55,40,849,,,False
85,54,849,891,42,True
2,41,850,993,143,True
12,47,850,927,77,True
63,45,850,941,91,True
28,45,851,993,142,True
31,41,851,993,142,True
50,34,851,,,False
60,50,851,941,90,True
61,44,851,,,False
80,49,851,891,40,True
87,44,851,,,False
6,37,852,993,141,True
13,49,852,993,141,True
26,39,852,993,141,True
51,43,852,912,60,True
74,34,852,,,False
81,50,852,,,False
95,39,852,,,False
85,55,853,941,88,True
87,45,853,,,False
1,41,854,993,139,True
4,38,854,993,139,True
38,41,854,927,73,True
43,47,854,993,139,True
51,44,854,912,58,True
70,41,854,891,37,True
78,43,854,941,87,True
15,45,855,993,138,True
24,39,855,993,138,True
27,42,855,993,138,True
46,53,855,993,138,True
83,33,855,941,86,True
21,38,856,927,71,True
35,39,856,993,137,True
67,52,856,,,False
68,40,856,941,85,True
25,42,857,993,136,True
28,46,857,993,136,True
65,44,857,,,False
86,39,857,,,False
28,47,858,993,135,True
30,45,858,993,135,True
46,54,858,993,135,True
74,35,858,,,False
83,34,858,941,83,True
85,56,858,941,83,True
99,48,858,941,83,True
17,46,859,993,134,True
23,29,859,927,68,True
84,44,859,927,68,True
35,40,860,993,133,True
52,44,860,941,81,True
81,51,860,,,False
87,46,860,,,False
37,51,861,993,132,True
85,57,861,941,80,True
28,48,862,993,131,True
74,36,862,,,False
88,38,862,,,False
8,38,863,993,130,True
56,45,863,,,False
78,44,863,,,False
84,45,863,941,78,True
69,37,864,941,77,True
82,40,864,941,77,True
5,43,865,993,128,True
40,39,865,993,128,True
41,46,865,993,128,True
52,45,865,941,76,True
53,36,865,,,False
63,46,865,,,False
6,38,866,993,127,True
21,39,866,927,61,True
26,40,866,993,127,True
27,43,866,993,127,True
36,44,866,993,127,True
49,36,866,993,127,True
61,45,866,,,False
13,50,867,993,126,True
17,47,867,993,126,True
42,51,867,993,126,True
55,41,867,,,False
61,46,867,,,False
66,50,867,941,74,True
67,53,867,,,False
71,43,867,,,False
74,37,867,,,False
85,58,867,941,74,True
91,60,867,,,False
6,39,868,993,125,True
12,48,868,993,125,True
18,49,868,993,125,True
31,42,868,993,125,True
68,41,868,,,False
79,50,868,941,73,True
82,41,868,941,73,True
2,42,869,993,124,True
56,46,869,,,False
66,51,869,941,72,True
95,40,869,,,False
98,38,869,941,72,True
3,46,870,993,123,True
22,51,870,993,123,True
30,46,870,993,123,True
63,47,870,,,False
77,51,870,,,False
90,34,870,941,71,True
44,56,871,993,122,True
69,38,871,941,70,True
79,51,871,941,70,True
85,59,871,941,70,True
6,40,872,993,121,True
11,39,872,993,121,True
15,46,872,993,121,True
22,52,872,993,121,True
34,47,873,993,120,True
43,48,873,993,120,True
48,47,873,993,120,True
53,37,873,,,False
63,48,873,,,False
65,45,873,,,False
70,42,873,941,68,True
93,48,873,,,False
24,40,874,993,119,True
31,43,874,993,119,True
36,45,874,993,119,True
78,45,874,,,False
88,39,874,,,False
13,51,875,993,118,True
19,49,875,993,118,True
41,47,875,993,118,True
48,48,875,993,118,True
43,49,876,993,117,True
55,42,876,,,False
60,51,876,,,False
85,60,876,941,65,True
97,37,876,941,65,True
1,42,877,993,116,True
4,39,877,993,116,True
42,52,877,993,116,True
67,54,877,,,False
69,39,877,941,64,True
70,43,877,941,64,True
80,50,877,,,False
92,46,877,,,False
98,39,877,941,64,True
11,40,878,993,115,True
57,47,879,,,False
63,49,879,,,False
80,51,879,,,False
95,41,879,,,False
5,44,880,993,113,True
8,39,880,993,113,True
51,45,880,941,61,True
56,47,880,,,False
75,39,880,,,False
93,49,880,,,False
67,55,881,,,False
71,44,881,,,False
94,43,881,,,False
99,49,881,,,False
59,49,882,941,59,True
17,48,883,993,110,True
59,50,883,941,58,True
99,50,883,,,False
4,40,884,993,109,True
12,49,884,993,109,True
88,40,884,,,False
93,50,884,,,False
32,40,885,993,108,True
37,52,885,,,False
82,42,885,941,56,True
2,43,886,993,107,True
15,47,886,993,107,True
61,47,886,,,False
63,50,886,,,False
66,52,886,941,55,True
84,46,886,941,55,True
93,51,886,,,False
97,38,886,,,False
4,41,887,993,106,True
29,48,887,993,106,True
37,53,887,,,False
71,45,887,,,False
92,47,887,,,False
16,44,888,993,105,True
22,53,888,993,105,True
52,46,888,,,False
39,52,889,993,104,True
41,48,889,993,104,True
46,55,889,,,False
60,52,889,,,False
71,46,889,,,False
81,52,889,,,False
16,45,890,,,False
21,40,890,993,103,True
42,53,890,993,103,True
54,45,890,,,False
60,53,890,,,False
89,46,890,,,False
2,44,891,993,102,True
16,46,891,,,False
61,48,891,,,False
73,33,891,,,False
18,50,892,993,101,True
23,30,892,993,101,True
65,46,892,,,False
67,56,892,,,False
50,35,893,,,False
51,46,893,,,False
73,34,893,,,False
79,52,893,,,False
83,35,893,,,False
92,48,893,,,False
28,49,894,993,99,True
31,44,894,,,False
37,54,894,,,False
53,38,894,,,False
55,43,894,,,False
62,47,894,946,52,True
9,51,895,,,False
23,31,895,993,98,True
87,47,895,,,False
95,42,895,,,False
11,41,896,993,97,True
12,50,896,993,97,True
14,45,896,993,97,True
35,41,896,993,97,True
39,53,896,993,97,True
55,44,896,,,False
35,42,897,993,96,True
37,55,897,,,False
73,35,897,,,False
98,40,897,,,False
7,35,898,,,False
31,45,898,,,False
38,42,898,993,95,True
10,44,899,993,94,True
34,48,899,,,False
65,47,899,,,False
79,53,899,,,False
32,41,900,993,93,True
34,49,900,,,False
76,41,900,,,False
92,49,900,,,False
0,29,901,993,92,True
25,43,901,,,False
28,50,901,993,92,True
39,54,901,993,92,True
65,48,901,,,False
78,46,901,,,False
80,52,901,,,False
5,45,902,,,False
17,49,902,,,False
43,50,902,,,False
80,53,902,,,False
86,40,902,,,False
42,54,903,,,False
9,52,904,,,False
45,48,904,993,89,True
60,54,904,,,False
26,41,905,,,False
33,49,905,,,False
43,51,905,,,False
50,36,905,,,False
51,47,905,,,False
12,51,906,993,87,True
13,52,906,,,False
29,49,906,,,False
32,42,906,993,87,True
42,55,906,,,False
60,55,906,,,False
97,39,906,,,False
9,53,907,,,False
17,50,907,,,False
52,47,907,,,False
74,38,907,,,False
80,54,907,,,False
6,41,908,,,False
11,42,908,,,False
23,32,908,,,False
67,57,908,,,False
16,47,909,,,False
17,51,909,,,False
32,43,910,,,False
36,46,910,,,False
89,47,910,,,False
96,33,910,,,False
20,48,911,,,False
44,57,911,,,False
60,56,911,,,False
72,54,911,,,False
83,36,911,,,False
7,36,912,,,False
94,44,912,,,False
34,50,913,,,False
36,47,913,,,False
40,40,913,,,False
43,52,913,,,False
68,42,913,,,False
81,53,913,,,False
86,41,913,,,False
96,34,913,,,False
19,50,914,,,False
25,44,914,,,False
35,43,914,993,79,True
46,56,914,,,False
96,35,914,,,False
19,51,915,,,False
45,49,915,993,78,True
46,57,915,,,False
75,40,915,,,False
86,42,915,,,False
89,48,915,,,False
98,41,915,,,False
11,43,916,,,False
15,48,916,,,False
20,49,917,,,False
28,51,917,,,False
31,46,917,,,False
37,56,917,,,False
51,48,917,,,False
63,51,917,,,False
76,42,917,,,False
85,61,917,,,False
93,52,917,,,False
98,42,917,,,False
28,52,918,,,False
35,44,918,993,75,True
46,58,918,,,False
50,37,918,,,False
75,41,918,,,False
83,37,918,,,False
96,36,918,,,False
35,45,919,993,74,True
37,57,919,,,False
38,43,919,,,False
42,56,919,,,False
50,38,919,,,False
86,43,919,,,False
0,30,920,,,False
25,45,920,,,False
30,47,920,,,False
55,45,920,,,False
79,54,920,,,False
91,61,920,,,False
97,40,920,,,False
35,46,921,,,False
81,54,921,,,False
11,44,922,,,False
23,33,923,,,False
58,40,923,,,False
78,47,923,,,False
79,55,923,,,False
90,35,923,,,False
92,50,923,,,False
7,37,924,,,False
14,46,924,,,False
16,48,924,,,False
20,50,924,,,False
32,44,924,,,False
48,49,924,,,False
54,46,924,,,False
64,42,924,,,False
74,39,924,,,False
87,48,924,,,False
90,36,924,,,False
92,51,924,,,False
13,53,925,,,False
21,41,925,993,68,True
22,54,925,,,False
43,53,925,,,False
45,50,925,,,False
33,50,926,,,False
40,41,926,,,False
13,54,927,,,False
27,44,927,,,False
36,48,927,,,False
70,44,927,,,False
81,55,927,,,False
4,42,928,,,False
58,41,928,,,False
3,47,929,,,False
11,45,929,,,False
26,42,929,,,False
31,47,929,,,False
48,50,929,,,False
83,38,929,,,False
93,53,929,,,False
99,51,929,,,False
28,53,930,,,False
37,58,930,,,False
51,49,930,,,False
69,40,930,,,False
89,49,930,,,False
24,41,931,,,False
43,54,931,,,False
48,51,931,,,False
55,46,931,,,False
70,45,931,,,False
80,55,931,,,False
14,47,932,,,False
32,45,932,,,False
41,49,932,,,False
85,62,932,,,False
3,48,933,,,False
48,52,933,,,False
91,62,933,,,False
9,54,934,,,False
17,52,934,,,False
19,52,934,,,False
50,39,934,,,False
64,43,934,,,False
70,46,934,,,False
91,63,934,,,False
94,45,934,,,False
19,53,935,,,False
24,42,935,,,False
26,43,935,,,False
67,58,935,,,False
78,48,935,,,False
1,43,936,,,False
9,55,936,,,False
18,51,936,,,False
22,55,936,,,False
65,49,936,,,False
75,42,936,,,False
97,41,936,,,False
99,52,936,,,False
1,44,937,,,False
24,43,937,,,False
42,57,937,,,False
46,59,937,,,False
47,42,937,,,False
53,39,937,,,False
0,31,938,,,False
22,56,938,,,False
29,50,938,,,False
33,51,938,,,False
47,43,938,,,False
48,53,938,,,False
49,37,938,,,False
88,41,938,,,False
51,50,939,,,False
77,52,939,,,False
94,46,939,,,False
2,45,940,,,False
14,48,940,,,False
20,51,940,,,False
28,54,940,,,False
34,51,940,,,False
86,44,940,,,False
96,37,940,,,False
27,45,941,,,False
34,52,941,,,False
44,58,941,,,False
14,49,942,,,False
18,52,942,,,False
37,59,942,,,False
59,51,942,,,False
65,50,942,,,False
43,55,943,,,False
57,48,943,,,False
67,59,943,,,False
70,47,943,,,False
72,55,943,,,False
95,43,943,,,False
7,38,944,,,False
8,40,944,,,False
50,40,944,,,False
71,47,944,,,False
88,42,944,,,False
4,43,945,,,False
30,48,945,,,False
31,48,945,,,False
53,40,945,,,False
96,38,945,,,False
6,42,946,,,False
52,48,946,,,False
55,47,946,,,False
63,52,946,,,False
80,56,946,,,False
3,49,947,,,False
6,43,947,,,False
9,56,947,,,False
13,55,947,,,False
37,60,947,,,False
78,49,947,,,False
98,43,947,,,False
18,53,948,,,False
75,43,948,,,False
77,53,948,,,False
86,45,948,,,False
33,52,949,,,False
42,58,949,,,False
54,47,949,,,False
55,48,949,,,False
27,46,950,,,False
55,49,950,,,False
62,48,950,,,False
14,50,951,,,False
20,52,951,,,False
44,59,952,,,False
50,41,952,,,False
73,36,952,,,False
10,45,953,,,False
17,53,953,,,False
72,56,953,,,False
81,56,953,,,False
93,54,953,,,False
12,52,954,,,False
47,44,954,,,False
63,53,954,,,False
72,57,954,,,False
17,54,955,,,False
22,57,955,,,False
55,50,955,,,False
74,40,955,,,False
80,57,955,,,False
52,49,956,,,False
60,57,956,,,False
62,49,956,,,False
63,54,956,,,False
83,39,956,,,False
96,39,956,,,False
64,44,957,,,False
81,57,957,,,False
20,53,958,,,False
35,47,958,,,False
87,49,958,,,False
90,37,958,,,False
1,45,959,,,False
3,50,959,,,False
10,46,959,,,False
44,60,959,,,False
55,51,959,,,False
22,58,960,,,False
23,34,960,,,False
68,43,960,,,False
82,43,960,,,False
18,54,961,,,False
21,42,961,,,False
30,49,961,,,False
36,49,961,,,False
43,56,961,,,False
53,41,961,,,False
5,46,962,,,False
33,53,962,,,False
46,60,962,,,False
51,51,962,,,False
80,58,962,,,False
96,40,962,,,False
97,42,962,,,False
21,43,963,,,False
73,37,963,,,False
90,38,963,,,False
91,64,963,,,False
93,55,963,,,False
56,48,964,,,False
27,47,965,,,False
29,51,965,,,False
63,55,965,,,False
73,38,965,,,False
74,41,965,,,False
6,44,966,,,False
20,54,966,,,False
45,51,966,,,False
65,51,966,,,False
67,60,966,,,False
82,44,966,,,False
13,56,967,,,False
31,49,967,,,False
34,53,967,,,False
36,50,967,,,False
39,55,967,,,False
47,45,967,,,False
52,50,967,,,False
60,58,967,,,False
70,48,967,,,False
3,51,968,,,False
35,48,968,,,False
45,52,968,,,False
53,42,968,,,False
62,50,968,,,False
66,53,968,,,False
87,50,968,,,False
99,53,968,,,False
27,48,969,,,False
39,56,969,,,False
58,42,969,,,False
93,56,969,,,False
7,39,970,,,False
10,47,970,,,False
17,55,970,,,False
25,46,970,,,False
45,53,970,,,False
98,44,970,,,False
7,40,971,,,False
31,50,971,,,False
65,52,971,,,False
88,43,971,,,False
90,39,971,,,False
17,56,972,,,False
59,52,972,,,False
68,44,972,,,False
73,39,972,,,False
77,54,972,,,False
23,35,973,,,False
40,42,973,,,False
66,54,973,,,False
6,45,974,,,False
57,49,974,,,False
81,58,974,,,False
85,63,974,,,False
87,51,974,,,False
10,48,975,,,False
38,44,975,,,False
52,51,975,,,False
65,53,975,,,False
75,44,975,,,False
81,59,975,,,False
12,53,976,,,False
77,55,976,,,False
19,54,977,,,False
21,44,977,,,False
28,55,977,,,False
60,59,977,,,False
70,49,977,,,False
86,46,977,,,False
10,49,978,,,False
16,49,978,,,False
65,54,978,,,False
13,57,979,,,False
27,49,979,,,False
37,61,979,,,False
42,59,979,,,False
43,57,979,,,False
86,47,979,,,False
87,52,979,,,False
91,65,979,,,False
4,44,980,,,False
11,46,980,,,False
18,55,980,,,False
25,47,980,,,False
30,50,980,,,False
95,44,980,,,False
42,60,981,,,False
51,52,981,,,False
55,52,981,,,False
64,45,981,,,False
67,61,981,,,False
92,52,982,,,False
0,32,983,,,False
15,49,983,,,False
35,49,983,,,False
68,45,983,,,False
73,40,983,,,False
74,42,983,,,False
35,50,984,,,False
51,53,984,,,False
53,43,984,,,False
58,43,984,,,False
75,45,984,,,False
84,47,984,,,False
66,55,986,,,False
67,62,986,,,False
79,56,986,,,False
84,48,986,,,False
98,45,986,,,False
15,50,987,,,False
20,55,987,,,False
36,51,987,,,False
58,44,987,,,False
65,55,987,,,False
93,57,987,,,False
9,57,988,,,False
70,50,988,,,False
3,52,989,,,False
46,61,989,,,False
83,40,989,,,False
7,41,990,,,False
22,59,990,,,False
36,52,990,,,False
47,46,990,,,False
82,45,990,,,False
9,58,991,,,False
25,48,991,,,False
72,58,991,,,False
83,41,991,,,False
86,48,991,,,False
10,50,992,,,False
36,53,992,,,False
37,62,992,,,False
38,45,992,,,False
47,47,992,,,False
62,51,992,,,False
88,44,992,,,False
5,47,993,,,False
40,43,993,,,False
41,50,993,,,False
72,59,993,,,False
90,40,993,,,False
93,58,993,,,False
11,47,994,,,False
19,55,994,,,False
36,54,994,,,False
79,57,994,,,False
34,54,995,,,False
65,56,995,,,False
4,45,996,,,False
30,51,996,,,False
74,43,996,,,False
77,56,996,,,False
80,59,996,,,False
88,45,996,,,False
94,47,996,,,False
47,48,997,,,False
78,50,997,,,False
82,46,997,,,False
83,42,997,,,False
17,57,998,,,False
25,49,998,,,False
67,63,998,,,False
78,51,998,,,False
80,60,998,,,False
9,59,999,,,False
26,44,999,,,False
49,38,999,,,False
67,64,999,,,False
71,48,999,,,False
96,41,999,,,False
