source,version,generation_slot,completion_slot,delay,completed
24,1,0,123,123,True
40,1,0,150,150,True
42,1,0,150,150,True
48,1,0,151,151,True
50,1,0,52,52,True
65,1,0,52,52,True
72,1,0,69,69,True
80,1,0,177,177,True
82,1,0,177,177,True
84,1,0,177,177,True
85,1,0,48,48,True
92,1,0,177,177,True
8,1,1,150,149,True
14,1,1,150,149,True
22,1,1,123,122,True
29,1,1,150,149,True
34,1,1,69,68,True
36,1,1,150,149,True
40,2,1,150,149,True
48,2,1,151,150,True
50,2,1,52,51,True
55,1,1,177,176,True
68,1,1,177,176,True
72,2,1,69,68,True
80,2,1,177,176,True
96,1,1,177,176,True
3,1,2,150,148,True
5,1,2,150,148,True
9,1,2,150,148,True
11,1,2,150,148,True
13,1,2,150,148,True
27,1,2,150,148,True
31,1,2,123,121,True
33,1,2,150,148,True
36,2,2,150,148,True
37,1,2,150,148,True
40,3,2,150,148,True
48,3,2,151,149,True
49,1,2,150,148,True
60,1,2,177,175,True
61,1,2,50,48,True
64,1,2,69,67,True
72,3,2,69,67,True
73,1,2,177,175,True
75,1,2,48,46,True
80,3,2,177,175,True
89,1,2,177,175,True
94,1,2,177,175,True
3,2,3,150,147,True
8,2,3,150,147,True
14,2,3,150,147,True
16,1,3,150,147,True
21,1,3,150,147,True
26,1,3,150,147,True
37,2,3,150,147,True
40,4,3,150,147,True
42,2,3,150,147,True
48,4,3,151,148,True
52,1,3,,,False
59,1,3,177,174,True
63,1,3,177,174,True
65,2,3,52,49,True
71,1,3,177,174,True
75,2,3,48,45,True
82,2,3,177,174,True
93,1,3,177,174,True
96,2,3,177,174,True
5,2,4,150,146,True
7,1,4,151,147,True
10,1,4,150,146,True
12,1,4,123,119,True
24,2,4,123,119,True
25,1,4,123,119,True
30,1,4,123,119,True
33,2,4,150,146,True
53,1,4,219,215,True
60,2,4,177,173,True
61,2,4,69,65,True
65,3,4,52,48,True
70,1,4,69,65,True
80,4,4,177,173,True
86,1,4,177,173,True
89,2,4,177,173,True
90,1,4,177,173,True
98,1,4,177,173,True
7,2,5,151,146,True
13,2,5,150,145,True
40,5,5,150,145,True
41,1,5,150,145,True
43,1,5,123,118,True
50,3,5,52,47,True
52,2,5,,,False
54,1,5,177,172,True
56,1,5,177,172,True
66,1,5,177,172,True
68,2,5,177,172,True
78,1,5,177,172,True
79,1,5,52,47,True
83,1,5,177,172,True
91,1,5,177,172,True
0,1,6,150,144,True
4,1,6,150,144,True
6,1,6,150,144,True
15,1,6,123,117,True
16,2,6,150,144,True
17,1,6,151,145,True
25,2,6,123,117,True
28,1,6,123,117,True
32,1,6,150,144,True
33,3,6,150,144,True
36,3,6,150,144,True
40,6,6,150,144,True
47,1,6,150,144,True
52,3,6,,,False
56,2,6,177,171,True
65,4,6,52,46,True
69,1,6,177,171,True
80,5,6,177,171,True
82,3,6,177,171,True
87,1,6,177,171,True
88,1,6,177,171,True
89,3,6,177,171,True
90,2,6,177,171,True
92,2,6,177,171,True
94,2,6,177,171,True
95,1,6,177,171,True
96,3,6,177,171,True
97,1,6,177,171,True
98,2,6,177,171,True
4,2,7,150,143,True
8,3,7,150,143,True
12,2,7,123,116,True
14,3,7,150,143,True
18,1,7,150,143,True
24,3,7,123,116,True
29,2,7,150,143,True
32,2,7,150,143,True
44,1,7,150,143,True
52,4,7,,,False
59,2,7,177,170,True
80,6,7,177,170,True
83,2,7,177,170,True
87,2,7,177,170,True
88,2,7,177,170,True
91,2,7,177,170,True
0,2,8,150,142,True
4,3,8,150,142,True
17,2,8,151,143,True
26,2,8,150,142,True
27,2,8,150,142,True
37,3,8,150,142,True
41,2,8,150,142,True
43,2,8,151,143,True
54,2,8,177,169,True
62,1,8,177,169,True
67,1,8,177,169,True
78,2,8,177,169,True
80,7,8,177,169,True
81,1,8,177,169,True
85,2,8,177,169,True
86,2,8,177,169,True
87,3,8,177,169,True
0,3,9,150,141,True
4,4,9,150,141,True
15,2,9,123,114,True
29,3,9,150,141,True
32,3,9,150,141,True
38,1,9,150,141,True
44,2,9,150,141,True
48,5,9,151,142,True
54,3,9,177,168,True
57,1,9,69,60,True
67,2,9,177,168,True
68,3,9,177,168,True
71,2,9,177,168,True
72,4,9,69,60,True
78,3,9,177,168,True
91,3,9,177,168,True
98,3,9,177,168,True
1,1,10,150,140,True
6,2,10,151,141,True
7,3,10,151,141,True
14,4,10,150,140,True
16,3,10,150,140,True
21,2,10,150,140,True
25,3,10,150,140,True
30,2,10,123,113,True
32,4,10,150,140,True
35,1,10,123,113,True
37,4,10,150,140,True
40,7,10,150,140,True
49,2,10,150,140,True
50,4,10,52,42,True
56,3,10,177,167,True
59,3,10,177,167,True
62,2,10,177,167,True
68,4,10,177,167,True
70,2,10,123,113,True
80,8,10,177,167,True
88,3,10,177,167,True
90,3,10,177,167,True
93,2,10,177,167,True
13,3,11,150,139,True
14,5,11,150,139,True
22,2,11,150,139,True
35,2,11,123,112,True
38,2,11,150,139,True
40,8,11,150,139,True
44,3,11,150,139,True
58,1,11,177,166,True
67,3,11,177,166,True
76,1,11,177,166,True
78,4,11,177,166,True
79,2,11,52,41,True
80,9,11,177,166,True
82,4,11,177,166,True
2,1,12,151,139,True
17,3,12,151,139,True
21,3,12,150,138,True
24,4,12,150,138,True
43,3,12,151,139,True
44,4,12,150,138,True
63,2,12,177,165,True
67,4,12,177,165,True
75,3,12,177,165,True
79,3,12,52,40,True
1,2,13,150,137,True
3,3,13,150,137,True
10,2,13,150,137,True
13,4,13,150,137,True
15,3,13,123,110,True
19,1,13,150,137,True
22,3,13,150,137,True
24,5,13,150,137,True
25,4,13,151,138,True
27,3,13,150,137,True
30,3,13,123,110,True
33,4,13,150,137,True
37,5,13,150,137,True
43,4,13,151,138,True
45,1,13,123,110,True
46,1,13,150,137,True
48,6,13,151,138,True
53,2,13,219,206,True
56,4,13,177,164,True
57,2,13,69,56,True
59,4,13,177,164,True
61,3,13,69,56,True
68,5,13,177,164,True
73,2,13,177,164,True
83,3,13,177,164,True
94,3,13,177,164,True
97,2,13,177,164,True
6,3,14,151,137,True
16,4,14,150,136,True
32,5,14,150,136,True
40,9,14,150,136,True
41,3,14,150,136,True
42,3,14,150,136,True
44,5,14,150,136,True
49,3,14,150,136,True
50,5,14,177,163,True
58,2,14,177,163,True
70,3,14,123,109,True
73,3,14,177,163,True
74,1,14,177,163,True
77,1,14,177,163,True
81,2,14,177,163,True
87,4,14,177,163,True
93,3,14,177,163,True
97,3,14,177,163,True
2,2,15,151,136,True
13,5,15,150,135,True
16,5,15,150,135,True
18,2,15,150,135,True
31,2,15,151,136,True
33,5,15,150,135,True
36,4,15,150,135,True
52,5,15,,,False
58,3,15,177,162,True
62,3,15,177,162,True
63,3,15,177,162,True
65,5,15,69,54,True
67,5,15,177,162,True
73,4,15,177,162,True
80,10,15,177,162,True
88,4,15,177,162,True
92,3,15,177,162,True
98,4,15,177,162,True
4,5,16,150,134,True
5,3,16,151,135,True
7,4,16,151,135,True
27,4,16,150,134,True
28,2,16,150,134,True
30,4,16,123,107,True
33,6,16,150,134,True
36,5,16,150,134,True
38,3,16,150,134,True
47,2,16,150,134,True
50,6,16,177,161,True
53,3,16,219,203,True
56,5,16,177,161,True
58,4,16,177,161,True
63,4,16,177,161,True
68,6,16,177,161,True
78,5,16,177,161,True
92,4,16,177,161,True
93,4,16,177,161,True
0,4,17,150,133,True
7,5,17,151,134,True
10,3,17,151,134,True
14,6,17,150,133,True
18,3,17,150,133,True
27,5,17,150,133,True
33,7,17,150,133,True
40,10,17,150,133,True
46,2,17,150,133,True
54,4,17,177,160,True
55,2,17,177,160,True
58,5,17,177,160,True
81,3,17,177,160,True
88,5,17,177,160,True
93,5,17,177,160,True
98,5,17,177,160,True
99,1,17,177,160,True
3,4,18,150,132,True
24,6,18,150,132,True
25,5,18,151,133,True
28,3,18,150,132,True
30,5,18,123,105,True
41,4,18,150,132,True
47,3,18,150,132,True
48,7,18,151,133,True
49,4,18,150,132,True
50,7,18,177,159,True
51,1,18,177,159,True
54,5,18,177,159,True
64,2,18,69,51,True
76,2,18,177,159,True
88,6,18,177,159,True
89,4,18,177,159,True
93,6,18,177,159,True
94,4,18,177,159,True
1,3,19,150,131,True
4,6,19,150,131,True
11,2,19,150,131,True
13,6,19,150,131,True
16,6,19,150,131,True
18,4,19,150,131,True
20,1,19,123,104,True
22,4,19,150,131,True
28,4,19,150,131,True
39,1,19,150,131,True
42,4,19,150,131,True
50,8,19,177,158,True
57,3,19,123,104,True
61,4,19,69,50,True
63,5,19,177,158,True
65,6,19,177,158,True
68,7,19,177,158,True
76,3,19,177,158,True
78,6,19,177,158,True
82,5,19,177,158,True
86,3,19,177,158,True
95,2,19,177,158,True
9,2,20,151,131,True
12,3,20,150,130,True
21,4,20,150,130,True
29,4,20,150,130,True
30,6,20,123,103,True
34,2,20,123,103,True
36,6,20,150,130,True
37,6,20,151,131,True
45,2,20,123,103,True
48,8,20,151,131,True
49,5,20,150,130,True
62,4,20,177,157,True
75,4,20,177,157,True
79,4,20,177,157,True
86,4,20,177,157,True
89,5,20,177,157,True
90,4,20,177,157,True
92,5,20,177,157,True
97,4,20,177,157,True
3,5,21,150,129,True
21,5,21,150,129,True
22,5,21,150,129,True
30,7,21,123,102,True
32,6,21,150,129,True
40,11,21,150,129,True
46,3,21,150,129,True
47,4,21,150,129,True
55,3,21,177,156,True
60,3,21,177,156,True
71,3,21,177,156,True
72,5,21,177,156,True
77,2,21,177,156,True
84,2,21,177,156,True
90,5,21,177,156,True
91,4,21,177,156,True
92,6,21,177,156,True
97,5,21,177,156,True
99,2,21,177,156,True
0,5,22,150,128,True
3,6,22,150,128,True
11,3,22,150,128,True
30,8,22,123,101,True
38,4,22,151,129,True
39,2,22,150,128,True
41,5,22,150,128,True
45,3,22,123,101,True
52,6,22,,,False
63,6,22,177,155,True
65,7,22,177,155,True
76,4,22,177,155,True
80,11,22,177,155,True
91,5,22,177,155,True
94,5,22,177,155,True
1,4,23,150,127,True
7,6,23,151,128,True
14,7,23,150,127,True
17,4,23,151,128,True
24,7,23,150,127,True
25,6,23,151,128,True
27,6,23,150,127,True
32,7,23,150,127,True
34,3,23,151,128,True
50,9,23,177,154,True
53,4,23,219,196,True
74,2,23,177,154,True
76,5,23,177,154,True
85,3,23,177,154,True
87,5,23,177,154,True
8,4,24,150,126,True
11,4,24,150,126,True
17,5,24,151,127,True
19,2,24,151,127,True
21,6,24,150,126,True
28,5,24,151,127,True
29,5,24,150,126,True
35,3,24,123,99,True
41,6,24,150,126,True
43,5,24,151,127,True
54,6,24,177,153,True
69,2,24,177,153,True
71,4,24,177,153,True
81,4,24,177,153,True
84,3,24,177,153,True
85,4,24,177,153,True
87,6,24,177,153,True
90,6,24,177,153,True
91,6,24,177,153,True
8,5,25,150,125,True
12,4,25,150,125,True
21,7,25,150,125,True
23,1,25,150,125,True
33,8,25,150,125,True
40,12,25,151,126,True
52,7,25,,,False
60,4,25,177,152,True
67,6,25,177,152,True
77,3,25,177,152,True
81,5,25,177,152,True
82,6,25,177,152,True
85,5,25,177,152,True
86,5,25,177,152,True
1,5,26,150,124,True
7,7,26,151,125,True
9,3,26,151,125,True
12,5,26,150,124,True
16,7,26,151,125,True
17,6,26,151,125,True
22,6,26,151,125,True
24,8,26,150,124,True
27,7,26,150,124,True
28,6,26,151,125,True
35,4,26,123,97,True
48,9,26,151,125,True
59,5,26,177,151,True
60,5,26,177,151,True
67,7,26,177,151,True
73,5,26,177,151,True
84,4,26,177,151,True
88,7,26,177,151,True
90,7,26,177,151,True
91,7,26,177,151,True
5,4,27,151,124,True
8,6,27,150,123,True
13,7,27,150,123,True
17,7,27,151,124,True
20,2,27,123,96,True
21,8,27,150,123,True
36,7,27,150,123,True
37,7,27,151,124,True
38,5,27,151,124,True
44,6,27,150,123,True
45,4,27,123,96,True
54,7,27,177,150,True
55,4,27,177,150,True
56,6,27,177,150,True
60,6,27,177,150,True
61,5,27,123,96,True
63,7,27,177,150,True
64,3,27,123,96,True
68,8,27,177,150,True
70,4,27,177,150,True
71,5,27,177,150,True
75,5,27,177,150,True
79,5,27,177,150,True
88,8,27,177,150,True
89,6,27,177,150,True
1,6,28,150,122,True
6,4,28,151,123,True
10,4,28,151,123,True
14,8,28,150,122,True
28,7,28,151,123,True
33,9,28,150,122,True
52,8,28,,,False
58,6,28,177,149,True
78,7,28,177,149,True
83,4,28,177,149,True
87,7,28,177,149,True
97,6,28,177,149,True
0,6,29,150,121,True
13,8,29,150,121,True
19,3,29,151,122,True
21,9,29,150,121,True
23,2,29,150,121,True
28,8,29,151,122,True
39,3,29,151,122,True
44,7,29,150,121,True
56,7,29,177,148,True
58,7,29,177,148,True
63,8,29,177,148,True
67,8,29,177,148,True
75,6,29,177,148,True
76,6,29,177,148,True
99,3,29,177,148,True
6,5,30,151,121,True
9,4,30,151,121,True
12,6,30,150,120,True
13,9,30,150,120,True
14,9,30,150,120,True
16,8,30,151,121,True
17,8,30,151,121,True
20,3,30,123,93,True
29,6,30,150,120,True
30,9,30,123,93,True
32,8,30,150,120,True
37,8,30,151,121,True
45,5,30,123,93,True
55,5,30,177,147,True
65,8,30,177,147,True
71,6,30,177,147,True
75,7,30,177,147,True
80,12,30,177,147,True
88,9,30,177,147,True
90,8,30,177,147,True
91,8,30,177,147,True
92,7,30,177,147,True
93,7,30,177,147,True
0,7,31,150,119,True
2,3,31,151,120,True
3,7,31,217,186,True
7,8,31,151,120,True
13,10,31,150,119,True
21,10,31,150,119,True
23,3,31,150,119,True
24,9,31,150,119,True
42,5,31,150,119,True
44,8,31,150,119,True
45,6,31,123,92,True
50,10,31,177,146,True
52,9,31,,,False
61,6,31,177,146,True
63,9,31,177,146,True
66,2,31,177,146,True
67,9,31,177,146,True
68,9,31,177,146,True
71,7,31,177,146,True
75,8,31,177,146,True
77,4,31,177,146,True
80,13,31,177,146,True
83,5,31,177,146,True
93,8,31,177,146,True
94,6,31,177,146,True
4,7,32,150,118,True
8,7,32,150,118,True
13,11,32,150,118,True
16,9,32,151,119,True
18,5,32,151,119,True
20,4,32,123,91,True
22,7,32,151,119,True
46,4,32,150,118,True
47,5,32,150,118,True
48,10,32,151,119,True
50,11,32,177,145,True
54,8,32,177,145,True
71,8,32,177,145,True
73,6,32,177,145,True
75,9,32,177,145,True
80,14,32,177,145,True
83,6,32,177,145,True
86,6,32,177,145,True
2,4,33,151,118,True
12,7,33,150,117,True
13,12,33,150,117,True
16,10,33,151,118,True
19,4,33,151,118,True
23,4,33,150,117,True
24,10,33,150,117,True
28,9,33,151,118,True
30,10,33,123,90,True
34,4,33,151,118,True
37,9,33,151,118,True
39,4,33,151,118,True
42,6,33,150,117,True
48,11,33,151,118,True
58,8,33,177,144,True
65,9,33,177,144,True
67,10,33,177,144,True
68,10,33,177,144,True
76,7,33,177,144,True
82,7,33,177,144,True
92,8,33,177,144,True
93,9,33,177,144,True
97,7,33,177,144,True
1,7,34,150,116,True
7,9,34,151,117,True
21,11,34,150,116,True
26,3,34,151,117,True
34,5,34,151,117,True
44,9,34,150,116,True
50,12,34,177,143,True
53,5,34,219,185,True
58,9,34,177,143,True
59,6,34,177,143,True
64,4,34,177,143,True
70,5,34,177,143,True
71,9,34,177,143,True
77,5,34,177,143,True
78,8,34,177,143,True
79,6,34,177,143,True
86,7,34,177,143,True
88,10,34,177,143,True
90,9,34,177,143,True
2,5,35,151,116,True
14,10,35,150,115,True
15,4,35,123,88,True
17,9,35,151,116,True
19,5,35,151,116,True
22,8,35,151,116,True
23,5,35,150,115,True
40,13,35,151,116,True
43,6,35,151,116,True
48,12,35,151,116,True
54,9,35,177,142,True
55,6,35,177,142,True
63,10,35,177,142,True
64,5,35,177,142,True
73,7,35,177,142,True
78,9,35,177,142,True
79,7,35,177,142,True
88,11,35,177,142,True
93,10,35,177,142,True
96,4,35,177,142,True
98,6,35,177,142,True
9,5,36,151,115,True
14,11,36,150,114,True
15,5,36,123,87,True
17,10,36,151,115,True
18,6,36,151,115,True
25,7,36,151,115,True
26,4,36,151,115,True
28,10,36,151,115,True
29,7,36,150,114,True
39,5,36,151,115,True
42,7,36,150,114,True
48,13,36,151,115,True
51,2,36,177,141,True
53,6,36,219,183,True
54,10,36,177,141,True
57,4,36,123,87,True
78,10,36,177,141,True
81,6,36,177,141,True
86,8,36,177,141,True
87,8,36,219,183,True
88,12,36,177,141,True
91,9,36,177,141,True
94,7,36,219,183,True
97,8,36,177,141,True
8,8,37,150,113,True
14,12,37,150,113,True
15,6,37,123,86,True
16,11,37,151,114,True
18,7,37,151,114,True
27,8,37,151,114,True
30,11,37,151,114,True
31,3,37,151,114,True
34,6,37,151,114,True
36,8,37,150,113,True
49,6,37,150,113,True
53,7,37,219,182,True
55,7,37,177,140,True
61,7,37,177,140,True
63,11,37,177,140,True
78,11,37,177,140,True
82,8,37,177,140,True
86,9,37,177,140,True
93,11,37,177,140,True
2,6,38,151,113,True
3,8,38,217,179,True
4,8,38,150,112,True
16,12,38,151,113,True
34,7,38,151,113,True
45,7,38,123,85,True
51,3,38,177,139,True
56,8,38,177,139,True
68,11,38,177,139,True
69,3,38,177,139,True
72,6,38,177,139,True
80,15,38,177,139,True
97,9,38,177,139,True
1,8,39,150,111,True
2,7,39,151,112,True
17,11,39,151,112,True
21,12,39,150,111,True
24,11,39,150,111,True
30,12,39,151,112,True
41,7,39,151,112,True
42,8,39,150,111,True
43,7,39,151,112,True
45,8,39,151,112,True
47,6,39,150,111,True
49,7,39,150,111,True
56,9,39,177,138,True
57,5,39,123,84,True
62,5,39,177,138,True
67,11,39,177,138,True
75,10,39,177,138,True
76,8,39,177,138,True
87,9,39,219,180,True
90,10,39,177,138,True
95,3,39,177,138,True
96,5,39,177,138,True
98,7,39,177,138,True
11,5,40,150,110,True
16,13,40,151,111,True
24,12,40,150,110,True
32,9,40,151,111,True
39,6,40,151,111,True
46,5,40,151,111,True
55,8,40,219,179,True
56,10,40,177,137,True
68,12,40,177,137,True
73,8,40,177,137,True
91,10,40,177,137,True
94,8,40,219,179,True
1,9,41,150,109,True
2,8,41,151,110,True
4,9,41,150,109,True
7,10,41,151,110,True
16,14,41,151,110,True
30,13,41,151,110,True
35,5,41,151,110,True
37,10,41,151,110,True
45,9,41,151,110,True
46,6,41,151,110,True
49,8,41,150,109,True
53,8,41,219,178,True
55,9,41,219,178,True
56,11,41,177,136,True
58,10,41,177,136,True
63,12,41,177,136,True
68,13,41,177,136,True
70,6,41,177,136,True
75,11,41,177,136,True
79,8,41,177,136,True
87,10,41,219,178,True
90,11,41,177,136,True
93,12,41,177,136,True
95,4,41,177,136,True
98,8,41,177,136,True
1,10,42,150,108,True
17,12,42,151,109,True
21,13,42,150,108,True
22,9,42,151,109,True
23,6,42,150,108,True
29,8,42,150,108,True
31,4,42,151,109,True
34,8,42,151,109,True
37,11,42,151,109,True
40,14,42,151,109,True
50,13,42,177,135,True
54,11,42,177,135,True
59,7,42,177,135,True
65,10,42,177,135,True
77,6,42,177,135,True
94,9,42,219,177,True
3,9,43,217,174,True
7,11,43,151,108,True
13,13,43,151,108,True
17,13,43,151,108,True
19,6,43,151,108,True
26,5,43,151,108,True
27,9,43,151,108,True
29,9,43,150,107,True
30,14,43,151,108,True
32,10,43,151,108,True
38,6,43,151,108,True
40,15,43,151,108,True
46,7,43,151,108,True
49,9,43,150,107,True
59,8,43,177,134,True
63,13,43,219,176,True
64,6,43,177,134,True
72,7,43,177,134,True
74,3,43,177,134,True
76,9,43,177,134,True
84,5,43,177,134,True
88,13,43,177,134,True
94,10,43,219,176,True
99,4,43,177,134,True
2,9,44,151,107,True
11,6,44,217,173,True
13,14,44,151,107,True
14,13,44,150,106,True
15,7,44,151,107,True
19,7,44,151,107,True
23,7,44,151,107,True
27,10,44,151,107,True
36,9,44,151,107,True
37,12,44,151,107,True
38,7,44,151,107,True
40,16,44,151,107,True
43,8,44,151,107,True
48,14,44,217,173,True
54,12,44,177,133,True
61,8,44,177,133,True
66,3,44,177,133,True
70,7,44,177,133,True
72,8,44,177,133,True
74,4,44,177,133,True
75,12,44,177,133,True
76,10,44,177,133,True
79,9,44,177,133,True
87,11,44,219,175,True
1,11,45,150,105,True
7,12,45,151,106,True
9,6,45,217,172,True
12,8,45,150,105,True
30,15,45,151,106,True
33,10,45,150,105,True
42,9,45,151,106,True
44,10,45,217,172,True
45,10,45,151,106,True
46,8,45,151,106,True
54,13,45,177,132,True
56,12,45,177,132,True
58,11,45,177,132,True
65,11,45,177,132,True
66,4,45,177,132,True
72,9,45,177,132,True
74,5,45,177,132,True
84,6,45,177,132,True
92,9,45,177,132,True
98,9,45,177,132,True
5,5,46,151,105,True
9,7,46,217,171,True
20,5,46,177,131,True
21,14,46,150,104,True
29,10,46,150,104,True
39,7,46,151,105,True
41,8,46,151,105,True
44,11,46,217,171,True
45,11,46,151,105,True
46,9,46,151,105,True
48,15,46,217,171,True
49,10,46,151,105,True
50,14,46,177,131,True
51,4,46,177,131,True
70,8,46,177,131,True
76,11,46,219,173,True
80,16,46,177,131,True
92,10,46,177,131,True
94,11,46,219,173,True
2,10,47,151,104,True
4,10,47,151,104,True
8,9,47,217,170,True
22,10,47,151,104,True
23,8,47,151,104,True
26,6,47,217,170,True
27,11,47,151,104,True
32,11,47,151,104,True
33,11,47,150,103,True
36,10,47,151,104,True
40,17,47,217,170,True
44,12,47,217,170,True
54,14,47,177,130,True
58,12,47,177,130,True
64,7,47,177,130,True
65,12,47,177,130,True
66,5,47,177,130,True
68,14,47,177,130,True
69,4,47,177,130,True
70,9,47,177,130,True
73,9,47,177,130,True
99,5,47,177,130,True
0,8,48,217,169,True
1,12,48,150,102,True
4,11,48,151,103,True
6,6,48,151,103,True
7,13,48,151,103,True
10,5,48,151,103,True
21,15,48,150,102,True
23,9,48,151,103,True
25,8,48,151,103,True
29,11,48,150,102,True
35,6,48,151,103,True
37,13,48,151,103,True
39,8,48,151,103,True
40,18,48,217,169,True
41,9,48,151,103,True
48,16,48,217,169,True
53,9,48,219,171,True
55,10,48,219,171,True
58,13,48,177,129,True
72,10,48,177,129,True
73,10,48,177,129,True
88,14,48,219,171,True
89,7,48,177,129,True
1,13,49,150,101,True
10,6,49,151,102,True
11,7,49,217,168,True
15,8,49,151,102,True
25,9,49,151,102,True
30,16,49,151,102,True
45,12,49,151,102,True
48,17,49,217,168,True
53,10,49,219,170,True
57,6,49,177,128,True
62,6,49,177,128,True
63,14,49,219,170,True
69,5,49,177,128,True
75,13,49,177,128,True
76,12,49,219,170,True
77,7,49,177,128,True
90,12,49,177,128,True
91,11,49,177,128,True
99,6,49,177,128,True
1,14,50,150,100,True
6,7,50,151,101,True
8,10,50,217,167,True
14,14,50,150,100,True
17,14,50,151,101,True
18,8,50,151,101,True
23,10,50,151,101,True
25,10,50,151,101,True
28,11,50,151,101,True
37,14,50,151,101,True
38,8,50,151,101,True
50,15,50,177,127,True
51,5,50,177,127,True
56,13,50,177,127,True
59,9,50,177,127,True
60,7,50,177,127,True
64,8,50,177,127,True
79,10,50,177,127,True
87,12,50,219,169,True
89,8,50,177,127,True
93,13,50,177,127,True
2,11,51,151,100,True
11,8,51,217,166,True
12,9,51,151,100,True
15,9,51,151,100,True
19,8,51,151,100,True
21,16,51,150,99,True
22,11,51,151,100,True
35,7,51,151,100,True
41,10,51,151,100,True
43,9,51,151,100,True
46,10,51,151,100,True
52,10,51,,,False
56,14,51,177,126,True
60,8,51,177,126,True
65,13,51,219,168,True
71,10,51,177,126,True
82,9,51,177,126,True
83,7,51,177,126,True
85,6,51,219,168,True
86,10,51,177,126,True
88,15,51,219,168,True
90,13,51,177,126,True
91,12,51,177,126,True
98,10,51,177,126,True
99,7,51,177,126,True
26,7,52,217,165,True
30,17,52,151,99,True
33,12,52,217,165,True
34,9,52,151,99,True
40,19,52,217,165,True
50,16,52,177,125,True
67,12,52,177,125,True
70,10,52,177,125,True
72,11,52,177,125,True
75,14,52,177,125,True
78,12,52,177,125,True
93,14,52,177,125,True
95,5,52,177,125,True
97,10,52,177,125,True
99,8,52,177,125,True
2,12,53,151,98,True
3,10,53,217,164,True
5,6,53,151,98,True
36,11,53,217,164,True
39,9,53,217,164,True
40,20,53,217,164,True
46,11,53,151,98,True
49,11,53,151,98,True
68,15,53,219,166,True
69,6,53,177,124,True
72,12,53,177,124,True
91,13,53,177,124,True
93,15,53,177,124,True
94,12,53,219,166,True
0,9,54,217,163,True
15,10,54,151,97,True
23,11,54,151,97,True
26,8,54,217,163,True
33,13,54,217,163,True
39,10,54,217,163,True
41,11,54,217,163,True
42,10,54,217,163,True
45,13,54,151,97,True
51,6,54,177,123,True
61,9,54,177,123,True
63,15,54,219,165,True
65,14,54,219,165,True
71,11,54,177,123,True
74,6,54,177,123,True
79,11,54,177,123,True
87,13,54,219,165,True
99,9,54,177,123,True
0,10,55,217,162,True
2,13,55,151,96,True
3,11,55,217,162,True
10,7,55,217,162,True
12,10,55,151,96,True
14,15,55,150,95,True
21,17,55,217,162,True
22,12,55,151,96,True
34,10,55,151,96,True
36,12,55,217,162,True
38,9,55,151,96,True
39,11,55,217,162,True
42,11,55,217,162,True
51,7,55,177,122,True
52,11,55,,,False
58,14,55,177,122,True
59,10,55,177,122,True
66,6,55,219,164,True
70,11,55,177,122,True
74,7,55,177,122,True
77,8,55,177,122,True
82,10,55,177,122,True
96,6,55,177,122,True
98,11,55,177,122,True
2,14,56,151,95,True
4,12,56,151,95,True
7,14,56,151,95,True
10,8,56,217,161,True
13,15,56,217,161,True
25,11,56,217,161,True
27,12,56,151,95,True
28,12,56,217,161,True
41,12,56,217,161,True
46,12,56,151,95,True
50,17,56,177,121,True
55,11,56,219,163,True
60,9,56,177,121,True
61,10,56,177,121,True
66,7,56,219,163,True
70,12,56,177,121,True
73,11,56,177,121,True
74,8,56,177,121,True
78,13,56,219,163,True
82,11,56,177,121,True
96,7,56,177,121,True
3,12,57,217,160,True
16,15,57,217,160,True
21,18,57,217,160,True
22,13,57,151,94,True
36,13,57,217,160,True
41,13,57,217,160,True
42,12,57,217,160,True
43,10,57,151,94,True
63,16,57,219,162,True
66,8,57,219,162,True
67,13,57,177,120,True
73,12,57,177,120,True
74,9,57,177,120,True
77,9,57,177,120,True
88,16,57,219,162,True
95,6,57,177,120,True
6,8,58,151,93,True
7,15,58,151,93,True
28,13,58,217,159,True
33,14,58,217,159,True
41,14,58,217,159,True
42,13,58,217,159,True
44,13,58,217,159,True
53,11,58,219,161,True
56,15,58,177,119,True
57,7,58,177,119,True
59,11,58,177,119,True
65,15,58,219,161,True
66,9,58,219,161,True
67,14,58,177,119,True
68,16,58,219,161,True
77,10,58,177,119,True
79,12,58,177,119,True
80,17,58,177,119,True
84,7,58,177,119,True
85,7,58,219,161,True
91,14,58,177,119,True
93,16,58,177,119,True
2,15,59,151,92,True
4,13,59,151,92,True
6,9,59,151,92,True
7,16,59,151,92,True
9,8,59,217,158,True
20,6,59,177,118,True
22,14,59,151,92,True
26,9,59,217,158,True
32,12,59,217,158,True
36,14,59,217,158,True
39,12,59,217,158,True
42,14,59,217,158,True
43,11,59,151,92,True
50,18,59,177,118,True
52,12,59,,,False
55,12,59,219,160,True
57,8,59,177,118,True
59,12,59,177,118,True
69,7,59,177,118,True
79,13,59,177,118,True
80,18,59,177,118,True
87,14,59,219,160,True
91,15,59,177,118,True
98,12,59,177,118,True
5,7,60,151,91,True
8,11,60,217,157,True
12,11,60,217,157,True
14,16,60,241,181,True
19,9,60,151,91,True
25,12,60,217,157,True
27,13,60,151,91,True
28,14,60,217,157,True
31,5,60,151,91,True
47,7,60,217,157,True
52,13,60,,,False
56,16,60,177,117,True
59,13,60,177,117,True
65,16,60,219,159,True
66,10,60,219,159,True
71,12,60,177,117,True
73,13,60,177,117,True
76,13,60,219,159,True
77,11,60,177,117,True
80,19,60,177,117,True
96,8,60,177,117,True
98,13,60,177,117,True
6,10,61,151,90,True
16,16,61,217,156,True
25,13,61,217,156,True
28,15,61,217,156,True
32,13,61,217,156,True
40,21,61,217,156,True
46,13,61,217,156,True
49,12,61,217,156,True
53,12,61,219,158,True
55,13,61,219,158,True
56,17,61,177,116,True
67,15,61,177,116,True
68,17,61,219,158,True
81,7,61,219,158,True
83,8,61,177,116,True
84,8,61,177,116,True
93,17,61,177,116,True
94,13,61,219,158,True
96,9,61,177,116,True
0,11,62,217,155,True
1,15,62,217,155,True
9,9,62,217,155,True
10,9,62,217,155,True
20,7,62,177,115,True
26,10,62,217,155,True
28,16,62,217,155,True
30,18,62,151,89,True
36,15,62,217,155,True
39,13,62,217,155,True
40,22,62,217,155,True
42,15,62,217,155,True
52,14,62,,,False
53,13,62,219,157,True
55,14,62,219,157,True
59,14,62,177,115,True
60,10,62,177,115,True
63,17,62,219,157,True
64,9,62,177,115,True
68,18,62,219,157,True
75,15,62,177,115,True
83,9,62,219,157,True
84,9,62,177,115,True
85,8,62,219,157,True
87,15,62,219,157,True
88,17,62,219,157,True
99,10,62,177,115,True
3,13,63,217,154,True
8,12,63,217,154,True
20,8,63,177,114,True
24,13,63,151,88,True
36,16,63,217,154,True
39,14,63,217,154,True
52,15,63,,,False
67,16,63,177,114,True
72,13,63,219,156,True
73,14,63,177,114,True
76,14,63,219,156,True
91,16,63,219,156,True
92,11,63,177,114,True
95,7,63,177,114,True
4,14,64,217,153,True
9,10,64,217,153,True
10,10,64,217,153,True
11,9,64,217,153,True
25,14,64,217,153,True
32,14,64,217,153,True
33,15,64,217,153,True
34,11,64,151,87,True
48,18,64,217,153,True
64,10,64,177,113,True
76,15,64,219,155,True
77,12,64,177,113,True
85,9,64,219,155,True
91,17,64,219,155,True
94,14,64,219,155,True
1,16,65,217,152,True
9,11,65,217,152,True
10,11,65,217,152,True
13,16,65,217,152,True
16,17,65,217,152,True
20,9,65,177,112,True
29,12,65,217,152,True
33,16,65,217,152,True
39,15,65,217,152,True
41,15,65,217,152,True
42,16,65,217,152,True
43,12,65,217,152,True
48,19,65,217,152,True
55,15,65,219,154,True
64,11,65,177,112,True
68,19,65,219,154,True
81,8,65,219,154,True
83,10,65,219,154,True
84,10,65,177,112,True
85,10,65,219,154,True
86,11,65,177,112,True
88,18,65,219,154,True
89,9,65,177,112,True
96,10,65,219,154,True
1,17,66,217,151,True
3,14,66,217,151,True
6,11,66,217,151,True
25,15,66,217,151,True
53,14,66,219,153,True
57,9,66,177,111,True
58,15,66,177,111,True
59,15,66,177,111,True
60,11,66,177,111,True
65,17,66,219,153,True
68,20,66,219,153,True
72,14,66,219,153,True
75,16,66,177,111,True
80,20,66,177,111,True
87,16,66,219,153,True
90,14,66,177,111,True
0,12,67,217,150,True
5,8,67,217,150,True
19,10,67,217,150,True
23,12,67,217,150,True
28,17,67,217,150,True
50,19,67,177,110,True
62,7,67,177,110,True
63,18,67,219,152,True
67,17,67,219,152,True
82,12,67,219,152,True
83,11,67,219,152,True
97,11,67,219,152,True
0,13,68,217,149,True
1,18,68,217,149,True
5,9,68,217,149,True
12,12,68,217,149,True
16,18,68,217,149,True
24,14,68,217,149,True
32,15,68,217,149,True
33,17,68,217,149,True
34,12,68,151,83,True
51,8,68,219,151,True
56,18,68,177,109,True
58,16,68,177,109,True
68,21,68,219,151,True
71,13,68,177,109,True
72,15,68,219,151,True
75,17,68,177,109,True
76,16,68,219,151,True
88,19,68,219,151,True
92,12,68,219,151,True
93,18,68,219,151,True
95,8,68,177,109,True
4,15,69,217,148,True
7,17,69,217,148,True
9,12,69,217,148,True
14,17,69,241,172,True
16,19,69,217,148,True
19,11,69,217,148,True
22,15,69,151,82,True
23,13,69,217,148,True
27,14,69,217,148,True
28,18,69,217,148,True
30,19,69,151,82,True
32,16,69,217,148,True
37,15,69,217,148,True
38,10,69,217,148,True
51,9,69,219,150,True
53,15,69,219,150,True
58,17,69,177,108,True
59,16,69,177,108,True
69,8,69,219,150,True
74,10,69,219,150,True
76,17,69,219,150,True
77,13,69,219,150,True
78,14,69,219,150,True
84,11,69,177,108,True
87,17,69,219,150,True
19,12,70,217,147,True
23,14,70,217,147,True
28,19,70,217,147,True
34,13,70,151,81,True
47,8,70,217,147,True
48,20,70,217,147,True
50,20,70,177,107,True
61,11,70,177,107,True
63,19,70,219,149,True
67,18,70,219,149,True
69,9,70,219,149,True
74,11,70,219,149,True
79,14,70,177,107,True
84,12,70,177,107,True
87,18,70,219,149,True
91,18,70,219,149,True
96,11,70,219,149,True
99,11,70,219,149,True
11,10,71,217,146,True
20,10,71,177,106,True
29,13,71,217,146,True
34,14,71,151,80,True
37,16,71,217,146,True
54,15,71,177,106,True
59,17,71,177,106,True
61,12,71,177,106,True
66,11,71,219,148,True
69,10,71,219,148,True
70,13,71,177,106,True
74,12,71,219,148,True
83,12,71,219,148,True
85,11,71,219,148,True
92,13,71,219,148,True
95,9,71,177,106,True
8,13,72,217,145,True
9,13,72,217,145,True
23,15,72,217,145,True
24,15,72,217,145,True
25,16,72,217,145,True
35,8,72,151,79,True
36,17,72,217,145,True
45,14,72,151,79,True
55,16,72,219,147,True
56,19,72,177,105,True
59,18,72,177,105,True
63,20,72,219,147,True
65,18,72,219,147,True
99,12,72,219,147,True
3,15,73,217,144,True
11,11,73,217,144,True
14,18,73,241,168,True
19,13,73,217,144,True
23,16,73,217,144,True
24,16,73,217,144,True
29,14,73,217,144,True
30,20,73,151,78,True
34,15,73,151,78,True
35,9,73,151,78,True
38,11,73,217,144,True
44,14,73,217,144,True
48,21,73,217,144,True
49,13,73,217,144,True
51,10,73,219,146,True
52,16,73,,,False
53,16,73,219,146,True
55,17,73,219,146,True
58,18,73,219,146,True
70,14,73,177,104,True
76,18,73,219,146,True
88,20,73,219,146,True
90,15,73,177,104,True
91,19,73,219,146,True
92,14,73,219,146,True
98,14,73,177,104,True
1,19,74,217,143,True
10,12,74,217,143,True
15,11,74,151,77,True
21,19,74,217,143,True
22,16,74,217,143,True
27,15,74,217,143,True
31,6,74,217,143,True
32,17,74,217,143,True
34,16,74,151,77,True
35,10,74,151,77,True
37,17,74,217,143,True
40,23,74,217,143,True
42,17,74,217,143,True
45,15,74,151,77,True
47,9,74,217,143,True
53,17,74,219,145,True
58,19,74,219,145,True
64,12,74,219,145,True
66,12,74,219,145,True
67,19,74,219,145,True
69,11,74,219,145,True
71,14,74,219,145,True
73,15,74,177,103,True
81,9,74,219,145,True
83,13,74,219,145,True
85,12,74,219,145,True
93,19,74,219,145,True
94,15,74,219,145,True
1,20,75,217,142,True
2,16,75,217,142,True
8,14,75,217,142,True
12,13,75,217,142,True
15,12,75,151,76,True
16,20,75,217,142,True
18,9,75,217,142,True
19,14,75,217,142,True
23,17,75,217,142,True
25,17,75,217,142,True
26,11,75,217,142,True
32,18,75,217,142,True
37,18,75,217,142,True
40,24,75,217,142,True
49,14,75,217,142,True
68,22,75,219,144,True
71,15,75,219,144,True
72,16,75,219,144,True
73,16,75,177,102,True
79,15,75,177,102,True
82,13,75,219,144,True
83,14,75,219,144,True
93,20,75,219,144,True
94,16,75,219,144,True
11,12,76,217,141,True
15,13,76,151,75,True
20,11,76,177,101,True
24,17,76,217,141,True
29,15,76,217,141,True
30,21,76,151,75,True
48,22,76,217,141,True
54,16,76,219,143,True
55,18,76,219,143,True
57,10,76,177,101,True
59,19,76,219,143,True
62,8,76,219,143,True
67,20,76,219,143,True
84,13,76,177,101,True
86,12,76,177,101,True
87,19,76,219,143,True
88,21,76,219,143,True
95,10,76,177,101,True
97,12,76,219,143,True
99,13,76,219,143,True
7,18,77,217,140,True
18,10,77,217,140,True
19,15,77,217,140,True
27,16,77,217,140,True
28,20,77,217,140,True
39,16,77,217,140,True
41,16,77,217,140,True
42,18,77,217,140,True
47,10,77,217,140,True
52,17,77,,,False
58,20,77,219,142,True
59,20,77,219,142,True
60,12,77,219,142,True
63,21,77,219,142,True
67,21,77,219,142,True
70,15,77,177,100,True
72,17,77,219,142,True
73,17,77,219,142,True
81,10,77,219,142,True
83,15,77,219,142,True
2,17,78,217,139,True
5,10,78,217,139,True
10,13,78,217,139,True
16,21,78,217,139,True
23,18,78,217,139,True
27,17,78,217,139,True
30,22,78,217,139,True
31,7,78,217,139,True
35,11,78,151,73,True
39,17,78,217,139,True
53,18,78,219,141,True
55,19,78,219,141,True
59,21,78,219,141,True
60,13,78,219,141,True
88,22,78,219,141,True
0,14,79,217,138,True
4,16,79,217,138,True
31,8,79,217,138,True
40,25,79,217,138,True
41,17,79,217,138,True
44,15,79,217,138,True
46,14,79,217,138,True
50,21,79,177,98,True
59,22,79,219,140,True
63,22,79,219,140,True
65,19,79,219,140,True
66,13,79,219,140,True
76,19,79,219,140,True
82,14,79,219,140,True
87,20,79,219,140,True
88,23,79,219,140,True
92,15,79,219,140,True
98,15,79,177,98,True
99,14,79,219,140,True
2,18,80,217,137,True
8,15,80,217,137,True
23,19,80,217,137,True
25,18,80,217,137,True
26,12,80,217,137,True
37,19,80,217,137,True
40,26,80,217,137,True
54,17,80,219,139,True
58,21,80,219,139,True
60,14,80,219,139,True
61,13,80,177,97,True
62,9,80,219,139,True
67,22,80,219,139,True
72,18,80,219,139,True
76,20,80,219,139,True
90,16,80,219,139,True
91,20,80,219,139,True
93,21,80,219,139,True
98,16,80,177,97,True
99,15,80,219,139,True
4,17,81,217,136,True
15,14,81,217,136,True
22,17,81,217,136,True
27,18,81,217,136,True
30,23,81,217,136,True
32,19,81,217,136,True
34,17,81,177,96,True
35,12,81,151,70,True
37,20,81,217,136,True
42,19,81,217,136,True
43,13,81,217,136,True
54,18,81,219,138,True
60,15,81,219,138,True
66,14,81,219,138,True
73,18,81,219,138,True
78,15,81,219,138,True
1,21,82,217,135,True
5,11,82,217,135,True
8,16,82,217,135,True
14,19,82,241,159,True
18,11,82,217,135,True
22,18,82,217,135,True
28,21,82,217,135,True
30,24,82,217,135,True
31,9,82,217,135,True
37,21,82,217,135,True
46,15,82,217,135,True
48,23,82,217,135,True
63,23,82,219,137,True
64,13,82,219,137,True
65,20,82,219,137,True
67,23,82,219,137,True
72,19,82,219,137,True
75,18,82,219,137,True
91,21,82,219,137,True
96,12,82,219,137,True
2,19,83,217,134,True
5,12,83,217,134,True
6,12,83,217,134,True
17,15,83,217,134,True
25,19,83,217,134,True
26,13,83,217,134,True
27,19,83,217,134,True
28,22,83,217,134,True
38,12,83,217,134,True
39,18,83,217,134,True
43,14,83,217,134,True
49,15,83,217,134,True
50,22,83,219,136,True
78,16,83,219,136,True
85,13,83,219,136,True
97,13,83,219,136,True
98,17,83,177,94,True
99,16,83,219,136,True
0,15,84,217,133,True
4,18,84,217,133,True
6,13,84,217,133,True
7,19,84,217,133,True
8,17,84,217,133,True
10,14,84,217,133,True
12,14,84,217,133,True
19,16,84,217,133,True
24,18,84,217,133,True
28,23,84,217,133,True
34,18,84,177,93,True
38,13,84,217,133,True
42,20,84,217,133,True
47,11,84,217,133,True
53,19,84,219,135,True
64,14,84,219,135,True
68,23,84,219,135,True
71,16,84,219,135,True
80,21,84,219,135,True
83,16,84,219,135,True
85,14,84,219,135,True
86,13,84,219,135,True
95,11,84,177,93,True
0,16,85,217,132,True
2,20,85,217,132,True
4,19,85,217,132,True
8,18,85,217,132,True
16,22,85,219,134,True
17,16,85,217,132,True
18,12,85,217,132,True
21,20,85,217,132,True
27,20,85,217,132,True
34,19,85,177,92,True
35,13,85,217,132,True
36,18,85,217,132,True
45,16,85,151,66,True
48,24,85,217,132,True
55,20,85,219,134,True
60,16,85,219,134,True
61,14,85,177,92,True
63,24,85,219,134,True
65,21,85,219,134,True
75,19,85,219,134,True
76,21,85,219,134,True
80,22,85,219,134,True
84,14,85,219,134,True
91,22,85,219,134,True
99,17,85,219,134,True
6,14,86,217,131,True
7,20,86,217,131,True
16,23,86,219,133,True
20,12,86,177,91,True
24,19,86,217,131,True
27,21,86,217,131,True
28,24,86,217,131,True
34,20,86,177,91,True
37,22,86,217,131,True
48,25,86,217,131,True
51,11,86,219,133,True
52,18,86,,,False
55,21,86,219,133,True
84,15,86,219,133,True
85,15,86,219,133,True
93,22,86,219,133,True
97,14,86,219,133,True
99,18,86,219,133,True
0,17,87,217,130,True
5,13,87,217,130,True
20,13,87,177,90,True
22,19,87,217,130,True
27,22,87,217,130,True
31,10,87,217,130,True
34,21,87,177,90,True
46,16,87,217,130,True
49,16,87,217,130,True
50,23,87,219,132,True
51,12,87,219,132,True
54,19,87,219,132,True
58,22,87,219,132,True
65,22,87,219,132,True
79,16,87,219,132,True
82,15,87,219,132,True
83,17,87,219,132,True
96,13,87,219,132,True
99,19,87,219,132,True
30,25,88,217,129,True
33,18,88,217,129,True
40,27,88,217,129,True
41,18,88,217,129,True
45,17,88,217,129,True
51,13,88,219,131,True
54,20,88,219,131,True
55,22,88,219,131,True
60,17,88,219,131,True
63,25,88,219,131,True
66,15,88,219,131,True
77,14,88,219,131,True
78,17,88,219,131,True
92,16,88,219,131,True
96,14,88,219,131,True
5,14,89,217,128,True
10,15,89,217,128,True
12,15,89,217,128,True
15,15,89,217,128,True
19,17,89,217,128,True
24,20,89,217,128,True
26,14,89,217,128,True
28,25,89,217,128,True
29,16,89,217,128,True
33,19,89,217,128,True
34,22,89,217,128,True
39,19,89,217,128,True
59,23,89,219,130,True
63,26,89,219,130,True
68,24,89,219,130,True
74,13,89,219,130,True
83,18,89,219,130,True
86,14,89,219,130,True
90,17,89,219,130,True
91,23,89,219,130,True
93,23,89,219,130,True
95,12,89,177,88,True
96,15,89,219,130,True
7,21,90,217,127,True
15,16,90,217,127,True
16,24,90,219,129,True
17,17,90,217,127,True
20,14,90,177,87,True
23,20,90,217,127,True
30,26,90,217,127,True
35,14,90,217,127,True
40,28,90,217,127,True
44,16,90,217,127,True
51,14,90,219,129,True
52,19,90,,,False
53,20,90,219,129,True
54,21,90,219,129,True
57,11,90,177,87,True
65,23,90,219,129,True
67,24,90,219,129,True
69,12,90,219,129,True
79,17,90,219,129,True
82,16,90,219,129,True
84,16,90,219,129,True
85,16,90,219,129,True
87,21,90,219,129,True
89,10,90,219,129,True
0,18,91,217,126,True
4,20,91,217,126,True
16,25,91,219,128,True
26,15,91,217,126,True
28,26,91,217,126,True
29,17,91,217,126,True
33,20,91,219,128,True
35,15,91,217,126,True
37,23,91,217,126,True
38,14,91,217,126,True
51,15,91,219,128,True
56,20,91,219,128,True
59,24,91,219,128,True
60,18,91,219,128,True
62,10,91,219,128,True
63,27,91,219,128,True
66,16,91,219,128,True
71,17,91,233,142,True
72,20,91,219,128,True
77,15,91,219,128,True
78,18,91,233,142,True
82,17,91,219,128,True
89,11,91,219,128,True
90,18,91,219,128,True
91,24,91,219,128,True
11,13,92,217,125,True
21,21,92,217,125,True
29,18,92,217,125,True
30,27,92,217,125,True
37,24,92,217,125,True
41,19,92,217,125,True
48,26,92,217,125,True
58,23,92,219,127,True
61,15,92,177,85,True
77,16,92,219,127,True
85,17,92,219,127,True
4,21,93,217,124,True
6,15,93,217,124,True
20,15,93,177,84,True
26,16,93,217,124,True
28,27,93,217,124,True
31,11,93,217,124,True
36,19,93,217,124,True
41,20,93,217,124,True
42,21,93,217,124,True
46,17,93,217,124,True
51,16,93,219,126,True
55,23,93,219,126,True
58,24,93,219,126,True
68,25,93,219,126,True
73,19,93,219,126,True
79,18,93,219,126,True
85,18,93,219,126,True
86,15,93,219,126,True
88,24,93,219,126,True
96,16,93,219,126,True
97,15,93,219,126,True
99,20,93,219,126,True
2,21,94,217,123,True
3,16,94,217,123,True
6,16,94,217,123,True
9,14,94,217,123,True
13,17,94,217,123,True
14,20,94,241,147,True
18,13,94,217,123,True
22,20,94,217,123,True
27,23,94,217,123,True
34,23,94,217,123,True
37,25,94,217,123,True
40,29,94,217,123,True
42,22,94,217,123,True
52,20,94,,,False
53,21,94,219,125,True
56,21,94,219,125,True
62,11,94,219,125,True
66,17,94,219,125,True
68,26,94,219,125,True
69,13,94,219,125,True
71,18,94,233,139,True
75,20,94,219,125,True
79,19,94,219,125,True
85,19,94,219,125,True
86,16,94,219,125,True
88,25,94,219,125,True
91,25,94,219,125,True
97,16,94,219,125,True
99,21,94,219,125,True
2,22,95,217,122,True
3,17,95,217,122,True
13,18,95,217,122,True
24,21,95,217,122,True
28,28,95,219,124,True
29,19,95,241,146,True
34,24,95,217,122,True
49,17,95,217,122,True
51,17,95,219,124,True
54,22,95,219,124,True
57,12,95,177,82,True
58,25,95,219,124,True
60,19,95,219,124,True
67,25,95,219,124,True
74,14,95,219,124,True
82,18,95,219,124,True
86,17,95,219,124,True
88,26,95,219,124,True
95,13,95,177,82,True
96,17,95,219,124,True
0,19,96,219,123,True
3,18,96,217,121,True
15,17,96,217,121,True
32,20,96,217,121,True
36,20,96,219,123,True
39,20,96,217,121,True
43,15,96,217,121,True
44,17,96,219,123,True
47,12,96,217,121,True
52,21,96,,,False
63,28,96,219,123,True
69,14,96,219,123,True
73,20,96,219,123,True
79,20,96,219,123,True
82,19,96,219,123,True
84,17,96,219,123,True
0,20,97,219,122,True
5,15,97,217,120,True
6,17,97,217,120,True
8,19,97,217,120,True
9,15,97,217,120,True
13,19,97,217,120,True
14,21,97,241,144,True
21,22,97,217,120,True
39,21,97,217,120,True
47,13,97,217,120,True
50,24,97,219,122,True
53,22,97,219,122,True
54,23,97,219,122,True
56,22,97,219,122,True
65,24,97,219,122,True
76,22,97,219,122,True
78,19,97,233,136,True
88,27,97,219,122,True
89,12,97,219,122,True
92,17,97,219,122,True
99,22,97,219,122,True
3,19,98,219,121,True
4,22,98,217,119,True
19,18,98,217,119,True
21,23,98,217,119,True
22,21,98,217,119,True
23,21,98,217,119,True
36,21,98,219,121,True
38,15,98,217,119,True
52,22,98,,,False
66,18,98,219,121,True
69,15,98,219,121,True
74,15,98,219,121,True
84,18,98,219,121,True
89,13,98,219,121,True
92,18,98,219,121,True
94,17,98,219,121,True
95,14,98,219,121,True
96,18,98,219,121,True
99,23,98,219,121,True
2,23,99,217,118,True
7,22,99,217,118,True
12,16,99,217,118,True
16,26,99,219,120,True
18,14,99,219,120,True
26,17,99,217,118,True
32,21,99,217,118,True
33,21,99,219,120,True
34,25,99,217,118,True
38,16,99,217,118,True
42,23,99,217,118,True
46,18,99,217,118,True
48,27,99,217,118,True
51,18,99,219,120,True
59,25,99,219,120,True
63,29,99,233,134,True
68,27,99,219,120,True
81,11,99,219,120,True
82,20,99,219,120,True
84,19,99,219,120,True
88,28,99,219,120,True
96,19,99,233,134,True
99,24,99,219,120,True
3,20,100,219,119,True
9,16,100,217,117,True
12,17,100,217,117,True
16,27,100,219,119,True
18,15,100,219,119,True
21,24,100,241,141,True
24,22,100,217,117,True
25,20,100,217,117,True
30,28,100,217,117,True
32,22,100,217,117,True
36,22,100,219,119,True
43,16,100,217,117,True
49,18,100,217,117,True
53,23,100,219,119,True
54,24,100,219,119,True
64,15,100,219,119,True
66,19,100,219,119,True
67,26,100,219,119,True
73,21,100,219,119,True
75,21,100,219,119,True
84,20,100,219,119,True
87,22,100,219,119,True
89,14,100,219,119,True
90,19,100,233,133,True
91,26,100,219,119,True
7,23,101,217,116,True
8,20,101,217,116,True
10,16,101,217,116,True
11,14,101,241,140,True
17,18,101,217,116,True
20,16,101,217,116,True
23,22,101,217,116,True
33,22,101,219,118,True
35,16,101,217,116,True
41,21,101,217,116,True
48,28,101,217,116,True
58,26,101,219,118,True
65,25,101,219,118,True
66,20,101,219,118,True
72,21,101,219,118,True
76,23,101,219,118,True
79,21,101,219,118,True
84,21,101,219,118,True
94,18,101,219,118,True
96,20,101,233,132,True
6,18,102,217,115,True
15,18,102,217,115,True
16,28,102,219,117,True
29,20,102,241,139,True
30,29,102,217,115,True
45,18,102,217,115,True
46,19,102,219,117,True
49,19,102,217,115,True
61,16,102,177,75,True
66,21,102,219,117,True
72,22,102,219,117,True
74,16,102,219,117,True
75,22,102,219,117,True
77,17,102,219,117,True
78,20,102,233,131,True
82,21,102,219,117,True
85,20,102,219,117,True
89,15,102,219,117,True
90,20,102,233,131,True
94,19,102,219,117,True
99,25,102,219,117,True
0,21,103,219,116,True
5,16,103,217,114,True
19,19,103,219,116,True
21,25,103,241,138,True
31,12,103,217,114,True
36,23,103,219,116,True
43,17,103,217,114,True
44,18,103,219,116,True
45,19,103,217,114,True
50,25,103,219,116,True
52,23,103,,,False
59,26,103,219,116,True
60,20,103,233,130,True
64,16,103,219,116,True
66,22,103,219,116,True
72,23,103,219,116,True
76,24,103,219,116,True
78,21,103,233,130,True
86,18,103,219,116,True
87,23,103,219,116,True
88,29,103,219,116,True
89,16,103,219,116,True
94,20,103,219,116,True
97,17,103,219,116,True
98,18,103,177,74,True
3,21,104,219,115,True
4,23,104,217,113,True
16,29,104,219,115,True
17,19,104,217,113,True
22,22,104,217,113,True
26,18,104,217,113,True
27,24,104,217,113,True
28,29,104,219,115,True
32,23,104,217,113,True
35,17,104,217,113,True
44,19,104,219,115,True
51,19,104,219,115,True
56,23,104,219,115,True
75,23,104,219,115,True
76,25,104,219,115,True
78,22,104,233,129,True
86,19,104,219,115,True
88,30,104,219,115,True
93,24,104,219,115,True
95,15,104,219,115,True
98,19,104,219,115,True
0,22,105,241,136,True
17,20,105,217,112,True
20,17,105,217,112,True
31,13,105,217,112,True
32,24,105,217,112,True
35,18,105,217,112,True
36,24,105,219,114,True
54,25,105,219,114,True
56,24,105,219,114,True
57,13,105,177,72,True
58,27,105,219,114,True
59,27,105,219,114,True
63,30,105,233,128,True
65,26,105,219,114,True
68,28,105,219,114,True
70,16,105,219,114,True
74,17,105,219,114,True
77,18,105,219,114,True
89,17,105,219,114,True
95,16,105,219,114,True
5,17,106,219,113,True
8,21,106,241,135,True
18,16,106,219,113,True
21,26,106,241,135,True
22,23,106,217,111,True
32,25,106,217,111,True
36,25,106,219,113,True
43,18,106,217,111,True
52,24,106,,,False
60,21,106,233,127,True
62,12,106,219,113,True
65,27,106,219,113,True
77,19,106,219,113,True
78,23,106,233,127,True
82,22,106,219,113,True
84,22,106,219,113,True
92,19,106,219,113,True
93,25,106,219,113,True
95,17,106,219,113,True
1,22,107,219,112,True
2,24,107,217,110,True
5,18,107,219,112,True
6,19,107,217,110,True
10,17,107,217,110,True
24,23,107,241,134,True
28,30,107,219,112,True
35,19,107,217,110,True
37,26,107,219,112,True
38,17,107,217,110,True
39,22,107,219,112,True
43,19,107,217,110,True
44,20,107,219,112,True
45,20,107,217,110,True
52,25,107,,,False
58,28,107,219,112,True
67,27,107,219,112,True
68,29,107,219,112,True
69,16,107,219,112,True
70,17,107,219,112,True
71,19,107,233,126,True
72,24,107,219,112,True
74,18,107,219,112,True
89,18,107,219,112,True
95,18,107,219,112,True
96,21,107,233,126,True
3,22,108,219,111,True
5,19,108,219,111,True
13,20,108,219,111,True
14,22,108,241,133,True
15,19,108,310,202,True
16,30,108,219,111,True
17,21,108,217,109,True
19,20,108,219,111,True
22,24,108,217,109,True
30,30,108,217,109,True
31,14,108,217,109,True
44,21,108,219,111,True
49,20,108,219,111,True
50,26,108,219,111,True
57,14,108,177,69,True
62,13,108,219,111,True
70,18,108,219,111,True
74,19,108,219,111,True
75,24,108,233,125,True
83,19,108,247,139,True
99,26,108,233,125,True
3,23,109,219,110,True
8,22,109,241,132,True
11,15,109,241,132,True
14,23,109,241,132,True
16,31,109,219,110,True
26,19,109,217,108,True
36,26,109,219,110,True
40,30,109,217,108,True
46,20,109,219,110,True
56,25,109,219,110,True
63,31,109,233,124,True
67,28,109,219,110,True
71,20,109,233,124,True
73,22,109,219,110,True
78,24,109,233,124,True
82,23,109,219,110,True
94,21,109,219,110,True
97,18,109,219,110,True
98,20,109,219,110,True
0,23,110,241,131,True
4,24,110,217,107,True
5,20,110,219,109,True
6,20,110,217,107,True
15,20,110,310,200,True
16,32,110,219,109,True
17,22,110,217,107,True
20,18,110,217,107,True
21,27,110,241,131,True
24,24,110,241,131,True
32,26,110,241,131,True
43,20,110,217,107,True
50,27,110,219,109,True
51,20,110,219,109,True
53,24,110,233,123,True
60,22,110,233,123,True
77,20,110,219,109,True
95,19,110,219,109,True
96,22,110,233,123,True
4,25,111,217,106,True
5,21,111,219,108,True
6,21,111,217,106,True
8,23,111,241,130,True
9,17,111,219,108,True
11,16,111,241,130,True
16,33,111,219,108,True
18,17,111,219,108,True
20,19,111,217,106,True
44,22,111,241,130,True
45,21,111,217,106,True
46,21,111,219,108,True
53,25,111,233,122,True
55,24,111,219,108,True
57,15,111,177,66,True
63,32,111,233,122,True
64,17,111,219,108,True
73,23,111,219,108,True
76,26,111,219,108,True
77,21,111,219,108,True
81,12,111,219,108,True
83,20,111,247,136,True
85,21,111,219,108,True
93,26,111,233,122,True
94,22,111,219,108,True
4,26,112,217,105,True
6,22,112,217,105,True
12,18,112,219,107,True
17,23,112,219,107,True
18,18,112,219,107,True
22,25,112,217,105,True
26,20,112,241,129,True
34,26,112,217,105,True
35,20,112,217,105,True
38,18,112,219,107,True
40,31,112,217,105,True
41,22,112,219,107,True
42,24,112,219,107,True
44,23,112,241,129,True
50,28,112,219,107,True
58,29,112,219,107,True
59,28,112,219,107,True
66,23,112,219,107,True
79,22,112,219,107,True
84,23,112,219,107,True
91,27,112,247,135,True
92,20,112,219,107,True
95,20,112,219,107,True
4,27,113,217,104,True
9,18,113,219,106,True
11,17,113,241,128,True
14,24,113,241,128,True
17,24,113,219,106,True
19,21,113,219,106,True
20,20,113,217,104,True
22,26,113,217,104,True
24,25,113,241,128,True
29,21,113,241,128,True
37,27,113,219,106,True
66,24,113,233,120,True
70,19,113,219,106,True
73,24,113,219,106,True
77,22,113,219,106,True
80,23,113,219,106,True
85,22,113,219,106,True
98,21,113,219,106,True
6,23,114,217,103,True
14,25,114,241,127,True
15,21,114,310,196,True
22,27,114,217,103,True
26,21,114,241,127,True
30,31,114,217,103,True
33,23,114,241,127,True
34,27,114,217,103,True
38,19,114,219,105,True
54,26,114,219,105,True
56,26,114,219,105,True
59,29,114,219,105,True
61,17,114,219,105,True
62,14,114,219,105,True
65,28,114,219,105,True
66,25,114,233,119,True
69,17,114,233,119,True
79,23,114,219,105,True
94,23,114,219,105,True
95,21,114,219,105,True
98,22,114,219,105,True
2,25,115,217,102,True
5,22,115,219,104,True
17,25,115,219,104,True
21,28,115,241,126,True
23,23,115,219,104,True
27,25,115,219,104,True
32,27,115,241,126,True
48,29,115,219,104,True
55,25,115,233,118,True
61,18,115,219,104,True
64,18,115,219,104,True
68,30,115,219,104,True
69,18,115,233,118,True
70,20,115,219,104,True
71,21,115,233,118,True
72,25,115,219,104,True
80,24,115,219,104,True
84,24,115,219,104,True
0,24,116,241,125,True
5,23,116,219,103,True
10,18,116,219,103,True
11,18,116,241,125,True
19,22,116,219,103,True
21,29,116,241,125,True
27,26,116,219,103,True
29,22,116,241,125,True
32,28,116,241,125,True
39,23,116,219,103,True
40,32,116,217,101,True
44,24,116,241,125,True
52,26,116,,,False
54,27,116,219,103,True
58,30,116,219,103,True
60,23,116,233,117,True
62,15,116,219,103,True
64,19,116,219,103,True
66,26,116,233,117,True
68,31,116,219,103,True
77,23,116,219,103,True
79,24,116,219,103,True
86,20,116,219,103,True
93,27,116,233,117,True
94,24,116,219,103,True
95,22,116,219,103,True
1,23,117,241,124,True
6,24,117,217,100,True
8,24,117,241,124,True
10,19,117,219,102,True
15,22,117,310,193,True
25,21,117,217,100,True
30,32,117,217,100,True
34,28,117,217,100,True
37,28,117,219,102,True
38,20,117,219,102,True
56,27,117,219,102,True
71,22,117,233,116,True
73,25,117,219,102,True
76,27,117,219,102,True
89,19,117,219,102,True
97,19,117,219,102,True
1,24,118,241,123,True
9,19,118,219,101,True
14,26,118,241,123,True
15,23,118,310,192,True
16,34,118,219,101,True
25,22,118,217,99,True
30,33,118,217,99,True
41,23,118,219,101,True
42,25,118,219,101,True
47,14,118,241,123,True
54,28,118,219,101,True
58,31,118,219,101,True
61,19,118,219,101,True
65,29,118,219,101,True
73,26,118,219,101,True
83,21,118,247,129,True
88,31,118,219,101,True
92,21,118,233,115,True
93,28,118,233,115,True
0,25,119,241,122,True
1,25,119,241,122,True
10,20,119,219,100,True
11,19,119,241,122,True
13,21,119,219,100,True
14,27,119,241,122,True
25,23,119,217,98,True
26,22,119,241,122,True
30,34,119,217,98,True
32,29,119,241,122,True
35,21,119,217,98,True
43,21,119,217,98,True
57,16,119,219,100,True
66,27,119,233,114,True
72,26,119,219,100,True
73,27,119,219,100,True
75,25,119,233,114,True
76,28,119,219,100,True
78,25,119,233,114,True
79,25,119,219,100,True
90,21,119,233,114,True
95,23,119,219,100,True
4,28,120,219,99,True
15,24,120,310,190,True
23,24,120,219,99,True
42,26,120,219,99,True
60,24,120,233,113,True
84,25,120,233,113,True
86,21,120,219,99,True
90,22,120,233,113,True
93,29,120,233,113,True
0,26,121,241,120,True
5,24,121,219,98,True
7,24,121,219,98,True
20,21,121,217,96,True
22,28,121,217,96,True
25,24,121,217,96,True
26,23,121,241,120,True
28,31,121,219,98,True
35,22,121,217,96,True
36,27,121,241,120,True
37,29,121,241,120,True
39,24,121,219,98,True
51,21,121,219,98,True
53,26,121,233,112,True
54,29,121,219,98,True
59,30,121,219,98,True
69,19,121,233,112,True
71,23,121,233,112,True
76,29,121,219,98,True
77,24,121,219,98,True
83,22,121,247,126,True
86,22,121,219,98,True
94,25,121,219,98,True
95,24,121,219,98,True
98,23,121,219,98,True
2,26,122,219,97,True
7,25,122,219,97,True
8,25,122,241,119,True
10,21,122,219,97,True
13,22,122,219,97,True
16,35,122,241,119,True
23,25,122,219,97,True
24,26,122,241,119,True
27,27,122,219,97,True
36,28,122,241,119,True
37,30,122,241,119,True
45,22,122,217,95,True
59,31,122,219,97,True
62,16,122,219,97,True
63,33,122,233,111,True
69,20,122,233,111,True
75,26,122,233,111,True
76,30,122,219,97,True
77,25,122,219,97,True
78,26,122,233,111,True
89,20,122,219,97,True
94,26,122,219,97,True
97,20,122,219,97,True
6,25,123,219,96,True
7,26,123,219,96,True
8,26,123,241,118,True
28,32,123,219,96,True
47,15,123,241,118,True
48,30,123,219,96,True
51,22,123,219,96,True
54,30,123,219,96,True
57,17,123,219,96,True
58,32,123,219,96,True
59,32,123,219,96,True
60,25,123,233,110,True
63,34,123,233,110,True
66,28,123,233,110,True
71,24,123,233,110,True
72,27,123,219,96,True
74,20,123,233,110,True
82,24,123,219,96,True
85,23,123,219,96,True
89,21,123,219,96,True
95,25,123,219,96,True
2,27,124,219,95,True
4,29,124,219,95,True
9,20,124,219,95,True
10,22,124,219,95,True
11,20,124,241,117,True
18,19,124,219,95,True
22,29,124,219,95,True
33,24,124,241,117,True
34,29,124,217,93,True
38,21,124,219,95,True
39,25,124,219,95,True
40,33,124,219,95,True
50,29,124,219,95,True
51,23,124,219,95,True
75,27,124,233,109,True
80,25,124,219,95,True
90,23,124,233,109,True
93,30,124,233,109,True
95,26,124,219,95,True
4,30,125,219,94,True
5,25,125,219,94,True
11,21,125,241,116,True
13,23,125,219,94,True
18,20,125,219,94,True
25,25,125,219,94,True
29,23,125,241,116,True
30,35,125,217,92,True
38,22,125,219,94,True
39,26,125,219,94,True
41,24,125,241,116,True
44,25,125,241,116,True
50,30,125,219,94,True
54,31,125,219,94,True
60,26,125,233,108,True
64,20,125,219,94,True
66,29,125,233,108,True
71,25,125,233,108,True
73,28,125,219,94,True
79,26,125,219,94,True
85,24,125,219,94,True
89,22,125,233,108,True
90,24,125,233,108,True
95,27,125,219,94,True
11,22,126,241,115,True
13,24,126,219,93,True
17,26,126,219,93,True
25,26,126,219,93,True
28,33,126,219,93,True
31,15,126,219,93,True
33,25,126,241,115,True
39,27,126,219,93,True
43,22,126,219,93,True
60,27,126,233,107,True
66,30,126,233,107,True
67,29,126,233,107,True
69,21,126,233,107,True
70,21,126,219,93,True
78,27,126,233,107,True
85,25,126,219,93,True
86,23,126,219,93,True
89,23,126,233,107,True
94,27,126,219,93,True
7,27,127,219,92,True
8,27,127,241,114,True
10,23,127,219,92,True
12,19,127,241,114,True
20,22,127,217,90,True
35,23,127,217,90,True
43,23,127,219,92,True
45,23,127,217,90,True
46,22,127,241,114,True
47,16,127,241,114,True
60,28,127,233,106,True
61,20,127,219,92,True
62,17,127,219,92,True
66,31,127,233,106,True
78,28,127,233,106,True
81,13,127,233,106,True
85,26,127,219,92,True
90,25,127,233,106,True
92,22,127,233,106,True
97,21,127,219,92,True
98,24,127,219,92,True
1,26,128,241,113,True
6,26,128,219,91,True
7,28,128,219,91,True
11,23,128,241,113,True
17,27,128,219,91,True
21,30,128,241,113,True
22,30,128,219,91,True
25,27,128,219,91,True
28,34,128,219,91,True
33,26,128,241,113,True
36,29,128,241,113,True
50,31,128,219,91,True
51,24,128,219,91,True
55,26,128,233,105,True
61,21,128,219,91,True
65,30,128,219,91,True
66,32,128,233,105,True
76,31,128,219,91,True
79,27,128,219,91,True
80,26,128,219,91,True
81,14,128,233,105,True
85,27,128,219,91,True
86,24,128,219,91,True
87,24,128,233,105,True
92,23,128,233,105,True
96,23,128,233,105,True
97,22,128,219,91,True
99,27,128,233,105,True
12,20,129,241,112,True
13,25,129,241,112,True
20,23,129,217,88,True
22,31,129,219,90,True
25,28,129,219,90,True
37,31,129,241,112,True
38,23,129,219,90,True
46,23,129,241,112,True
50,32,129,219,90,True
51,25,129,219,90,True
54,32,129,219,90,True
55,27,129,233,104,True
60,29,129,233,104,True
61,22,129,219,90,True
67,30,129,233,104,True
72,28,129,219,90,True
74,21,129,233,104,True
79,28,129,219,90,True
84,26,129,233,104,True
85,28,129,219,90,True
90,26,129,233,104,True
96,24,129,233,104,True
0,27,130,241,111,True
20,24,130,217,87,True
23,26,130,241,111,True
27,28,130,219,89,True
41,25,130,241,111,True
43,24,130,219,89,True
48,31,130,219,89,True
51,26,130,219,89,True
55,28,130,233,103,True
56,28,130,233,103,True
59,33,130,233,103,True
71,26,130,233,103,True
80,27,130,219,89,True
84,27,130,233,103,True
88,32,130,247,117,True
94,28,130,219,89,True
97,23,130,233,103,True
2,28,131,219,88,True
6,27,131,219,88,True
9,21,131,219,88,True
12,21,131,241,110,True
14,28,131,241,110,True
24,27,131,241,110,True
32,30,131,241,110,True
36,30,131,241,110,True
37,32,131,241,110,True
40,34,131,257,126,True
41,26,131,241,110,True
42,27,131,241,110,True
50,33,131,219,88,True
57,18,131,219,88,True
59,34,131,233,102,True
61,23,131,219,88,True
63,35,131,233,102,True
66,33,131,247,116,True
68,32,131,219,88,True
73,29,131,219,88,True
76,32,131,219,88,True
81,15,131,233,102,True
86,25,131,219,88,True
2,29,132,219,87,True
19,23,132,219,87,True
24,28,132,241,109,True
29,24,132,241,109,True
34,30,132,219,87,True
39,28,132,241,109,True
45,24,132,217,85,True
48,32,132,219,87,True
50,34,132,219,87,True
51,27,132,219,87,True
57,19,132,219,87,True
60,30,132,233,101,True
62,18,132,247,115,True
64,21,132,219,87,True
68,33,132,219,87,True
69,22,132,233,101,True
71,27,132,233,101,True
77,26,132,233,101,True
78,29,132,233,101,True
79,29,132,219,87,True
84,28,132,233,101,True
87,25,132,233,101,True
99,28,132,233,101,True
9,22,133,219,86,True
28,35,133,219,86,True
29,25,133,241,108,True
42,28,133,241,108,True
43,25,133,219,86,True
45,25,133,217,84,True
46,24,133,241,108,True
48,33,133,219,86,True
49,21,133,241,108,True
60,31,133,233,100,True
67,31,133,233,100,True
71,28,133,233,100,True
76,33,133,219,86,True
91,28,133,247,114,True
98,25,133,219,86,True
99,29,133,233,100,True
2,30,134,219,85,True
4,31,134,241,107,True
6,28,134,219,85,True
11,24,134,241,107,True
13,26,134,241,107,True
17,28,134,219,85,True
19,24,134,219,85,True
25,29,134,219,85,True
27,29,134,219,85,True
28,36,134,219,85,True
33,27,134,241,107,True
41,27,134,241,107,True
47,17,134,241,107,True
54,33,134,233,99,True
57,20,134,219,85,True
65,31,134,219,85,True
71,29,134,247,113,True
75,28,134,233,99,True
81,16,134,247,113,True
88,33,134,247,113,True
0,28,135,241,106,True
4,32,135,241,106,True
6,29,135,219,84,True
8,28,135,241,106,True
9,23,135,219,84,True
12,22,135,241,106,True
21,31,135,241,106,True
26,24,135,241,106,True
40,35,135,257,122,True
42,29,135,241,106,True
45,26,135,217,82,True
53,27,135,233,98,True
61,24,135,219,84,True
69,23,135,233,98,True
70,22,135,219,84,True
71,30,135,247,112,True
73,30,135,233,98,True
79,30,135,219,84,True
80,28,135,247,112,True
89,24,135,247,112,True
90,27,135,233,98,True
92,24,135,233,98,True
4,33,136,241,105,True
7,29,136,219,83,True
11,25,136,241,105,True
16,36,136,241,105,True
20,25,136,217,81,True
44,26,136,241,105,True
51,28,136,247,111,True
60,32,136,233,97,True
62,19,136,247,111,True
68,34,136,233,97,True
72,29,136,219,83,True
77,27,136,233,97,True
79,31,136,219,83,True
96,25,136,233,97,True
99,30,136,233,97,True
8,29,137,241,104,True
14,29,137,241,104,True
40,36,137,257,120,True
41,28,137,241,104,True
43,26,137,219,82,True
46,25,137,241,104,True
56,29,137,233,96,True
61,25,137,219,82,True
64,22,137,219,82,True
67,32,137,233,96,True
68,35,137,233,96,True
73,31,137,233,96,True
75,29,137,233,96,True
78,30,137,233,96,True
80,29,137,247,110,True
84,29,137,233,96,True
86,26,137,219,82,True
87,26,137,233,96,True
88,34,137,308,171,True
94,29,137,247,110,True
95,28,137,219,82,True
2,31,138,219,81,True
15,25,138,310,172,True
16,37,138,241,103,True
18,21,138,219,81,True
22,32,138,219,81,True
28,37,138,219,81,True
29,26,138,241,103,True
45,27,138,217,79,True
54,34,138,233,95,True
59,35,138,233,95,True
63,36,138,288,150,True
64,23,138,219,81,True
67,33,138,233,95,True
83,23,138,247,109,True
84,30,138,233,95,True
91,29,138,247,109,True
5,26,139,241,102,True
18,22,139,219,80,True
23,27,139,241,102,True
24,29,139,241,102,True
25,30,139,219,80,True
41,29,139,241,102,True
61,26,139,219,80,True
65,32,139,219,80,True
67,34,139,233,94,True
71,31,139,247,108,True
77,28,139,233,94,True
82,25,139,247,108,True
96,26,139,247,108,True
0,29,140,241,101,True
6,30,140,219,79,True
9,24,140,219,79,True
11,26,140,241,101,True
13,27,140,241,101,True
15,26,140,310,170,True
16,38,140,241,101,True
18,23,140,219,79,True
21,32,140,241,101,True
29,27,140,241,101,True
32,31,140,241,101,True
37,33,140,257,117,True
39,29,140,241,101,True
45,28,140,219,79,True
48,34,140,219,79,True
50,35,140,219,79,True
51,29,140,247,107,True
59,36,140,247,107,True
63,37,140,288,148,True
64,24,140,219,79,True
72,30,140,219,79,True
79,32,140,219,79,True
85,29,140,233,93,True
96,27,140,247,107,True
99,31,140,233,93,True
3,24,141,241,100,True
9,25,141,219,78,True
11,27,141,241,100,True
28,38,141,219,78,True
29,28,141,241,100,True
32,32,141,241,100,True
38,24,141,219,78,True
46,26,141,241,100,True
48,35,141,219,78,True
50,36,141,219,78,True
54,35,141,233,92,True
64,25,141,219,78,True
68,36,141,233,92,True
71,32,141,247,106,True
76,34,141,233,92,True
82,26,141,247,106,True
84,31,141,233,92,True
91,30,141,247,106,True
94,30,141,247,106,True
95,29,141,247,106,True
6,31,142,257,115,True
8,30,142,241,99,True
9,26,142,219,77,True
23,28,142,241,99,True
26,25,142,241,99,True
36,31,142,241,99,True
45,29,142,219,77,True
46,27,142,241,99,True
56,30,142,233,91,True
61,27,142,219,77,True
63,38,142,288,146,True
65,33,142,219,77,True
67,35,142,233,91,True
68,37,142,233,91,True
84,32,142,233,91,True
1,27,143,241,98,True
19,25,143,257,114,True
27,30,143,257,114,True
39,30,143,241,98,True
40,37,143,257,114,True
44,27,143,241,98,True
58,33,143,233,90,True
59,37,143,247,104,True
61,28,143,219,76,True
67,36,143,247,104,True
78,31,143,233,90,True
89,25,143,247,104,True
96,28,143,247,104,True
0,30,144,241,97,True
1,28,144,241,97,True
23,29,144,241,97,True
25,31,144,219,75,True
34,31,144,219,75,True
45,30,144,219,75,True
54,36,144,233,89,True
65,34,144,219,75,True
66,34,144,247,103,True
67,37,144,247,103,True
69,24,144,233,89,True
73,32,144,233,89,True
76,35,144,233,89,True
82,27,144,247,103,True
84,33,144,247,103,True
93,31,144,247,103,True
95,30,144,247,103,True
5,27,145,241,96,True
7,30,145,219,74,True
11,28,145,241,96,True
32,33,145,241,96,True
35,24,145,219,74,True
37,34,145,257,112,True
39,31,145,241,96,True
42,30,145,241,96,True
43,27,145,219,74,True
44,28,145,241,96,True
51,30,145,247,102,True
56,31,145,233,88,True
67,38,145,247,102,True
70,23,145,219,74,True
77,29,145,233,88,True
88,35,145,308,163,True
89,26,145,247,102,True
0,31,146,241,95,True
3,25,146,241,95,True
4,34,146,241,95,True
5,28,146,241,95,True
13,28,146,241,95,True
17,29,146,219,73,True
20,26,146,219,73,True
27,31,146,257,111,True
28,39,146,257,111,True
32,34,146,241,95,True
34,32,146,219,73,True
37,35,146,257,111,True
43,28,146,219,73,True
44,29,146,241,95,True
50,37,146,219,73,True
65,35,146,233,87,True
68,38,146,247,101,True
71,33,146,247,101,True
74,22,146,247,101,True
78,32,146,233,87,True
86,27,146,219,73,True
91,31,146,247,101,True
92,25,146,247,101,True
96,29,146,247,101,True
8,31,147,241,94,True
11,29,147,241,94,True
12,23,147,241,94,True
21,33,147,241,94,True
26,26,147,241,94,True
28,40,147,257,110,True
31,16,147,257,110,True
34,33,147,219,72,True
35,25,147,219,72,True
36,32,147,241,94,True
45,31,147,219,72,True
52,27,147,,,False
59,38,147,247,100,True
64,26,147,219,72,True
65,36,147,233,86,True
68,39,147,247,100,True
74,23,147,247,100,True
81,17,147,247,100,True
83,24,147,247,100,True
91,32,147,247,100,True
93,32,147,247,100,True
97,24,147,247,100,True
99,32,147,233,86,True
0,32,148,241,93,True
3,26,148,241,93,True
6,32,148,257,109,True
19,26,148,257,109,True
26,27,148,241,93,True
29,29,148,241,93,True
30,36,148,241,93,True
39,32,148,257,109,True
42,31,148,241,93,True
48,36,148,257,109,True
53,28,148,247,99,True
54,37,148,247,99,True
60,33,148,247,99,True
61,29,148,219,71,True
62,20,148,247,99,True
65,37,148,233,85,True
76,36,148,233,85,True
77,30,148,233,85,True
80,30,148,247,99,True
82,28,148,247,99,True
6,33,149,257,108,True
17,30,149,257,108,True
29,30,149,241,92,True
33,28,149,241,92,True
34,34,149,219,70,True
37,36,149,257,108,True
38,25,149,219,70,True
39,33,149,257,108,True
44,30,149,241,92,True
47,18,149,241,92,True
49,22,149,241,92,True
54,38,149,247,98,True
61,30,149,219,70,True
67,39,149,247,98,True
83,25,149,247,98,True
87,27,149,233,84,True
88,36,149,308,159,True
95,31,149,247,98,True
9,27,150,257,107,True
15,27,150,310,160,True
26,28,150,241,91,True
35,26,150,219,69,True
37,37,150,257,107,True
43,29,150,219,69,True
48,37,150,257,107,True
56,32,150,233,83,True
63,39,150,288,138,True
65,38,150,233,83,True
76,37,150,233,83,True
80,31,150,247,97,True
82,29,150,247,97,True
87,28,150,233,83,True
97,25,150,247,97,True
98,26,150,247,97,True
99,33,150,247,97,True
2,32,151,219,68,True
8,32,151,241,90,True
15,28,151,310,159,True
25,32,151,219,68,True
31,17,151,257,106,True
42,32,151,241,90,True
45,32,151,219,68,True
47,19,151,241,90,True
49,23,151,241,90,True
54,39,151,247,96,True
64,27,151,219,68,True
67,40,151,247,96,True
70,24,151,219,68,True
75,30,151,247,96,True
88,37,151,308,157,True
91,33,151,247,96,True
99,34,151,247,96,True
1,29,152,241,89,True
3,27,152,241,89,True
11,30,152,241,89,True
13,29,152,241,89,True
17,31,152,257,105,True
18,24,152,241,89,True
21,34,152,257,105,True
33,29,152,241,89,True
41,30,152,241,89,True
44,31,152,257,105,True
50,38,152,219,67,True
53,29,152,247,95,True
55,29,152,288,136,True
67,41,152,247,95,True
74,24,152,247,95,True
75,31,152,247,95,True
77,31,152,233,81,True
81,18,152,247,95,True
85,30,152,233,81,True
13,30,153,241,88,True
22,33,153,257,104,True
27,32,153,257,104,True
43,30,153,257,104,True
63,40,153,288,135,True
69,25,153,247,94,True
70,25,153,219,66,True
72,31,153,219,66,True
77,32,153,233,80,True
79,33,153,233,80,True
82,30,153,247,94,True
84,34,153,247,94,True
85,31,153,233,80,True
5,29,154,241,87,True
10,24,154,257,103,True
15,29,154,310,156,True
19,27,154,257,103,True
26,29,154,241,87,True
28,41,154,257,103,True
33,30,154,241,87,True
39,34,154,257,103,True
50,39,154,233,79,True
51,31,154,247,93,True
57,21,154,219,65,True
59,39,154,247,93,True
60,34,154,247,93,True
64,28,154,219,65,True
66,35,154,247,93,True
67,42,154,247,93,True
71,34,154,247,93,True
72,32,154,219,65,True
75,32,154,247,93,True
80,32,154,247,93,True
81,19,154,247,93,True
85,32,154,233,79,True
92,26,154,247,93,True
1,30,155,241,86,True
4,35,155,241,86,True
10,25,155,257,102,True
13,31,155,241,86,True
18,25,155,241,86,True
22,34,155,257,102,True
29,31,155,241,86,True
30,37,155,241,86,True
35,27,155,219,64,True
43,31,155,257,102,True
58,34,155,233,78,True
67,43,155,247,92,True
68,40,155,247,92,True
71,35,155,247,92,True
76,38,155,233,78,True
81,20,155,247,92,True
82,31,155,247,92,True
88,38,155,308,153,True
89,27,155,247,92,True
3,28,156,241,85,True
10,26,156,257,101,True
16,39,156,257,101,True
18,26,156,241,85,True
22,35,156,257,101,True
28,42,156,257,101,True
29,32,156,241,85,True
32,35,156,257,101,True
41,31,156,241,85,True
44,32,156,257,101,True
46,28,156,241,85,True
61,31,156,219,63,True
69,26,156,247,91,True
70,26,156,219,63,True
85,33,156,233,77,True
6,34,157,257,100,True
12,24,157,241,84,True
16,40,157,257,100,True
23,30,157,241,84,True
27,33,157,257,100,True
35,28,157,219,62,True
37,38,157,257,100,True
42,33,157,241,84,True
43,32,157,257,100,True
45,33,157,219,62,True
46,29,157,241,84,True
47,20,157,241,84,True
52,28,157,,,False
53,30,157,288,131,True
54,40,157,247,90,True
67,44,157,247,90,True
68,41,157,247,90,True
73,33,157,233,76,True
74,25,157,247,90,True
75,33,157,247,90,True
82,32,157,247,90,True
90,28,157,247,90,True
96,30,157,308,151,True
99,35,157,247,90,True
2,33,158,310,152,True
5,30,158,241,83,True
12,25,158,241,83,True
13,32,158,257,99,True
14,30,158,241,83,True
27,34,158,257,99,True
37,39,158,257,99,True
40,38,158,257,99,True
44,33,158,257,99,True
48,38,158,257,99,True
50,40,158,233,75,True
57,22,158,219,61,True
71,36,158,247,89,True
74,26,158,247,89,True
75,34,158,247,89,True
3,29,159,257,98,True
5,31,159,241,82,True
16,41,159,257,98,True
17,32,159,257,98,True
18,27,159,241,82,True
23,31,159,241,82,True
25,33,159,257,98,True
28,43,159,257,98,True
30,38,159,241,82,True
31,18,159,257,98,True
44,34,159,257,98,True
48,39,159,257,98,True
55,30,159,288,129,True
57,23,159,219,60,True
61,32,159,219,60,True
63,41,159,288,129,True
68,42,159,247,88,True
71,37,159,247,88,True
72,33,159,233,74,True
76,39,159,233,74,True
77,33,159,247,88,True
83,26,159,288,129,True
84,35,159,247,88,True
94,31,159,247,88,True
3,30,160,257,97,True
4,36,160,241,81,True
7,31,160,310,150,True
9,28,160,257,97,True
10,27,160,257,97,True
16,42,160,257,97,True
23,32,160,241,81,True
47,21,160,241,81,True
53,31,160,288,128,True
55,31,160,288,128,True
58,35,160,247,87,True
62,21,160,247,87,True
66,36,160,288,128,True
69,27,160,247,87,True
70,27,160,219,59,True
93,33,160,247,87,True
97,26,160,247,87,True
98,27,160,247,87,True
99,36,160,247,87,True
5,32,161,257,96,True
11,31,161,241,80,True
15,30,161,310,149,True
25,34,161,257,96,True
31,19,161,257,96,True
40,39,161,257,96,True
45,34,161,241,80,True
47,22,161,241,80,True
49,24,161,257,96,True
54,41,161,247,86,True
55,32,161,288,127,True
59,40,161,247,86,True
67,45,161,247,86,True
68,43,161,247,86,True
73,34,161,233,72,True
86,28,161,233,72,True
90,29,161,247,86,True
92,27,161,247,86,True
95,32,161,247,86,True
13,33,162,257,95,True
23,33,162,257,95,True
26,30,162,241,79,True
31,20,162,257,95,True
32,36,162,257,95,True
41,32,162,241,79,True
46,30,162,241,79,True
54,42,162,247,85,True
59,41,162,247,85,True
63,42,162,288,126,True
70,28,162,219,57,True
76,40,162,233,71,True
77,34,162,247,85,True
78,33,162,247,85,True
84,36,162,247,85,True
86,29,162,233,71,True
87,29,162,247,85,True
94,32,162,247,85,True
5,33,163,257,94,True
13,34,163,257,94,True
31,21,163,257,94,True
41,33,163,257,94,True
56,33,163,247,84,True
65,39,163,233,70,True
70,29,163,219,56,True
72,34,163,233,70,True
81,21,163,247,84,True
88,39,163,308,145,True
90,30,163,247,84,True
91,34,163,288,125,True
92,28,163,247,84,True
0,33,164,241,77,True
3,31,164,257,93,True
7,32,164,310,146,True
18,28,164,257,93,True
24,30,164,241,77,True
28,44,164,257,93,True
30,39,164,241,77,True
35,29,164,257,93,True
46,31,164,241,77,True
53,32,164,288,124,True
54,43,164,247,83,True
58,36,164,247,83,True
61,33,164,219,55,True
65,40,164,233,69,True
70,30,164,219,55,True
72,35,164,233,69,True
78,34,164,288,124,True
79,34,164,247,83,True
93,34,164,247,83,True
94,33,164,247,83,True
97,27,164,247,83,True
99,37,164,247,83,True
2,34,165,310,145,True
21,35,165,257,92,True
24,31,165,241,76,True
32,37,165,257,92,True
41,34,165,257,92,True
50,41,165,233,68,True
51,32,165,288,123,True
65,41,165,233,68,True
73,35,165,233,68,True
2,35,166,310,144,True
4,37,166,241,75,True
5,34,166,257,91,True
10,28,166,326,160,True
24,32,166,241,75,True
37,40,166,257,91,True
43,33,166,257,91,True
44,35,166,257,91,True
52,29,166,,,False
53,33,166,288,122,True
55,33,166,288,122,True
56,34,166,247,81,True
65,42,166,233,67,True
67,46,166,247,81,True
74,27,166,247,81,True
79,35,166,247,81,True
81,22,166,247,81,True
82,33,166,288,122,True
84,37,166,247,81,True
86,30,166,233,67,True
93,35,166,247,81,True
95,33,166,247,81,True
96,31,166,308,142,True
97,28,166,247,81,True
10,29,167,326,159,True
12,26,167,257,90,True
15,31,167,310,143,True
31,22,167,257,90,True
33,31,167,257,90,True
35,30,167,257,90,True
44,36,167,257,90,True
51,33,167,288,121,True
52,30,167,,,False
68,44,167,247,80,True
74,28,167,247,80,True
83,27,167,288,121,True
1,31,168,257,89,True
7,33,168,310,142,True
10,30,168,326,158,True
27,35,168,257,89,True
33,32,168,257,89,True
34,35,168,257,89,True
37,41,168,257,89,True
50,42,168,233,65,True
51,34,168,288,120,True
54,44,168,247,79,True
55,34,168,288,120,True
59,42,168,247,79,True
62,22,168,247,79,True
63,43,168,288,120,True
75,35,168,247,79,True
82,34,168,288,120,True
83,28,168,288,120,True
90,31,168,247,79,True
93,36,168,308,140,True
13,35,169,257,88,True
25,35,169,257,88,True
30,40,169,241,72,True
33,33,169,257,88,True
36,33,169,257,88,True
38,26,169,257,88,True
40,40,169,257,88,True
67,47,169,247,78,True
71,38,169,247,78,True
76,41,169,233,64,True
85,34,169,247,78,True
86,31,169,233,64,True
1,32,170,257,87,True
5,35,170,257,87,True
8,33,170,257,87,True
16,43,170,257,87,True
20,27,170,219,49,True
21,36,170,257,87,True
27,36,170,257,87,True
40,41,170,257,87,True
55,35,170,288,118,True
61,34,170,219,49,True
63,44,170,288,118,True
65,43,170,233,63,True
68,45,170,247,77,True
69,28,170,247,77,True
71,39,170,247,77,True
72,36,170,233,63,True
84,38,170,247,77,True
88,40,170,308,138,True
89,28,170,288,118,True
95,34,170,247,77,True
96,32,170,308,138,True
10,31,171,326,155,True
14,31,171,241,70,True
27,37,171,257,86,True
35,31,171,257,86,True
39,35,171,257,86,True
46,32,171,257,86,True
48,40,171,257,86,True
51,35,171,288,117,True
52,31,171,,,False
68,46,171,247,76,True
71,40,171,247,76,True
73,36,171,247,76,True
76,42,171,247,76,True
88,41,171,308,137,True
92,29,171,247,76,True
2,36,172,310,138,True
4,38,172,241,69,True
5,36,172,257,85,True
12,27,172,257,85,True
30,41,172,241,69,True
36,34,172,257,85,True
39,36,172,257,85,True
40,42,172,257,85,True
44,37,172,257,85,True
49,25,172,257,85,True
54,45,172,247,75,True
57,24,172,241,69,True
66,37,172,288,116,True
69,29,172,247,75,True
78,35,172,288,116,True
79,36,172,247,75,True
4,39,173,241,68,True
6,35,173,257,84,True
7,34,173,310,137,True
36,35,173,257,84,True
37,42,173,257,84,True
42,34,173,257,84,True
49,26,173,257,84,True
51,36,173,288,115,True
55,36,173,288,115,True
56,35,173,247,74,True
59,43,173,247,74,True
75,36,173,247,74,True
82,35,173,288,115,True
91,35,173,288,115,True
2,37,174,310,136,True
8,34,174,257,83,True
9,29,174,257,83,True
21,37,174,257,83,True
22,36,174,257,83,True
23,34,174,257,83,True
24,33,174,257,83,True
29,33,174,257,83,True
30,42,174,241,67,True
31,23,174,257,83,True
35,32,174,257,83,True
41,35,174,257,83,True
45,35,174,241,67,True
51,37,174,288,114,True
56,36,174,247,73,True
74,29,174,247,73,True
75,37,174,247,73,True
79,37,174,247,73,True
80,33,174,247,73,True
96,33,174,308,134,True
98,28,174,247,73,True
2,38,175,310,135,True
9,30,175,257,82,True
11,32,175,326,151,True
20,28,175,219,44,True
23,35,175,257,82,True
34,36,175,257,82,True
41,36,175,257,82,True
68,47,175,288,113,True
73,37,175,247,72,True
79,38,175,247,72,True
92,30,175,247,72,True
7,35,176,310,134,True
9,31,176,257,81,True
35,33,176,257,81,True
36,36,176,257,81,True
48,41,176,257,81,True
54,46,176,247,71,True
59,44,176,247,71,True
64,29,176,247,71,True
65,44,176,233,57,True
66,38,176,288,112,True
71,41,176,247,71,True
73,38,176,247,71,True
78,36,176,288,112,True
83,29,176,288,112,True
90,32,176,288,112,True
91,36,176,288,112,True
98,29,176,247,71,True
99,38,176,247,71,True
8,35,177,257,80,True
11,33,177,326,149,True
21,38,177,257,80,True
35,34,177,257,80,True
38,27,177,257,80,True
42,35,177,257,80,True
49,27,177,257,80,True
53,34,177,288,111,True
55,37,177,288,111,True
58,37,177,247,70,True
60,35,177,247,70,True
62,23,177,247,70,True
63,45,177,288,111,True
66,39,177,288,111,True
68,48,177,288,111,True
69,30,177,247,70,True
79,39,177,247,70,True
80,34,177,288,111,True
86,32,177,233,56,True
89,29,177,288,111,True
90,33,177,288,111,True
92,31,177,247,70,True
95,35,177,247,70,True
97,29,177,288,111,True
2,39,178,310,132,True
3,32,178,257,79,True
5,37,178,257,79,True
14,32,178,241,63,True
20,29,178,241,63,True
24,34,178,257,79,True
31,24,178,257,79,True
37,43,178,257,79,True
38,28,178,257,79,True
49,28,178,257,79,True
50,43,178,250,72,True
54,47,178,247,69,True
64,30,178,247,69,True
74,30,178,247,69,True
78,37,178,288,110,True
81,23,178,247,69,True
92,32,178,247,69,True
94,34,178,247,69,True
97,30,178,288,110,True
3,33,179,257,78,True
6,36,179,257,78,True
11,34,179,326,147,True
12,28,179,257,78,True
16,44,179,257,78,True
19,28,179,310,131,True
22,37,179,257,78,True
27,38,179,326,147,True
29,34,179,257,78,True
36,37,179,257,78,True
38,29,179,257,78,True
41,37,179,257,78,True
46,33,179,257,78,True
48,42,179,257,78,True
49,29,179,257,78,True
53,35,179,288,109,True
56,37,179,288,109,True
66,40,179,288,109,True
71,42,179,288,109,True
74,31,179,247,68,True
79,40,179,247,68,True
83,30,179,288,109,True
85,35,179,247,68,True
86,33,179,233,54,True
96,34,179,308,129,True
2,40,180,310,130,True
3,34,180,257,77,True
4,40,180,257,77,True
8,36,180,257,77,True
10,32,180,326,146,True
19,29,180,310,130,True
24,35,180,257,77,True
27,39,180,326,146,True
36,38,180,257,77,True
44,38,180,257,77,True
50,44,180,250,70,True
54,48,180,247,67,True
58,38,180,247,67,True
64,31,180,247,67,True
69,31,180,247,67,True
78,38,180,288,108,True
82,36,180,288,108,True
89,30,180,288,108,True
90,34,180,288,108,True
99,39,180,247,67,True
21,39,181,257,76,True
31,25,181,257,76,True
61,35,181,247,66,True
76,43,181,247,66,True
79,41,181,247,66,True
82,37,181,288,107,True
83,31,181,288,107,True
90,35,181,288,107,True
94,35,181,288,107,True
95,36,181,247,66,True
0,34,182,257,75,True
10,33,182,326,144,True
11,35,182,326,144,True
13,36,182,257,75,True
17,33,182,326,144,True
24,36,182,257,75,True
31,26,182,257,75,True
42,36,182,257,75,True
48,43,182,326,144,True
65,45,182,233,51,True
72,37,182,233,51,True
73,39,182,247,65,True
75,38,182,247,65,True
77,35,182,247,65,True
83,32,182,288,106,True
84,39,182,288,106,True
92,33,182,247,65,True
94,36,182,288,106,True
97,31,182,288,106,True
3,35,183,257,74,True
4,41,183,257,74,True
8,37,183,257,74,True
11,36,183,326,143,True
20,30,183,241,58,True
22,38,183,257,74,True
23,36,183,257,74,True
26,31,183,257,74,True
30,43,183,257,74,True
31,27,183,257,74,True
32,38,183,257,74,True
33,34,183,257,74,True
44,39,183,257,74,True
45,36,183,257,74,True
58,39,183,288,105,True
62,24,183,288,105,True
74,32,183,247,64,True
85,36,183,247,64,True
91,37,183,288,105,True
94,37,183,288,105,True
95,37,183,247,64,True
98,30,183,247,64,True
0,35,184,257,73,True
9,32,184,310,126,True
13,37,184,257,73,True
14,33,184,257,73,True
17,34,184,326,142,True
23,37,184,257,73,True
25,36,184,326,142,True
31,28,184,257,73,True
34,37,184,257,73,True
35,35,184,257,73,True
37,44,184,326,142,True
43,34,184,326,142,True
48,44,184,326,142,True
49,30,184,257,73,True
50,45,184,250,66,True
54,49,184,247,63,True
57,25,184,241,57,True
64,32,184,247,63,True
67,48,184,247,63,True
69,32,184,247,63,True
70,31,184,247,63,True
94,38,184,288,104,True
98,31,184,247,63,True
2,41,185,310,125,True
6,37,185,257,72,True
8,38,185,257,72,True
13,38,185,257,72,True
15,32,185,310,125,True
17,35,185,326,141,True
26,32,185,257,72,True
34,38,185,257,72,True
42,37,185,257,72,True
46,34,185,257,72,True
48,45,185,326,141,True
51,38,185,288,103,True
60,36,185,247,62,True
65,46,185,288,103,True
66,41,185,288,103,True
67,49,185,247,62,True
73,40,185,247,62,True
74,33,185,247,62,True
75,39,185,247,62,True
77,36,185,247,62,True
83,33,185,288,103,True
90,36,185,288,103,True
2,42,186,310,124,True
6,38,186,257,71,True
10,34,186,326,140,True
11,37,186,326,140,True
12,29,186,257,71,True
15,33,186,310,124,True
21,40,186,257,71,True
31,29,186,257,71,True
42,38,186,257,71,True
49,31,186,257,71,True
61,36,186,247,61,True
63,46,186,288,102,True
66,42,186,288,102,True
67,50,186,288,102,True
71,43,186,288,102,True
77,37,186,247,61,True
79,42,186,257,71,True
83,34,186,288,102,True
86,34,186,288,102,True
95,38,186,288,102,True
96,35,186,308,122,True
97,32,186,288,102,True
2,43,187,310,123,True
7,36,187,326,139,True
9,33,187,310,123,True
10,35,187,326,139,True
14,34,187,257,70,True
15,34,187,310,123,True
21,41,187,257,70,True
24,37,187,257,70,True
25,37,187,326,139,True
26,33,187,257,70,True
34,39,187,257,70,True
36,39,187,257,70,True
37,45,187,326,139,True
41,38,187,257,70,True
45,37,187,257,70,True
52,32,187,,,False
59,45,187,247,60,True
81,24,187,247,60,True
82,38,187,288,101,True
89,31,187,288,101,True
96,36,187,308,121,True
1,33,188,257,69,True
3,36,188,257,69,True
6,39,188,257,69,True
8,39,188,257,69,True
15,35,188,310,122,True
19,30,188,310,122,True
21,42,188,257,69,True
24,38,188,257,69,True
29,35,188,257,69,True
36,40,188,257,69,True
37,46,188,326,138,True
42,39,188,257,69,True
49,32,188,257,69,True
54,50,188,247,59,True
62,25,188,288,100,True
63,47,188,288,100,True
73,41,188,247,59,True
77,38,188,247,59,True
80,35,188,288,100,True
83,35,188,288,100,True
85,37,188,247,59,True
95,39,188,288,100,True
99,40,188,288,100,True
8,40,189,257,68,True
12,30,189,257,68,True
20,31,189,263,74,True
33,35,189,257,68,True
50,46,189,250,61,True
54,51,189,247,58,True
59,46,189,247,58,True
70,32,189,247,58,True
71,44,189,288,99,True
73,42,189,247,58,True
76,44,189,247,58,True
82,39,189,288,99,True
90,37,189,288,99,True
95,40,189,288,99,True
97,33,189,288,99,True
99,41,189,288,99,True
3,37,190,257,67,True
6,40,190,257,67,True
7,37,190,326,136,True
13,39,190,257,67,True
14,35,190,257,67,True
33,36,190,257,67,True
42,40,190,257,67,True
44,40,190,257,67,True
53,36,190,288,98,True
56,38,190,288,98,True
60,37,190,247,57,True
4,42,191,257,66,True
5,38,191,326,135,True
11,38,191,326,135,True
21,43,191,257,66,True
26,34,191,257,66,True
34,40,191,310,119,True
35,36,191,257,66,True
37,47,191,326,135,True
40,43,191,326,135,True
43,35,191,326,135,True
47,23,191,257,66,True
50,47,191,288,97,True
51,39,191,288,97,True
64,33,191,247,56,True
66,43,191,288,97,True
69,33,191,288,97,True
75,40,191,247,56,True
76,45,191,288,97,True
77,39,191,247,56,True
82,40,191,288,97,True
83,36,191,288,97,True
88,42,191,308,117,True
89,32,191,288,97,True
92,34,191,288,97,True
95,41,191,288,97,True
97,34,191,288,97,True
11,39,192,326,134,True
13,40,192,257,65,True
14,36,192,257,65,True
25,38,192,326,134,True
26,35,192,257,65,True
33,37,192,257,65,True
47,24,192,257,65,True
48,46,192,326,134,True
50,48,192,288,96,True
51,40,192,288,96,True
54,52,192,288,96,True
62,26,192,288,96,True
66,44,192,288,96,True
73,43,192,288,96,True
74,34,192,288,96,True
85,38,192,247,55,True
87,30,192,247,55,True
88,43,192,308,116,True
93,37,192,308,116,True
94,39,192,288,96,True
99,42,192,288,96,True
0,36,193,257,64,True
2,44,193,310,117,True
10,36,193,326,133,True
17,36,193,326,133,True
22,39,193,326,133,True
27,40,193,326,133,True
31,30,193,326,133,True
32,39,193,257,64,True
33,38,193,257,64,True
37,48,193,326,133,True
38,30,193,326,133,True
46,35,193,257,64,True
49,33,193,257,64,True
52,33,193,,,False
59,47,193,247,54,True
62,27,193,288,95,True
64,34,193,247,54,True
68,49,193,288,95,True
72,38,193,247,54,True
73,44,193,288,95,True
85,39,193,247,54,True
88,44,193,308,115,True
92,35,193,288,95,True
97,35,193,288,95,True
7,38,194,326,132,True
10,37,194,326,132,True
11,40,194,326,132,True
12,31,194,257,63,True
20,32,194,263,69,True
31,31,194,326,132,True
38,31,194,326,132,True
43,36,194,326,132,True
46,36,194,257,63,True
52,34,194,,,False
55,38,194,288,94,True
63,48,194,288,94,True
64,35,194,247,53,True
67,51,194,288,94,True
69,34,194,288,94,True
73,45,194,288,94,True
76,46,194,288,94,True
82,41,194,288,94,True
83,37,194,288,94,True
84,40,194,288,94,True
88,45,194,308,114,True
98,32,194,247,53,True
0,37,195,257,62,True
6,41,195,326,131,True
12,32,195,257,62,True
13,41,195,257,62,True
24,39,195,326,131,True
37,49,195,326,131,True
40,44,195,326,131,True
49,34,195,257,62,True
51,41,195,288,93,True
53,37,195,288,93,True
79,43,195,257,62,True
81,25,195,247,52,True
87,31,195,247,52,True
92,36,195,288,93,True
96,37,195,308,113,True
9,34,196,310,114,True
10,38,196,326,130,True
20,33,196,263,67,True
22,40,196,326,130,True
27,41,196,326,130,True
33,39,196,257,61,True
41,39,196,326,130,True
47,25,196,257,61,True
48,47,196,326,130,True
61,37,196,247,51,True
72,39,196,247,51,True
77,40,196,288,92,True
83,38,196,288,92,True
87,32,196,247,51,True
88,46,196,308,112,True
90,38,196,288,92,True
95,42,196,288,92,True
6,42,197,326,129,True
8,41,197,257,60,True
27,42,197,326,129,True
31,32,197,326,129,True
36,41,197,326,129,True
38,32,197,326,129,True
39,37,197,326,129,True
42,41,197,257,60,True
45,38,197,257,60,True
50,49,197,288,91,True
52,35,197,,,False
54,53,197,288,91,True
62,28,197,288,91,True
65,47,197,288,91,True
67,52,197,288,91,True
72,40,197,247,50,True
77,41,197,288,91,True
79,44,197,257,60,True
81,26,197,288,91,True
85,40,197,247,50,True
86,35,197,288,91,True
93,38,197,308,111,True
0,38,198,326,128,True
1,34,198,257,59,True
10,39,198,326,128,True
13,42,198,326,128,True
14,37,198,257,59,True
20,34,198,263,65,True
29,36,198,257,59,True
31,33,198,326,128,True
42,42,198,257,59,True
44,41,198,326,128,True
47,26,198,257,59,True
49,35,198,257,59,True
51,42,198,288,90,True
61,38,198,247,49,True
63,49,198,288,90,True
70,33,198,247,49,True
74,35,198,288,90,True
75,41,198,288,90,True
78,39,198,288,90,True
85,41,198,247,49,True
90,39,198,288,90,True
93,39,198,308,110,True
95,43,198,288,90,True
0,39,199,326,127,True
3,38,199,257,58,True
7,39,199,326,127,True
10,40,199,326,127,True
14,38,199,257,58,True
15,36,199,310,111,True
18,29,199,326,127,True
30,44,199,257,58,True
32,40,199,257,58,True
38,33,199,326,127,True
41,40,199,326,127,True
46,37,199,257,58,True
48,48,199,326,127,True
64,36,199,247,48,True
66,45,199,288,89,True
68,50,199,288,89,True
72,41,199,257,58,True
77,42,199,288,89,True
88,47,199,308,109,True
93,40,199,308,109,True
94,40,199,288,89,True
0,40,200,326,126,True
1,35,200,257,57,True
2,45,200,310,110,True
8,42,200,257,57,True
10,41,200,326,126,True
12,33,200,257,57,True
13,43,200,326,126,True
19,31,200,326,126,True
24,40,200,326,126,True
25,39,200,326,126,True
27,43,200,326,126,True
34,41,200,310,110,True
38,34,200,326,126,True
40,45,200,326,126,True
51,43,200,288,88,True
64,37,200,247,47,True
71,45,200,308,108,True
72,42,200,257,57,True
77,43,200,288,88,True
79,45,200,257,57,True
83,39,200,288,88,True
90,40,200,288,88,True
94,41,200,288,88,True
99,43,200,288,88,True
4,43,201,326,125,True
14,39,201,257,56,True
17,37,201,326,125,True
26,36,201,257,56,True
32,41,201,257,56,True
35,37,201,326,125,True
38,35,201,326,125,True
44,42,201,326,125,True
45,39,201,310,109,True
46,38,201,257,56,True
48,49,201,326,125,True
49,36,201,257,56,True
63,50,201,288,87,True
68,51,201,288,87,True
69,35,201,288,87,True
70,34,201,247,46,True
73,46,201,308,107,True
75,42,201,288,87,True
77,44,201,288,87,True
90,41,201,288,87,True
93,41,201,308,107,True
96,38,201,308,107,True
9,35,202,326,124,True
32,42,202,381,179,True
38,36,202,326,124,True
39,38,202,326,124,True
44,43,202,326,124,True
46,39,202,257,55,True
47,27,202,257,55,True
49,37,202,257,55,True
56,39,202,288,86,True
59,48,202,288,86,True
61,39,202,247,45,True
62,29,202,288,86,True
64,38,202,288,86,True
74,36,202,288,86,True
75,43,202,288,86,True
83,40,202,288,86,True
84,41,202,288,86,True
85,42,202,308,106,True
91,38,202,288,86,True
92,37,202,288,86,True
93,42,202,308,106,True
95,44,202,310,108,True
98,33,202,288,86,True
1,36,203,257,54,True
4,44,203,326,123,True
5,39,203,326,123,True
11,41,203,326,123,True
14,40,203,257,54,True
17,38,203,326,123,True
18,30,203,326,123,True
20,35,203,263,60,True
36,42,203,326,123,True
47,28,203,257,54,True
55,39,203,288,85,True
57,26,203,257,54,True
58,40,203,288,85,True
59,49,203,288,85,True
63,51,203,288,85,True
72,43,203,257,54,True
74,37,203,308,105,True
75,44,203,308,105,True
77,45,203,288,85,True
81,27,203,288,85,True
85,43,203,308,105,True
99,44,203,288,85,True
4,45,204,326,122,True
11,42,204,326,122,True
13,44,204,326,122,True
23,38,204,326,122,True
24,41,204,326,122,True
25,40,204,326,122,True
30,45,204,310,106,True
31,34,204,326,122,True
36,43,204,326,122,True
40,46,204,326,122,True
41,41,204,326,122,True
48,50,204,326,122,True
52,36,204,,,False
57,27,204,257,53,True
62,30,204,288,84,True
63,52,204,288,84,True
66,46,204,288,84,True
67,53,204,288,84,True
69,36,204,288,84,True
73,47,204,308,104,True
76,47,204,308,104,True
77,46,204,288,84,True
79,46,204,288,84,True
92,38,204,288,84,True
95,45,204,310,106,True
98,34,204,288,84,True
0,41,205,326,121,True
4,46,205,326,121,True
5,40,205,326,121,True
13,45,205,326,121,True
19,32,205,326,121,True
22,41,205,326,121,True
25,41,205,326,121,True
33,40,205,326,121,True
35,38,205,326,121,True
39,39,205,326,121,True
60,38,205,308,103,True
73,48,205,308,103,True
74,38,205,308,103,True
77,47,205,288,83,True
78,40,205,308,103,True
0,42,206,326,120,True
5,41,206,326,120,True
6,43,206,326,120,True
8,43,206,326,120,True
11,43,206,326,120,True
22,42,206,326,120,True
24,42,206,326,120,True
25,42,206,326,120,True
28,45,206,326,120,True
31,35,206,326,120,True
42,43,206,257,51,True
44,44,206,326,120,True
51,44,206,288,82,True
52,37,206,,,False
54,54,206,288,82,True
61,40,206,288,82,True
63,53,206,288,82,True
67,54,206,288,82,True
70,35,206,288,82,True
72,44,206,288,82,True
76,48,206,308,102,True
83,41,206,288,82,True
88,48,206,459,253,True
98,35,206,288,82,True
21,44,207,381,174,True
25,43,207,326,119,True
26,37,207,326,119,True
34,42,207,310,103,True
37,50,207,326,119,True
43,37,207,326,119,True
45,40,207,310,103,True
51,45,207,288,81,True
58,41,207,288,81,True
66,47,207,310,103,True
69,37,207,288,81,True
72,45,207,288,81,True
73,49,207,308,101,True
81,28,207,288,81,True
82,42,207,288,81,True
83,42,207,288,81,True
87,33,207,288,81,True
89,33,207,308,101,True
0,43,208,326,118,True
20,36,208,288,80,True
31,36,208,326,118,True
36,44,208,326,118,True
39,40,208,326,118,True
42,44,208,257,49,True
43,38,208,326,118,True
56,40,208,308,100,True
62,31,208,288,80,True
74,39,208,308,100,True
78,41,208,308,100,True
81,29,208,288,80,True
84,42,208,288,80,True
87,34,208,288,80,True
89,34,208,308,100,True
3,39,209,326,117,True
5,42,209,326,117,True
19,33,209,326,117,True
23,39,209,326,117,True
27,44,209,326,117,True
31,37,209,326,117,True
33,41,209,326,117,True
36,45,209,326,117,True
40,47,209,326,117,True
45,41,209,310,101,True
47,29,209,257,48,True
48,51,209,326,117,True
66,48,209,310,101,True
67,55,209,288,79,True
70,36,209,288,79,True
77,48,209,288,79,True
78,42,209,308,99,True
79,47,209,288,79,True
90,42,209,288,79,True
94,42,209,288,79,True
2,46,210,326,116,True
3,40,210,326,116,True
8,44,210,326,116,True
13,46,210,326,116,True
16,45,210,326,116,True
20,37,210,288,78,True
21,45,210,381,171,True
23,40,210,326,116,True
24,43,210,326,116,True
35,39,210,326,116,True
37,51,210,326,116,True
39,41,210,326,116,True
44,45,210,326,116,True
47,30,210,257,47,True
49,38,210,326,116,True
52,38,210,,,False
57,28,210,257,47,True
59,50,210,288,78,True
69,38,210,288,78,True
70,37,210,288,78,True
71,46,210,308,98,True
79,48,210,288,78,True
85,44,210,308,98,True
90,43,210,288,78,True
92,39,210,288,78,True
94,43,210,288,78,True
6,44,211,326,115,True
23,41,211,326,115,True
34,43,211,310,99,True
39,42,211,326,115,True
42,45,211,326,115,True
50,50,211,308,97,True
57,29,211,288,77,True
58,42,211,288,77,True
75,45,211,308,97,True
81,30,211,288,77,True
82,43,211,288,77,True
89,35,211,308,97,True
93,43,211,308,97,True
9,36,212,326,114,True
10,42,212,326,114,True
11,44,212,326,114,True
20,38,212,288,76,True
21,46,212,381,169,True
27,45,212,326,114,True
31,38,212,326,114,True
33,42,212,326,114,True
36,46,212,326,114,True
50,51,212,308,96,True
53,38,212,288,76,True
63,54,212,288,76,True
85,45,212,308,96,True
87,35,212,288,76,True
91,39,212,288,76,True
96,39,212,308,96,True
99,45,212,288,76,True
2,47,213,326,113,True
10,43,213,326,113,True
11,45,213,326,113,True
18,31,213,326,113,True
20,39,213,288,75,True
22,43,213,326,113,True
29,37,213,326,113,True
35,40,213,326,113,True
40,48,213,326,113,True
42,46,213,326,113,True
45,42,213,310,97,True
49,39,213,326,113,True
56,41,213,308,95,True
67,56,213,308,95,True
69,39,213,288,75,True
72,46,213,288,75,True
73,50,213,308,95,True
76,49,213,308,95,True
77,49,213,288,75,True
78,43,213,308,95,True
79,49,213,288,75,True
83,43,213,288,75,True
86,36,213,308,95,True
88,49,213,459,246,True
98,36,213,288,75,True
2,48,214,326,112,True
6,45,214,326,112,True
15,37,214,326,112,True
20,40,214,288,74,True
22,44,214,326,112,True
23,42,214,326,112,True
24,44,214,326,112,True
30,46,214,310,96,True
31,39,214,326,112,True
45,43,214,310,96,True
54,55,214,308,94,True
74,40,214,308,94,True
76,50,214,308,94,True
79,50,214,288,74,True
86,37,214,308,94,True
90,44,214,288,74,True
98,37,214,310,96,True
2,49,215,326,111,True
7,40,215,326,111,True
9,37,215,326,111,True
15,38,215,326,111,True
24,45,215,326,111,True
35,41,215,326,111,True
41,42,215,326,111,True
43,39,215,326,111,True
45,44,215,310,95,True
51,46,215,288,73,True
54,56,215,308,93,True
56,42,215,308,93,True
59,51,215,308,93,True
62,32,215,308,93,True
66,49,215,310,95,True
67,57,215,308,93,True
69,40,215,308,93,True
84,43,215,308,93,True
85,46,215,308,93,True
86,38,215,308,93,True
90,45,215,288,73,True
92,40,215,288,73,True
94,44,215,308,93,True
95,46,215,310,95,True
98,38,215,310,95,True
7,41,216,326,110,True
12,34,216,326,110,True
16,46,216,326,110,True
20,41,216,310,94,True
29,38,216,326,110,True
39,43,216,326,110,True
41,43,216,326,110,True
44,46,216,381,165,True
51,47,216,288,72,True
60,39,216,308,92,True
73,51,216,308,92,True
77,50,216,308,92,True
78,44,216,308,92,True
88,50,216,459,243,True
90,46,216,288,72,True
91,40,216,288,72,True
93,44,216,308,92,True
3,41,217,326,109,True
10,44,217,326,109,True
23,43,217,326,109,True
28,46,217,381,164,True
31,40,217,326,109,True
37,52,217,326,109,True
47,31,217,326,109,True
51,48,217,288,71,True
55,40,217,288,71,True
57,30,217,288,71,True
61,41,217,288,71,True
63,55,217,288,71,True
65,48,217,308,91,True
68,52,217,288,71,True
75,46,217,308,91,True
76,51,217,308,91,True
79,51,217,308,91,True
90,47,217,288,71,True
0,44,218,326,108,True
11,46,218,326,108,True
13,47,218,326,108,True
14,41,218,326,108,True
18,32,218,326,108,True
28,47,218,381,163,True
36,47,218,326,108,True
38,37,218,326,108,True
42,47,218,326,108,True
46,40,218,326,108,True
48,52,218,326,108,True
49,40,218,326,108,True
51,49,218,308,90,True
58,43,218,308,90,True
69,41,218,308,90,True
70,38,218,326,108,True
83,44,218,288,70,True
99,46,218,308,90,True
0,45,219,326,107,True
10,45,219,326,107,True
16,47,219,326,107,True
19,34,219,326,107,True
21,47,219,381,162,True
28,48,219,381,162,True
30,47,219,326,107,True
34,44,219,326,107,True
36,48,219,326,107,True
37,53,219,326,107,True
38,38,219,326,107,True
46,41,219,326,107,True
48,53,219,326,107,True
50,52,219,308,89,True
51,50,219,308,89,True
54,57,219,308,89,True
59,52,219,308,89,True
69,42,219,308,89,True
83,45,219,288,69,True
86,39,219,308,89,True
90,48,219,288,69,True
93,45,219,308,89,True
1,37,220,326,106,True
3,42,220,326,106,True
8,45,220,326,106,True
9,38,220,326,106,True
10,46,220,326,106,True
13,48,220,326,106,True
16,48,220,326,106,True
20,42,220,310,90,True
28,49,220,381,161,True
33,43,220,326,106,True
35,42,220,326,106,True
41,44,220,326,106,True
42,48,220,326,106,True
43,40,220,326,106,True
47,32,220,326,106,True
57,31,220,288,68,True
58,44,220,308,88,True
76,52,220,308,88,True
77,51,220,308,88,True
84,44,220,308,88,True
89,36,220,308,88,True
93,46,220,308,88,True
94,45,220,308,88,True
99,47,220,308,88,True
4,47,221,326,105,True
6,46,221,326,105,True
8,46,221,326,105,True
17,39,221,326,105,True
23,44,221,326,105,True
24,46,221,326,105,True
25,44,221,326,105,True
27,46,221,326,105,True
29,39,221,326,105,True
31,41,221,326,105,True
33,44,221,326,105,True
51,51,221,308,87,True
54,58,221,308,87,True
57,32,221,326,105,True
64,39,221,326,105,True
69,43,221,308,87,True
74,41,221,308,87,True
79,52,221,308,87,True
81,31,221,308,87,True
82,44,221,288,67,True
83,46,221,288,67,True
90,49,221,367,146,True
93,47,221,308,87,True
95,47,221,310,89,True
18,33,222,326,104,True
44,47,222,381,159,True
45,45,222,326,104,True
46,42,222,326,104,True
48,54,222,326,104,True
49,41,222,326,104,True
51,52,222,308,86,True
56,43,222,308,86,True
66,50,222,310,88,True
68,53,222,288,66,True
69,44,222,308,86,True
79,53,222,308,86,True
83,47,222,288,66,True
84,45,222,308,86,True
85,47,222,308,86,True
91,41,222,288,66,True
93,48,222,308,86,True
96,40,222,308,86,True
99,48,222,308,86,True
0,46,223,326,103,True
5,43,223,326,103,True
6,47,223,326,103,True
8,47,223,326,103,True
12,35,223,326,103,True
15,39,223,326,103,True
19,35,223,326,103,True
20,43,223,310,87,True
23,45,223,326,103,True
25,45,223,326,103,True
29,40,223,326,103,True
35,43,223,326,103,True
43,41,223,326,103,True
45,46,223,326,103,True
48,55,223,326,103,True
51,53,223,308,85,True
53,39,223,310,87,True
58,45,223,308,85,True
65,49,223,308,85,True
71,47,223,308,85,True
87,36,223,308,85,True
88,51,223,459,236,True
90,50,223,367,144,True
92,41,223,308,85,True
98,39,223,310,87,True
1,38,224,381,157,True
2,50,224,326,102,True
4,48,224,326,102,True
11,47,224,326,102,True
16,49,224,326,102,True
17,40,224,326,102,True
28,50,224,381,157,True
36,49,224,326,102,True
41,45,224,326,102,True
49,42,224,326,102,True
53,40,224,310,86,True
56,44,224,308,84,True
63,56,224,288,64,True
64,40,224,326,102,True
67,58,224,308,84,True
77,52,224,308,84,True
82,45,224,288,64,True
93,49,224,308,84,True
94,46,224,308,84,True
1,39,225,381,156,True
3,43,225,326,101,True
18,34,225,326,101,True
32,43,225,381,156,True
44,48,225,381,156,True
45,47,225,326,101,True
50,53,225,308,83,True
55,41,225,310,85,True
66,51,225,310,85,True
67,59,225,308,83,True
69,45,225,308,83,True
72,47,225,296,71,True
76,53,225,308,83,True
86,40,225,308,83,True
90,51,225,367,142,True
92,42,225,308,83,True
94,47,225,308,83,True
99,49,225,308,83,True
3,44,226,326,100,True
10,47,226,326,100,True
12,36,226,326,100,True
14,42,226,326,100,True
16,50,226,326,100,True
25,46,226,326,100,True
27,47,226,326,100,True
31,42,226,326,100,True
35,44,226,326,100,True
36,50,226,326,100,True
42,49,226,381,155,True
47,33,226,326,100,True
52,39,226,,,False
53,41,226,310,84,True
57,33,226,326,100,True
59,53,226,308,82,True
61,42,226,310,84,True
70,39,226,326,100,True
72,48,226,326,100,True
77,53,226,308,82,True
79,54,226,308,82,True
82,46,226,310,84,True
84,46,226,308,82,True
85,48,226,308,82,True
86,41,226,308,82,True
91,42,226,288,62,True
94,48,226,308,82,True
8,48,227,326,99,True
13,49,227,326,99,True
14,43,227,326,99,True
15,40,227,326,99,True
19,36,227,326,99,True
33,45,227,326,99,True
36,51,227,326,99,True
40,49,227,381,154,True
55,42,227,310,83,True
56,45,227,308,81,True
60,40,227,308,81,True
64,41,227,326,99,True
72,49,227,326,99,True
74,42,227,308,81,True
85,49,227,308,81,True
90,52,227,367,140,True
99,50,227,308,81,True
5,44,228,326,98,True
10,48,228,326,98,True
12,37,228,326,98,True
14,44,228,326,98,True
23,46,228,326,98,True
25,47,228,326,98,True
29,41,228,326,98,True
30,48,228,326,98,True
33,46,228,326,98,True
54,59,228,308,80,True
64,42,228,326,98,True
67,60,228,308,80,True
74,43,228,308,80,True
80,36,228,288,60,True
83,48,228,288,60,True
90,53,228,367,139,True
91,43,228,308,80,True
93,50,228,308,80,True
94,49,228,308,80,True
96,41,228,308,80,True
97,36,228,308,80,True
3,45,229,326,97,True
8,49,229,326,97,True
10,49,229,326,97,True
15,41,229,326,97,True
22,45,229,326,97,True
37,54,229,326,97,True
55,43,229,310,81,True
58,46,229,308,79,True
61,43,229,310,81,True
69,46,229,308,79,True
75,47,229,308,79,True
76,54,229,308,79,True
85,50,229,308,79,True
94,50,229,308,79,True
98,40,229,310,81,True
13,50,230,326,96,True
14,45,230,326,96,True
15,42,230,326,96,True
20,44,230,326,96,True
21,48,230,381,151,True
24,47,230,326,96,True
25,48,230,326,96,True
28,51,230,381,151,True
31,43,230,326,96,True
35,45,230,326,96,True
46,43,230,326,96,True
51,54,230,308,78,True
62,33,230,308,78,True
64,43,230,326,96,True
66,52,230,310,80,True
70,40,230,326,96,True
79,55,230,308,78,True
82,47,230,310,80,True
86,42,230,326,96,True
91,44,230,308,78,True
92,43,230,308,78,True
95,48,230,326,96,True
98,41,230,310,80,True
1,40,231,381,150,True
5,45,231,326,95,True
7,42,231,381,150,True
8,50,231,381,150,True
9,39,231,381,150,True
23,47,231,326,95,True
24,48,231,326,95,True
25,49,231,326,95,True
33,47,231,326,95,True
34,45,231,326,95,True
38,39,231,326,95,True
41,46,231,326,95,True
50,54,231,405,174,True
55,44,231,310,79,True
59,54,231,308,77,True
63,57,231,405,174,True
65,50,231,308,77,True
67,61,231,308,77,True
69,47,231,308,77,True
84,47,231,308,77,True
94,51,231,308,77,True
0,47,232,326,94,True
3,46,232,381,149,True
7,43,232,381,149,True
8,51,232,381,149,True
10,50,232,326,94,True
13,51,232,326,94,True
19,37,232,326,94,True
20,45,232,326,94,True
23,48,232,326,94,True
33,48,232,326,94,True
35,46,232,326,94,True
40,50,232,381,149,True
42,50,232,381,149,True
43,42,232,326,94,True
44,49,232,381,149,True
47,34,232,326,94,True
62,34,232,308,76,True
67,62,232,308,76,True
77,54,232,308,76,True
80,37,232,308,76,True
89,37,232,308,76,True
96,42,232,308,76,True
98,42,232,310,78,True
19,38,233,326,93,True
25,50,233,326,93,True
26,38,233,381,148,True
28,52,233,381,148,True
35,47,233,326,93,True
43,43,233,326,93,True
47,35,233,326,93,True
50,55,233,405,172,True
74,44,233,308,75,True
84,48,233,308,75,True
91,45,233,308,75,True
94,52,233,308,75,True
97,37,233,308,75,True
2,51,234,415,181,True
3,47,234,381,147,True
12,38,234,326,92,True
16,51,234,381,147,True
21,49,234,381,147,True
23,49,234,326,92,True
28,53,234,381,147,True
35,48,234,326,92,True
42,51,234,381,147,True
46,44,234,326,92,True
48,56,234,326,92,True
66,53,234,310,76,True
71,48,234,308,74,True
72,50,234,326,92,True
73,52,234,308,74,True
83,49,234,308,74,True
85,51,234,308,74,True
99,51,234,308,74,True
0,48,235,326,91,True
1,41,235,381,146,True
2,52,235,415,180,True
5,46,235,326,91,True
7,44,235,381,146,True
18,35,235,326,91,True
19,39,235,381,146,True
20,46,235,326,91,True
23,50,235,326,91,True
25,51,235,326,91,True
30,49,235,326,91,True
35,49,235,326,91,True
44,50,235,381,146,True
45,48,235,326,91,True
47,36,235,326,91,True
49,43,235,326,91,True
51,55,235,308,73,True
64,44,235,326,91,True
65,51,235,308,73,True
66,54,235,310,75,True
68,54,235,367,132,True
70,41,235,326,91,True
83,50,235,308,73,True
84,49,235,308,73,True
90,54,235,367,132,True
93,51,235,459,224,True
18,36,236,326,90,True
20,47,236,326,90,True
25,52,236,326,90,True
28,54,236,381,145,True
31,44,236,326,90,True
35,50,236,326,90,True
41,47,236,381,145,True
47,37,236,326,90,True
50,56,236,405,169,True
52,40,236,,,False
53,42,236,310,74,True
57,34,236,326,90,True
58,47,236,308,72,True
61,44,236,326,90,True
64,45,236,326,90,True
73,53,236,308,72,True
74,45,236,308,72,True
88,52,236,459,223,True
91,46,236,310,74,True
94,53,236,308,72,True
95,49,236,326,90,True
4,49,237,381,144,True
5,47,237,326,89,True
11,48,237,381,144,True
15,43,237,326,89,True
18,37,237,326,89,True
19,40,237,381,144,True
21,50,237,381,144,True
24,49,237,326,89,True
28,55,237,381,144,True
35,51,237,326,89,True
36,52,237,326,89,True
40,51,237,381,144,True
50,57,237,405,168,True
51,56,237,367,130,True
55,45,237,310,73,True
59,55,237,308,71,True
63,58,237,405,168,True
68,55,237,367,130,True
71,49,237,344,107,True
75,48,237,308,71,True
76,55,237,344,107,True
77,55,237,308,71,True
78,45,237,308,71,True
91,47,237,310,73,True
92,44,237,308,71,True
95,50,237,326,89,True
99,52,237,308,71,True
0,49,238,381,143,True
1,42,238,381,143,True
2,53,238,415,177,True
10,51,238,326,88,True
13,52,238,326,88,True
14,46,238,381,143,True
22,46,238,326,88,True
23,51,238,326,88,True
27,48,238,326,88,True
46,45,238,326,88,True
50,58,238,405,167,True
53,43,238,310,72,True
56,46,238,308,70,True
60,41,238,344,106,True
61,45,238,326,88,True
63,59,238,405,167,True
67,63,238,367,129,True
68,56,238,367,129,True
69,48,238,308,70,True
78,46,238,308,70,True
85,52,238,308,70,True
91,48,238,310,72,True
96,43,238,367,129,True
7,45,239,415,176,True
9,40,239,381,142,True
14,47,239,381,142,True
16,52,239,381,142,True
25,53,239,326,87,True
27,49,239,326,87,True
34,46,239,326,87,True
40,52,239,381,142,True
42,52,239,381,142,True
47,38,239,381,142,True
53,44,239,310,71,True
55,46,239,310,71,True
57,35,239,326,87,True
59,56,239,308,69,True
62,35,239,308,69,True
63,60,239,405,166,True
65,52,239,308,69,True
75,49,239,308,69,True
82,48,239,310,71,True
87,37,239,308,69,True
88,53,239,459,220,True
93,52,239,459,220,True
96,44,239,367,128,True
97,38,239,308,69,True
3,48,240,381,141,True
5,48,240,326,86,True
10,52,240,326,86,True
14,48,240,381,141,True
23,52,240,326,86,True
24,50,240,326,86,True
31,45,240,326,86,True
34,47,240,326,86,True
45,49,240,326,86,True
47,39,240,381,141,True
49,44,240,326,86,True
56,47,240,308,68,True
59,57,240,308,68,True
61,46,240,326,86,True
70,42,240,326,86,True
71,50,240,344,104,True
79,56,240,326,86,True
88,54,240,459,219,True
3,49,241,381,140,True
4,50,241,381,140,True
7,46,241,415,174,True
18,38,241,326,85,True
19,41,241,381,140,True
22,47,241,326,85,True
24,51,241,326,85,True
34,48,241,326,85,True
35,52,241,326,85,True
39,44,241,326,85,True
41,48,241,381,140,True
47,40,241,381,140,True
48,57,241,381,140,True
49,45,241,326,85,True
64,46,241,326,85,True
71,51,241,344,103,True
86,43,241,326,85,True
88,55,241,459,218,True
95,51,241,326,85,True
96,45,241,367,126,True
99,53,241,308,67,True
5,49,242,326,84,True
6,48,242,381,139,True
8,52,242,381,139,True
10,53,242,415,173,True
14,49,242,381,139,True
19,42,242,381,139,True
21,51,242,381,139,True
39,45,242,326,84,True
45,50,242,326,84,True
46,46,242,381,139,True
47,41,242,381,139,True
54,60,242,308,66,True
55,47,242,310,68,True
60,42,242,344,102,True
63,61,242,405,163,True
70,43,242,326,84,True
74,46,242,308,66,True
75,50,242,308,66,True
82,49,242,310,68,True
83,51,242,310,68,True
85,53,242,308,66,True
89,38,242,344,102,True
90,55,242,367,125,True
92,45,242,367,125,True
7,47,243,415,172,True
10,54,243,415,172,True
14,50,243,381,138,True
23,53,243,381,138,True
24,52,243,326,83,True
34,49,243,326,83,True
39,46,243,326,83,True
40,53,243,381,138,True
41,49,243,381,138,True
45,51,243,326,83,True
46,47,243,381,138,True
61,47,243,326,83,True
67,64,243,367,124,True
69,49,243,344,101,True
71,52,243,344,101,True
73,54,243,308,65,True
74,47,243,459,216,True
75,51,243,308,65,True
80,38,243,310,67,True
90,56,243,367,124,True
92,46,243,367,124,True
0,50,244,381,137,True
13,53,244,326,82,True
29,42,244,381,137,True
30,50,244,326,82,True
33,49,244,381,137,True
40,54,244,381,137,True
41,50,244,381,137,True
47,42,244,381,137,True
50,59,244,405,161,True
56,48,244,308,64,True
58,48,244,308,64,True
61,48,244,326,82,True
62,36,244,308,64,True
73,55,244,308,64,True
76,56,244,344,100,True
88,56,244,459,215,True
90,57,244,367,123,True
98,43,244,326,82,True
99,54,244,308,64,True
10,55,245,415,170,True
14,51,245,381,136,True
16,53,245,381,136,True
18,39,245,326,81,True
22,48,245,381,136,True
27,50,245,326,81,True
28,56,245,381,136,True
29,43,245,381,136,True
39,47,245,326,81,True
52,41,245,,,False
54,61,245,308,63,True
56,49,245,308,63,True
59,58,245,308,63,True
65,53,245,344,99,True
69,50,245,344,99,True
77,56,245,308,63,True
79,57,245,326,81,True
85,54,245,308,63,True
92,47,245,367,122,True
4,51,246,381,135,True
10,56,246,415,169,True
11,49,246,381,135,True
17,41,246,381,135,True
21,52,246,381,135,True
28,57,246,381,135,True
29,44,246,381,135,True
31,46,246,326,80,True
38,40,246,381,135,True
39,48,246,326,80,True
41,51,246,381,135,True
48,58,246,381,135,True
52,42,246,,,False
56,50,246,308,62,True
58,49,246,308,62,True
59,59,246,308,62,True
61,49,246,326,80,True
65,54,246,344,98,True
70,44,246,326,80,True
73,56,246,308,62,True
81,32,246,459,213,True
85,55,246,308,62,True
93,53,246,459,213,True
97,39,246,308,62,True
13,54,247,381,134,True
17,42,247,381,134,True
26,39,247,381,134,True
28,58,247,381,134,True
39,49,247,326,79,True
43,44,247,326,79,True
44,51,247,381,134,True
45,52,247,326,79,True
46,48,247,381,134,True
57,36,247,326,79,True
62,37,247,367,120,True
64,47,247,326,79,True
82,50,247,310,63,True
83,52,247,405,158,True
87,38,247,308,61,True
88,57,247,459,212,True
89,39,247,344,97,True
95,52,247,326,79,True
97,40,247,367,120,True
2,54,248,415,167,True
3,50,248,381,133,True
14,52,248,381,133,True
17,43,248,381,133,True
20,48,248,326,78,True
24,53,248,326,78,True
34,50,248,326,78,True
47,43,248,381,133,True
66,55,248,310,62,True
67,65,248,367,119,True
87,39,248,308,60,True
88,58,248,459,211,True
93,54,248,459,211,True
96,46,248,367,119,True
3,51,249,381,132,True
15,44,249,344,95,True
16,54,249,381,132,True
29,45,249,381,132,True
39,50,249,326,77,True
54,62,249,308,59,True
58,50,249,344,95,True
68,57,249,367,118,True
69,51,249,344,95,True
70,45,249,326,77,True
79,58,249,326,77,True
86,44,249,326,77,True
87,40,249,308,59,True
96,47,249,367,118,True
97,41,249,367,118,True
99,55,249,308,59,True
13,55,250,381,131,True
17,44,250,381,131,True
18,40,250,381,131,True
31,47,250,326,76,True
36,53,250,381,131,True
44,52,250,381,131,True
49,46,250,381,131,True
50,60,250,405,155,True
54,63,250,308,58,True
75,52,250,308,58,True
79,59,250,326,76,True
83,53,250,405,155,True
84,50,250,367,117,True
0,51,251,381,130,True
6,49,251,381,130,True
10,57,251,415,164,True
11,50,251,381,130,True
27,51,251,326,75,True
32,44,251,381,130,True
41,52,251,381,130,True
46,49,251,381,130,True
49,47,251,381,130,True
52,43,251,,,False
54,64,251,308,57,True
60,43,251,405,154,True
64,48,251,326,75,True
66,56,251,310,59,True
69,52,251,344,93,True
77,57,251,344,93,True
82,51,251,310,59,True
86,45,251,326,75,True
88,59,251,459,208,True
90,58,251,367,116,True
93,55,251,459,208,True
97,42,251,367,116,True
2,55,252,415,163,True
3,52,252,381,129,True
6,50,252,381,129,True
16,55,252,381,129,True
18,41,252,381,129,True
21,53,252,381,129,True
26,40,252,381,129,True
27,52,252,326,74,True
31,48,252,326,74,True
33,50,252,381,129,True
42,53,252,381,129,True
43,45,252,381,129,True
53,45,252,405,153,True
62,38,252,367,115,True
67,66,252,367,115,True
71,53,252,405,153,True
73,57,252,308,56,True
81,33,252,459,207,True
82,52,252,310,58,True
83,54,252,405,153,True
85,56,252,344,92,True
86,46,252,326,74,True
97,43,252,367,115,True
99,56,252,308,56,True
2,56,253,415,162,True
4,52,253,381,128,True
9,41,253,381,128,True
12,39,253,381,128,True
13,56,253,381,128,True
30,51,253,415,162,True
31,49,253,326,73,True
42,54,253,381,128,True
54,65,253,367,114,True
55,48,253,405,152,True
57,37,253,326,73,True
67,67,253,367,114,True
70,46,253,326,73,True
71,54,253,405,152,True
74,48,253,459,206,True
76,57,253,344,91,True
84,51,253,367,114,True
88,60,253,459,206,True
96,48,253,367,114,True
0,52,254,381,127,True
2,57,254,415,161,True
5,50,254,381,127,True
8,53,254,381,127,True
18,42,254,381,127,True
28,59,254,381,127,True
31,50,254,326,72,True
35,53,254,326,72,True
39,51,254,381,127,True
42,55,254,381,127,True
45,53,254,326,72,True
49,48,254,381,127,True
55,49,254,405,151,True
58,51,254,344,90,True
60,44,254,405,151,True
68,58,254,367,113,True
76,58,254,344,90,True
77,58,254,344,90,True
80,39,254,367,113,True
91,49,254,405,151,True
97,44,254,367,113,True
4,53,255,381,126,True
15,45,255,344,89,True
28,60,255,381,126,True
41,53,255,381,126,True
43,46,255,381,126,True
65,55,255,344,89,True
66,57,255,367,112,True
75,53,255,344,89,True
76,59,255,344,89,True
78,47,255,367,112,True
79,60,255,326,71,True
84,52,255,367,112,True
85,57,255,344,89,True
98,44,255,326,71,True
0,53,256,381,125,True
9,42,256,381,125,True
12,40,256,381,125,True
13,57,256,381,125,True
14,53,256,381,125,True
15,46,256,344,88,True
18,43,256,381,125,True
24,54,256,381,125,True
25,54,256,381,125,True
29,46,256,381,125,True
34,51,256,326,70,True
44,53,256,381,125,True
48,59,256,381,125,True
49,49,256,381,125,True
52,44,256,,,False
54,66,256,367,111,True
57,38,256,326,70,True
66,58,256,405,149,True
67,68,256,367,111,True
73,58,256,344,88,True
77,59,256,344,88,True
78,48,256,367,111,True
88,61,256,459,203,True
91,50,256,405,149,True
95,53,256,326,70,True
1,43,257,381,124,True
2,58,257,415,158,True
8,54,257,381,124,True
29,47,257,381,124,True
33,51,257,381,124,True
36,54,257,415,158,True
46,50,257,381,124,True
47,44,257,381,124,True
48,60,257,381,124,True
65,56,257,344,87,True
66,59,257,405,148,True
68,59,257,367,110,True
75,54,257,344,87,True
76,60,257,344,87,True
79,61,257,326,69,True
96,49,257,367,110,True
0,54,258,381,123,True
6,51,258,381,123,True
12,41,258,381,123,True
13,58,258,381,123,True
25,55,258,381,123,True
26,41,258,381,123,True
30,52,258,415,157,True
32,45,258,381,123,True
38,41,258,381,123,True
39,52,258,381,123,True
46,51,258,381,123,True
54,67,258,367,109,True
56,51,258,308,50,True
57,39,258,326,68,True
61,50,258,326,68,True
69,53,258,367,109,True
80,40,258,367,109,True
94,54,258,367,109,True
12,42,259,381,122,True
15,47,259,344,85,True
25,56,259,381,122,True
30,53,259,415,156,True
31,51,259,381,122,True
36,55,259,415,156,True
38,42,259,381,122,True
43,47,259,381,122,True
48,61,259,381,122,True
51,57,259,367,108,True
55,50,259,405,146,True
56,52,259,367,108,True
62,39,259,367,108,True
69,54,259,367,108,True
70,47,259,344,85,True
77,60,259,344,85,True
78,49,259,367,108,True
79,62,259,326,67,True
92,48,259,367,108,True
4,54,260,381,121,True
5,51,260,381,121,True
15,48,260,344,84,True
23,54,260,381,121,True
31,52,260,381,121,True
45,54,260,415,155,True
47,45,260,381,121,True
52,45,260,,,False
57,40,260,326,66,True
60,45,260,405,145,True
72,51,260,326,66,True
79,63,260,326,66,True
85,58,260,344,84,True
86,47,260,344,84,True
88,62,260,459,199,True
92,49,260,405,145,True
97,45,260,367,107,True
5,52,261,381,120,True
8,55,261,381,120,True
19,43,261,415,154,True
23,55,261,381,120,True
28,61,261,381,120,True
43,48,261,381,120,True
55,51,261,405,144,True
56,53,261,367,106,True
72,52,261,326,65,True
73,59,261,344,83,True
95,54,261,367,106,True
3,53,262,381,119,True
7,48,262,415,153,True
14,54,262,381,119,True
21,54,262,381,119,True
23,56,262,381,119,True
28,62,262,381,119,True
31,53,262,381,119,True
37,55,262,381,119,True
39,53,262,381,119,True
40,55,262,381,119,True
49,50,262,381,119,True
54,68,262,367,105,True
58,52,262,405,143,True
64,49,262,326,64,True
82,53,262,367,105,True
87,41,262,344,82,True
93,56,262,459,197,True
97,46,262,367,105,True
5,53,263,381,118,True
10,58,263,415,152,True
13,59,263,381,118,True
15,49,263,344,81,True
16,56,263,381,118,True
20,49,263,326,63,True
25,57,263,381,118,True
26,42,263,381,118,True
27,53,263,381,118,True
28,63,263,381,118,True
31,54,263,381,118,True
33,52,263,381,118,True
35,54,263,326,63,True
39,54,263,381,118,True
43,49,263,381,118,True
49,51,263,381,118,True
63,62,263,405,142,True
68,60,263,367,104,True
75,55,263,367,104,True
80,41,263,405,142,True
83,55,263,405,142,True
89,40,263,459,196,True
90,59,263,367,104,True
92,50,263,405,142,True
99,57,263,405,142,True
0,55,264,381,117,True
9,43,264,415,151,True
11,51,264,381,117,True
17,45,264,415,151,True
27,54,264,381,117,True
39,55,264,381,117,True
44,54,264,381,117,True
46,52,264,381,117,True
49,52,264,381,117,True
54,69,264,367,103,True
59,60,264,367,103,True
60,46,264,405,141,True
62,40,264,367,103,True
63,63,264,405,141,True
65,57,264,344,80,True
74,49,264,459,195,True
86,48,264,344,80,True
91,51,264,405,141,True
92,51,264,405,141,True
95,55,264,367,103,True
96,50,264,405,141,True
3,54,265,381,116,True
6,52,265,415,150,True
13,60,265,381,116,True
16,57,265,381,116,True
23,57,265,381,116,True
32,46,265,381,116,True
38,43,265,381,116,True
51,58,265,367,102,True
57,41,265,326,61,True
58,53,265,405,140,True
63,64,265,405,140,True
65,58,265,344,79,True
66,60,265,405,140,True
67,69,265,367,102,True
73,60,265,367,102,True
76,61,265,344,79,True
80,42,265,405,140,True
87,42,265,344,79,True
88,63,265,459,194,True
92,52,265,405,140,True
94,55,265,367,102,True
95,56,265,367,102,True
97,47,265,367,102,True
5,54,266,381,115,True
19,44,266,415,149,True
20,50,266,326,60,True
22,49,266,381,115,True
23,58,266,381,115,True
29,48,266,381,115,True
30,54,266,415,149,True
32,47,266,381,115,True
35,55,266,415,149,True
36,56,266,415,149,True
46,53,266,381,115,True
48,62,266,381,115,True
51,59,266,367,101,True
63,65,266,405,139,True
64,50,266,344,78,True
82,54,266,367,101,True
97,48,266,367,101,True
99,58,266,405,139,True
4,55,267,381,114,True
7,49,267,415,148,True
10,59,267,415,148,True
20,51,267,326,59,True
22,50,267,381,114,True
24,55,267,381,114,True
30,55,267,415,148,True
31,55,267,381,114,True
41,54,267,381,114,True
45,55,267,415,148,True
46,54,267,381,114,True
50,61,267,405,138,True
55,52,267,405,138,True
63,66,267,405,138,True
66,61,267,405,138,True
68,61,267,367,100,True
70,48,267,344,77,True
81,34,267,459,192,True
84,53,267,367,100,True
87,43,267,405,138,True
88,64,267,459,192,True
98,45,267,367,100,True
8,56,268,381,113,True
14,55,268,381,113,True
26,43,268,381,113,True
29,49,268,381,113,True
30,56,268,415,147,True
35,56,268,415,147,True
46,55,268,381,113,True
48,63,268,381,113,True
51,60,268,367,99,True
55,53,268,405,137,True
59,61,268,459,191,True
63,67,268,405,137,True
70,49,268,344,76,True
72,53,268,326,58,True
82,55,268,367,99,True
84,54,268,367,99,True
0,56,269,381,112,True
2,59,269,415,146,True
11,52,269,381,112,True
12,43,269,381,112,True
19,45,269,415,146,True
34,52,269,415,146,True
43,50,269,381,112,True
44,55,269,381,112,True
47,46,269,381,112,True
48,64,269,381,112,True
49,53,269,381,112,True
54,70,269,405,136,True
55,54,269,405,136,True
78,50,269,367,98,True
79,64,269,367,98,True
81,35,269,459,190,True
86,49,269,344,75,True
87,44,269,405,136,True
97,49,269,367,98,True
1,44,270,381,111,True
4,56,270,381,111,True
15,50,270,344,74,True
24,56,270,381,111,True
27,55,270,381,111,True
36,57,270,415,145,True
37,56,270,381,111,True
43,51,270,381,111,True
50,62,270,405,135,True
52,46,270,,,False
58,54,270,405,135,True
60,47,270,405,135,True
66,62,270,405,135,True
69,55,270,405,135,True
75,56,270,459,189,True
76,62,270,344,74,True
79,65,270,367,97,True
84,55,270,367,97,True
95,57,270,367,97,True
15,51,271,344,73,True
17,46,271,415,144,True
19,46,271,415,144,True
28,64,271,415,144,True
34,53,271,415,144,True
37,57,271,381,110,True
38,44,271,415,144,True
40,56,271,381,110,True
43,52,271,381,110,True
46,56,271,381,110,True
58,55,271,405,134,True
69,56,271,405,134,True
71,55,271,405,134,True
76,63,271,459,188,True
77,61,271,367,96,True
80,43,271,405,134,True
81,36,271,459,188,True
84,56,271,367,96,True
96,51,271,497,226,True
99,59,271,405,134,True
0,57,272,381,109,True
4,57,272,381,109,True
7,50,272,415,143,True
11,53,272,381,109,True
14,56,272,381,109,True
15,52,272,344,72,True
21,55,272,381,109,True
26,44,272,381,109,True
30,57,272,415,143,True
32,48,272,381,109,True
35,57,272,415,143,True
37,58,272,381,109,True
39,56,272,381,109,True
42,56,272,381,109,True
43,53,272,381,109,True
51,61,272,405,133,True
60,48,272,405,133,True
74,50,272,459,187,True
80,44,272,405,133,True
83,56,272,405,133,True
90,60,272,405,133,True
92,53,272,405,133,True
97,50,272,367,95,True
7,51,273,415,142,True
9,44,273,415,142,True
14,57,273,381,108,True
15,53,273,344,71,True
22,51,273,381,108,True
23,59,273,381,108,True
31,56,273,381,108,True
34,54,273,415,142,True
40,57,273,381,108,True
52,47,273,,,False
63,68,273,405,132,True
66,63,273,405,132,True
73,61,273,367,94,True
77,62,273,405,132,True
82,56,273,405,132,True
91,52,273,405,132,True
95,58,273,367,94,True
98,46,273,367,94,True
99,60,273,405,132,True
2,60,274,415,141,True
11,54,274,381,107,True
13,61,274,381,107,True
14,58,274,381,107,True
16,58,274,381,107,True
18,44,274,381,107,True
21,56,274,381,107,True
24,57,274,381,107,True
26,45,274,381,107,True
33,53,274,381,107,True
43,54,274,381,107,True
44,56,274,381,107,True
50,63,274,405,131,True
54,71,274,459,185,True
64,51,274,344,70,True
65,59,274,367,93,True
77,63,274,405,131,True
79,66,274,367,93,True
93,57,274,459,185,True
96,52,274,497,223,True
4,58,275,381,106,True
5,55,275,381,106,True
6,53,275,415,140,True
9,45,275,415,140,True
13,62,275,381,106,True
16,59,275,381,106,True
17,47,275,415,140,True
26,46,275,381,106,True
29,50,275,381,106,True
30,58,275,415,140,True
33,54,275,381,106,True
37,59,275,381,106,True
40,58,275,415,140,True
41,55,275,381,106,True
47,47,275,381,106,True
56,54,275,459,184,True
60,49,275,405,130,True
76,64,275,459,184,True
77,64,275,405,130,True
79,67,275,367,92,True
89,41,275,459,184,True
99,61,275,405,130,True
3,55,276,381,105,True
8,57,276,381,105,True
14,59,276,381,105,True
17,48,276,415,139,True
23,60,276,381,105,True
27,56,276,415,139,True
38,45,276,415,139,True
40,59,276,415,139,True
46,57,276,381,105,True
49,54,276,381,105,True
53,46,276,405,129,True
55,55,276,405,129,True
72,54,276,344,68,True
81,37,276,459,183,True
82,57,276,405,129,True
89,42,276,459,183,True
90,61,276,405,129,True
96,53,276,497,221,True
97,51,276,367,91,True
1,45,277,381,104,True
2,61,277,415,138,True
9,46,277,415,138,True
17,49,277,415,138,True
20,52,277,344,67,True
24,58,277,381,104,True
25,58,277,415,138,True
34,55,277,415,138,True
39,57,277,415,138,True
44,57,277,381,104,True
46,58,277,381,104,True
47,48,277,381,104,True
48,65,277,415,138,True
52,48,277,,,False
56,55,277,459,182,True
61,51,277,344,67,True
74,51,277,459,182,True
78,51,277,459,182,True
79,68,277,367,90,True
83,57,277,405,128,True
86,50,277,344,67,True
93,58,277,459,182,True
97,52,277,367,90,True
2,62,278,415,137,True
32,49,278,381,103,True
35,58,278,415,137,True
37,60,278,381,103,True
42,57,278,381,103,True
51,62,278,405,127,True
58,56,278,405,127,True
62,41,278,405,127,True
66,64,278,405,127,True
70,50,278,367,89,True
75,57,278,459,181,True
76,65,278,459,181,True
79,69,278,367,89,True
81,38,278,459,181,True
83,58,278,405,127,True
85,59,278,459,181,True
90,62,278,459,181,True
3,56,279,381,102,True
5,56,279,381,102,True
9,47,279,415,136,True
11,55,279,381,102,True
12,44,279,381,102,True
21,57,279,381,102,True
22,52,279,415,136,True
27,57,279,415,136,True
31,57,279,415,136,True
33,55,279,381,102,True
36,58,279,415,136,True
49,55,279,381,102,True
59,62,279,459,180,True
66,65,279,405,126,True
67,70,279,405,126,True
71,56,279,459,180,True
72,55,279,344,65,True
74,52,279,459,180,True
84,57,279,459,180,True
85,60,279,459,180,True
88,65,279,459,180,True
94,56,279,405,126,True
95,59,279,367,88,True
98,47,279,367,88,True
5,57,280,381,101,True
7,52,280,415,135,True
8,58,280,381,101,True
9,48,280,415,135,True
12,45,280,381,101,True
18,45,280,489,209,True
27,58,280,415,135,True
28,65,280,415,135,True
30,59,280,415,135,True
40,60,280,415,135,True
45,56,280,415,135,True
56,56,280,459,179,True
67,71,280,405,125,True
68,62,280,405,125,True
74,53,280,459,179,True
79,70,280,367,87,True
80,45,280,405,125,True
82,58,280,405,125,True
83,59,280,405,125,True
87,45,280,405,125,True
88,66,280,459,179,True
90,63,280,459,179,True
91,53,280,405,125,True
0,58,281,381,100,True
7,53,281,415,134,True
10,60,281,415,134,True
12,46,281,381,100,True
13,63,281,415,134,True
20,53,281,367,86,True
21,58,281,381,100,True
29,51,281,381,100,True
32,50,281,381,100,True
38,46,281,415,134,True
39,58,281,415,134,True
40,61,281,415,134,True
51,63,281,405,124,True
60,50,281,459,178,True
61,52,281,344,63,True
68,63,281,405,124,True
74,54,281,459,178,True
78,52,281,459,178,True
79,71,281,367,86,True
84,58,281,459,178,True
85,61,281,459,178,True
87,46,281,459,178,True
95,60,281,367,86,True
99,62,281,459,178,True
7,54,282,415,133,True
12,47,282,381,99,True
14,60,282,381,99,True
16,60,282,415,133,True
20,54,282,367,85,True
21,59,282,381,99,True
25,59,282,415,133,True
26,47,282,381,99,True
28,66,282,415,133,True
43,55,282,415,133,True
46,59,282,415,133,True
47,49,282,381,99,True
49,56,282,381,99,True
51,64,282,405,123,True
55,56,282,405,123,True
60,51,282,459,177,True
71,57,282,459,177,True
87,47,282,459,177,True
92,54,282,405,123,True
96,54,282,497,215,True
4,59,283,381,98,True
11,56,283,381,98,True
13,64,283,415,132,True
15,54,283,415,132,True
17,50,283,415,132,True
25,60,283,415,132,True
29,52,283,381,98,True
30,60,283,428,145,True
35,59,283,415,132,True
38,47,283,415,132,True
43,56,283,415,132,True
44,58,283,381,98,True
46,60,283,415,132,True
53,47,283,405,122,True
56,57,283,459,176,True
59,63,283,459,176,True
60,52,283,459,176,True
61,53,283,344,61,True
67,72,283,405,122,True
74,55,283,459,176,True
76,66,283,459,176,True
78,53,283,459,176,True
91,54,283,405,122,True
99,63,283,459,176,True
0,59,284,381,97,True
1,46,284,381,97,True
26,48,284,381,97,True
29,53,284,381,97,True
33,56,284,381,97,True
36,59,284,415,131,True
45,57,284,415,131,True
50,64,284,405,121,True
60,53,284,459,175,True
70,51,284,367,83,True
72,56,284,405,121,True
84,59,284,459,175,True
97,53,284,367,83,True
4,60,285,381,96,True
13,65,285,415,130,True
22,53,285,415,130,True
23,61,285,381,96,True
28,67,285,415,130,True
31,58,285,415,130,True
32,51,285,381,96,True
49,57,285,381,96,True
50,65,285,405,120,True
60,54,285,459,174,True
62,42,285,405,120,True
63,69,285,405,120,True
65,60,285,459,174,True
73,62,285,459,174,True
79,72,285,367,82,True
85,62,285,459,174,True
97,54,285,367,82,True
0,60,286,381,95,True
1,47,286,381,95,True
2,63,286,415,129,True
4,61,286,428,142,True
11,57,286,381,95,True
14,61,286,381,95,True
25,61,286,415,129,True
29,54,286,381,95,True
32,52,286,381,95,True
34,56,286,415,129,True
39,59,286,415,129,True
48,66,286,415,129,True
63,70,286,405,119,True
64,52,286,367,81,True
67,73,286,405,119,True
68,64,286,405,119,True
71,58,286,459,173,True
78,54,286,459,173,True
81,39,286,459,173,True
83,60,286,405,119,True
88,67,286,459,173,True
97,55,286,367,81,True
4,62,287,428,141,True
10,61,287,415,128,True
16,61,287,415,128,True
23,62,287,381,94,True
26,49,287,381,94,True
28,68,287,415,128,True
55,57,287,405,118,True
56,58,287,459,172,True
66,66,287,405,118,True
67,74,287,405,118,True
73,63,287,459,172,True
77,65,287,459,172,True
86,51,287,459,172,True
87,48,287,459,172,True
89,43,287,459,172,True
91,55,287,405,118,True
99,64,287,459,172,True
2,64,288,415,127,True
11,58,288,381,93,True
14,62,288,381,93,True
20,55,288,367,79,True
24,59,288,428,140,True
25,62,288,415,127,True
28,69,288,415,127,True
34,57,288,415,127,True
35,60,288,415,127,True
51,65,288,405,117,True
52,49,288,,,False
58,57,288,459,171,True
61,54,288,367,79,True
70,52,288,367,79,True
71,59,288,459,171,True
72,57,288,405,117,True
86,52,288,459,171,True
89,44,288,459,171,True
2,65,289,415,126,True
8,59,289,381,92,True
9,49,289,415,126,True
14,63,289,381,92,True
35,61,289,415,126,True
38,48,289,415,126,True
47,50,289,381,92,True
48,67,289,415,126,True
49,58,289,381,92,True
50,66,289,459,170,True
57,42,289,367,78,True
70,53,289,367,78,True
73,64,289,459,170,True
75,58,289,459,170,True
78,55,289,459,170,True
79,73,289,465,176,True
81,40,289,459,170,True
83,61,289,405,116,True
89,45,289,459,170,True
91,56,289,405,116,True
92,55,289,459,170,True
95,61,289,405,116,True
98,48,289,367,78,True
8,60,290,381,91,True
18,46,290,489,199,True
23,63,290,381,91,True
25,63,290,415,125,True
29,55,290,381,91,True
30,61,290,428,138,True
31,59,290,415,125,True
40,62,290,415,125,True
45,58,290,415,125,True
47,51,290,381,91,True
51,66,290,405,115,True
53,48,290,405,115,True
57,43,290,367,77,True
65,61,290,459,169,True
81,41,290,459,169,True
84,60,290,459,169,True
85,63,290,459,169,True
86,53,290,459,169,True
97,56,290,367,77,True
5,58,291,428,137,True
11,59,291,381,90,True
12,48,291,428,137,True
14,64,291,381,90,True
15,55,291,415,124,True
20,56,291,367,76,True
22,54,291,415,124,True
23,64,291,381,90,True
30,62,291,428,137,True
32,53,291,381,90,True
37,61,291,415,124,True
40,63,291,415,124,True
51,67,291,405,114,True
58,58,291,459,168,True
60,55,291,459,168,True
61,55,291,367,76,True
62,43,291,405,114,True
65,62,291,459,168,True
69,57,291,459,168,True
81,42,291,459,168,True
84,61,291,459,168,True
87,49,291,459,168,True
92,56,291,459,168,True
93,59,291,459,168,True
95,62,291,405,114,True
0,61,292,381,89,True
7,55,292,415,123,True
10,62,292,415,123,True
11,60,292,381,89,True
22,55,292,415,123,True
25,64,292,415,123,True
29,56,292,381,89,True
30,63,292,428,136,True
38,49,292,415,123,True
40,64,292,415,123,True
42,58,292,415,123,True
48,68,292,415,123,True
52,50,292,,,False
57,44,292,367,75,True
64,53,292,367,75,True
67,75,292,459,167,True
73,65,292,459,167,True
74,56,292,459,167,True
76,67,292,459,167,True
78,56,292,459,167,True
89,46,292,459,167,True
8,61,293,381,88,True
12,49,293,428,135,True
36,60,293,415,122,True
37,62,293,415,122,True
42,59,293,415,122,True
44,59,293,381,88,True
61,56,293,367,74,True
65,63,293,459,166,True
68,65,293,405,112,True
72,58,293,405,112,True
74,57,293,459,166,True
80,46,293,405,112,True
93,60,293,459,166,True
99,65,293,459,166,True
10,63,294,415,121,True
16,62,294,415,121,True
24,60,294,489,195,True
25,65,294,415,121,True
39,60,294,415,121,True
44,60,294,381,87,True
45,59,294,415,121,True
52,51,294,,,False
58,59,294,459,165,True
59,64,294,459,165,True
65,64,294,459,165,True
84,62,294,459,165,True
88,68,294,459,165,True
91,57,294,405,111,True
95,63,294,405,111,True
3,57,295,415,120,True
5,59,295,428,133,True
6,54,295,415,120,True
11,61,295,381,86,True
12,50,295,428,133,True
13,66,295,415,120,True
22,56,295,415,120,True
26,50,295,428,133,True
29,57,295,381,86,True
38,50,295,415,120,True
46,61,295,415,120,True
54,72,295,459,164,True
59,65,295,459,164,True
64,54,295,367,72,True
66,67,295,405,110,True
70,54,295,367,72,True
78,57,295,459,164,True
80,47,295,405,110,True
86,54,295,459,164,True
87,50,295,459,164,True
92,57,295,459,164,True
95,64,295,405,110,True
5,60,296,428,132,True
13,67,296,415,119,True
18,47,296,489,193,True
22,57,296,415,119,True
27,59,296,415,119,True
35,62,296,415,119,True
46,62,296,415,119,True
48,69,296,415,119,True
49,59,296,428,132,True
53,49,296,405,109,True
55,58,296,405,109,True
56,59,296,459,163,True
60,56,296,459,163,True
62,44,296,459,163,True
63,71,296,405,109,True
74,58,296,459,163,True
78,58,296,459,163,True
79,74,296,465,169,True
80,48,296,405,109,True
81,43,296,459,163,True
91,58,296,405,109,True
93,61,296,459,163,True
96,55,296,497,201,True
1,48,297,381,84,True
13,68,297,415,118,True
22,58,297,415,118,True
24,61,297,489,192,True
26,51,297,428,131,True
28,70,297,415,118,True
31,60,297,415,118,True
38,51,297,415,118,True
45,60,297,415,118,True
46,63,297,415,118,True
59,66,297,459,162,True
76,68,297,459,162,True
78,59,297,459,162,True
91,59,297,405,108,True
94,57,297,405,108,True
0,62,298,381,83,True
4,63,298,428,130,True
6,55,298,415,117,True
12,51,298,428,130,True
21,60,298,381,83,True
40,65,298,415,117,True
43,57,298,415,117,True
64,55,298,367,69,True
65,65,298,459,161,True
66,68,298,405,107,True
69,58,298,459,161,True
72,59,298,405,107,True
88,69,298,459,161,True
95,65,298,405,107,True
0,63,299,381,82,True
3,58,299,415,116,True
8,62,299,381,82,True
16,63,299,415,116,True
17,51,299,415,116,True
27,60,299,415,116,True
33,57,299,381,82,True
39,61,299,415,116,True
41,56,299,428,129,True
45,61,299,415,116,True
47,52,299,428,129,True
59,67,299,459,160,True
64,56,299,367,68,True
87,51,299,459,160,True
92,58,299,459,160,True
93,62,299,459,160,True
30,64,300,428,128,True
34,58,300,415,115,True
57,45,300,459,159,True
67,76,300,459,159,True
68,66,300,405,105,True
76,69,300,459,159,True
77,66,300,459,159,True
78,60,300,459,159,True
79,75,300,465,165,True
91,60,300,405,105,True
92,59,300,459,159,True
94,58,300,405,105,True
97,57,300,405,105,True
99,66,300,459,159,True
10,64,301,415,114,True
14,65,301,381,80,True
23,65,301,428,127,True
30,65,301,428,127,True
31,61,301,415,114,True
32,54,301,415,114,True
37,63,301,428,127,True
39,62,301,415,114,True
48,70,301,415,114,True
54,73,301,459,158,True
55,59,301,405,104,True
67,77,301,459,158,True
73,66,301,459,158,True
75,59,301,459,158,True
76,70,301,459,158,True
80,49,301,405,104,True
81,44,301,459,158,True
84,63,301,459,158,True
90,64,301,459,158,True
93,63,301,459,158,True
94,59,301,405,104,True
97,58,301,405,104,True
99,67,301,459,158,True
2,66,302,428,126,True
7,56,302,415,113,True
10,65,302,415,113,True
12,52,302,428,126,True
14,66,302,381,79,True
16,64,302,415,113,True
20,57,302,415,113,True
30,66,302,428,126,True
41,57,302,428,126,True
50,67,302,459,157,True
61,57,302,367,65,True
66,69,302,405,103,True
73,67,302,459,157,True
74,59,302,465,163,True
76,71,302,459,157,True
79,76,302,465,163,True
92,60,302,459,157,True
0,64,303,381,78,True
3,59,303,428,125,True
6,56,303,415,112,True
18,48,303,489,186,True
21,61,303,381,78,True
22,59,303,415,112,True
33,58,303,428,125,True
34,59,303,415,112,True
38,52,303,428,125,True
40,66,303,415,112,True
47,53,303,428,125,True
49,60,303,428,125,True
55,60,303,405,102,True
56,60,303,459,156,True
63,72,303,405,102,True
72,60,303,405,102,True
81,45,303,459,156,True
82,59,303,405,102,True
91,61,303,405,102,True
95,66,303,405,102,True
99,68,303,459,156,True
5,61,304,428,124,True
6,57,304,415,111,True
9,50,304,415,111,True
12,53,304,428,124,True
13,69,304,415,111,True
15,56,304,415,111,True
16,65,304,428,124,True
23,66,304,428,124,True
31,62,304,415,111,True
33,59,304,428,124,True
36,61,304,415,111,True
45,62,304,415,111,True
49,61,304,428,124,True
51,68,304,405,101,True
55,61,304,405,101,True
56,61,304,459,155,True
60,57,304,459,155,True
63,73,304,405,101,True
75,60,304,459,155,True
76,72,304,459,155,True
77,67,304,459,155,True
80,50,304,405,101,True
81,46,304,459,155,True
84,64,304,459,155,True
85,64,304,459,155,True
90,65,304,459,155,True
97,59,304,405,101,True
4,64,305,428,123,True
5,62,305,428,123,True
9,51,305,415,110,True
11,62,305,428,123,True
13,70,305,415,110,True
22,60,305,428,123,True
23,67,305,428,123,True
24,62,305,489,184,True
27,61,305,415,110,True
30,67,305,428,123,True
35,63,305,415,110,True
40,67,305,415,110,True
43,58,305,428,123,True
55,62,305,405,100,True
58,60,305,459,154,True
62,45,305,459,154,True
65,66,305,459,154,True
70,55,305,405,100,True
71,60,305,459,154,True
74,60,305,465,160,True
83,62,305,405,100,True
84,65,305,459,154,True
88,70,305,465,160,True
89,47,305,459,154,True
3,60,306,428,122,True
8,63,306,428,122,True
15,57,306,415,109,True
21,62,306,381,75,True
26,52,306,428,122,True
32,55,306,428,122,True
36,62,306,415,109,True
39,63,306,415,109,True
54,74,306,459,153,True
67,78,306,459,153,True
68,67,306,405,99,True
72,61,306,405,99,True
77,68,306,459,153,True
78,61,306,459,153,True
92,61,306,459,153,True
93,64,306,459,153,True
98,49,306,405,99,True
3,61,307,428,121,True
4,65,307,428,121,True
5,63,307,428,121,True
8,64,307,428,121,True
10,66,307,428,121,True
14,67,307,381,74,True
16,66,307,428,121,True
25,66,307,415,108,True
30,68,307,428,121,True
33,60,307,428,121,True
34,60,307,415,108,True
39,64,307,415,108,True
40,68,307,415,108,True
44,61,307,428,121,True
45,63,307,415,108,True
59,68,307,459,152,True
60,58,307,459,152,True
64,57,307,405,98,True
65,67,307,459,152,True
69,59,307,459,152,True
72,62,307,405,98,True
77,69,307,459,152,True
81,47,307,459,152,True
86,55,307,459,152,True
89,48,307,459,152,True
91,62,307,405,98,True
98,50,307,405,98,True
1,49,308,428,120,True
3,62,308,428,120,True
5,64,308,428,120,True
10,67,308,428,120,True
11,63,308,428,120,True
17,52,308,415,107,True
24,63,308,489,181,True
26,53,308,428,120,True
30,69,308,428,120,True
35,64,308,415,107,True
37,64,308,428,120,True
38,53,308,428,120,True
48,71,308,415,107,True
49,62,308,428,120,True
53,50,308,405,97,True
55,63,308,405,97,True
60,59,308,459,151,True
64,58,308,405,97,True
65,68,308,459,151,True
71,61,308,459,151,True
72,63,308,405,97,True
77,70,308,459,151,True
78,62,308,459,151,True
85,65,308,459,151,True
4,66,309,428,119,True
9,52,309,415,106,True
10,68,309,428,119,True
12,54,309,428,119,True
14,68,309,381,72,True
19,47,309,415,106,True
20,58,309,415,106,True
21,63,309,428,119,True
25,67,309,415,106,True
26,54,309,428,119,True
31,63,309,415,106,True
32,56,309,428,119,True
49,63,309,428,119,True
53,51,309,405,96,True
57,46,309,459,150,True
61,58,309,405,96,True
68,68,309,405,96,True
72,64,309,405,96,True
82,60,309,405,96,True
3,63,310,428,118,True
4,67,310,428,118,True
7,57,310,415,105,True
10,69,310,428,118,True
21,64,310,428,118,True
27,62,310,428,118,True
38,54,310,428,118,True
39,65,310,415,105,True
50,68,310,459,149,True
52,52,310,,,False
58,61,310,459,149,True
61,59,310,405,95,True
63,74,310,405,95,True
65,69,310,459,149,True
72,65,310,405,95,True
76,73,310,459,149,True
82,61,310,405,95,True
86,56,310,459,149,True
87,52,310,459,149,True
88,71,310,465,155,True
90,66,310,459,149,True
92,62,310,459,149,True
93,65,310,459,149,True
2,67,311,428,117,True
21,65,311,428,117,True
22,61,311,428,117,True
23,68,311,428,117,True
25,68,311,415,104,True
26,55,311,428,117,True
35,65,311,415,104,True
41,58,311,428,117,True
48,72,311,415,104,True
51,69,311,459,148,True
52,53,311,,,False
66,70,311,405,94,True
73,68,311,459,148,True
78,63,311,459,148,True
4,68,312,428,116,True
5,65,312,428,116,True
9,53,312,415,103,True
14,69,312,381,69,True
18,49,312,489,177,True
28,71,312,415,103,True
31,64,312,415,103,True
33,61,312,428,116,True
42,60,312,428,116,True
43,59,312,428,116,True
48,73,312,415,103,True
55,64,312,459,147,True
61,60,312,405,93,True
64,59,312,405,93,True
69,60,312,459,147,True
71,62,312,459,147,True
73,69,312,459,147,True
78,64,312,459,147,True
90,67,312,459,147,True
92,63,312,459,147,True
98,51,312,405,93,True
0,65,313,428,115,True
1,50,313,428,115,True
2,68,313,428,115,True
3,64,313,428,115,True
5,66,313,428,115,True
24,64,313,489,176,True
26,56,313,428,115,True
37,65,313,428,115,True
43,60,313,428,115,True
46,64,313,428,115,True
47,54,313,428,115,True
59,69,313,459,146,True
63,75,313,459,146,True
65,70,313,459,146,True
83,63,313,405,92,True
88,72,313,465,152,True
92,64,313,459,146,True
3,65,314,428,114,True
5,67,314,428,114,True
14,70,314,428,114,True
17,53,314,428,114,True
24,65,314,489,175,True
34,61,314,415,101,True
35,66,314,415,101,True
39,66,314,428,114,True
43,61,314,428,114,True
45,64,314,415,101,True
51,70,314,459,145,True
57,47,314,459,145,True
60,60,314,459,145,True
72,66,314,405,91,True
74,61,314,465,151,True
89,49,314,459,145,True
95,67,314,405,91,True
2,69,315,428,113,True
3,66,315,428,113,True
4,69,315,428,113,True
24,66,315,489,174,True
28,72,315,415,100,True
43,62,315,428,113,True
45,65,315,415,100,True
58,62,315,459,144,True
61,61,315,405,90,True
64,60,315,405,90,True
66,71,315,405,90,True
67,79,315,459,144,True
73,70,315,459,144,True
80,51,315,405,90,True
83,64,315,405,90,True
90,68,315,459,144,True
7,58,316,428,112,True
9,54,316,415,99,True
21,66,316,428,112,True
26,57,316,428,112,True
28,73,316,415,99,True
33,62,316,428,112,True
41,59,316,428,112,True
47,55,316,428,112,True
51,71,316,459,143,True
52,54,316,,,False
58,63,316,459,143,True
63,76,316,459,143,True
72,67,316,405,89,True
76,74,316,459,143,True
78,65,316,459,143,True
80,52,316,405,89,True
89,50,316,459,143,True
93,66,316,459,143,True
94,60,316,405,89,True
0,66,317,428,111,True
3,67,317,428,111,True
6,58,317,415,98,True
21,67,317,428,111,True
23,69,317,428,111,True
27,63,317,428,111,True
28,74,317,415,98,True
31,65,317,415,98,True
40,69,317,415,98,True
44,62,317,428,111,True
49,64,317,428,111,True
68,69,317,405,88,True
69,61,317,459,142,True
78,66,317,459,142,True
90,69,317,459,142,True
99,69,317,459,142,True
1,51,318,428,110,True
4,70,318,428,110,True
6,59,318,415,97,True
11,64,318,428,110,True
15,58,318,415,97,True
23,70,318,428,110,True
28,75,318,415,97,True
38,55,318,428,110,True
42,61,318,428,110,True
46,65,318,428,110,True
49,65,318,428,110,True
51,72,318,459,141,True
52,55,318,,,False
55,65,318,459,141,True
64,61,318,405,87,True
66,72,318,459,141,True
67,80,318,459,141,True
70,56,318,405,87,True
74,62,318,465,147,True
75,61,318,459,141,True
78,67,318,459,141,True
79,77,318,465,147,True
81,48,318,459,141,True
83,65,318,459,141,True
84,66,318,459,141,True
85,66,318,459,141,True
90,70,318,459,141,True
93,67,318,459,141,True
8,65,319,428,109,True
15,59,319,415,96,True
20,59,319,415,96,True
21,68,319,428,109,True
26,58,319,428,109,True
30,70,319,428,109,True
32,57,319,428,109,True
42,62,319,428,109,True
43,63,319,428,109,True
57,48,319,459,140,True
71,63,319,459,140,True
80,53,319,405,86,True
84,67,319,459,140,True
88,73,319,465,146,True
93,68,319,459,140,True
5,68,320,428,108,True
8,66,320,428,108,True
10,70,320,428,108,True
12,55,320,428,108,True
17,54,320,428,108,True
28,76,320,415,95,True
30,71,320,428,108,True
31,66,320,428,108,True
39,67,320,428,108,True
40,70,320,428,108,True
43,64,320,428,108,True
44,63,320,428,108,True
45,66,320,415,95,True
51,73,320,459,139,True
52,56,320,,,False
57,49,320,459,139,True
60,61,320,459,139,True
63,77,320,459,139,True
71,64,320,459,139,True
91,63,320,459,139,True
98,52,320,405,85,True
15,60,321,415,94,True
23,71,321,428,107,True
24,67,321,489,168,True
35,67,321,415,94,True
37,66,321,428,107,True
51,74,321,459,138,True
60,62,321,459,138,True
70,57,321,405,84,True
71,65,321,459,138,True
74,63,321,465,144,True
84,68,321,459,138,True
96,56,321,497,176,True
97,60,321,459,138,True
5,69,322,428,106,True
17,55,322,428,106,True
19,48,322,428,106,True
26,59,322,428,106,True
31,67,322,428,106,True
32,58,322,428,106,True
39,68,322,428,106,True
41,60,322,428,106,True
45,67,322,415,93,True
46,66,322,428,106,True
52,57,322,,,False
54,75,322,459,137,True
69,62,322,459,137,True
78,68,322,459,137,True
81,49,322,459,137,True
86,57,322,459,137,True
87,53,322,459,137,True
93,69,322,459,137,True
3,68,323,428,105,True
5,70,323,428,105,True
16,67,323,428,105,True
21,69,323,428,105,True
35,68,323,415,92,True
44,64,323,428,105,True
46,67,323,428,105,True
54,76,323,459,136,True
60,63,323,459,136,True
63,78,323,459,136,True
64,62,323,405,82,True
70,58,323,405,82,True
80,54,323,405,82,True
95,68,323,405,82,True
97,61,323,459,136,True
18,50,324,489,165,True
19,49,324,428,104,True
25,69,324,415,91,True
40,71,324,428,104,True
51,75,324,459,135,True
59,70,324,465,141,True
62,46,324,459,135,True
68,70,324,459,135,True
69,63,324,459,135,True
79,78,324,465,141,True
84,69,324,459,135,True
87,54,324,459,135,True
91,64,324,459,135,True
6,60,325,428,103,True
9,55,325,489,164,True
10,71,325,489,164,True
13,71,325,428,103,True
27,64,325,428,103,True
29,58,325,428,103,True
30,72,325,428,103,True
37,67,325,428,103,True
39,69,325,428,103,True
40,72,325,428,103,True
41,61,325,428,103,True
44,65,325,428,103,True
47,56,325,428,103,True
52,58,325,,,False
57,50,325,459,134,True
73,71,325,459,134,True
81,50,325,459,134,True
93,70,325,459,134,True
94,61,325,465,140,True
97,62,325,459,134,True
5,71,326,428,102,True
6,61,326,428,102,True
8,67,326,428,102,True
10,72,326,489,163,True
15,61,326,415,89,True
21,70,326,428,102,True
24,68,326,489,163,True
26,60,326,428,102,True
44,66,326,428,102,True
48,74,326,428,102,True
49,66,326,428,102,True
56,62,326,459,133,True
65,71,326,459,133,True
67,81,326,459,133,True
76,75,326,459,133,True
79,79,326,465,139,True
83,66,326,459,133,True
95,69,326,405,79,True
96,57,326,497,171,True
0,67,327,428,101,True
1,52,327,428,101,True
4,71,327,428,101,True
6,62,327,428,101,True
11,65,327,428,101,True
17,56,327,428,101,True
20,60,327,415,88,True
32,59,327,428,101,True
40,73,327,428,101,True
42,63,327,489,162,True
48,75,327,489,162,True
61,62,327,405,78,True
71,66,327,459,132,True
72,68,327,459,132,True
78,69,327,459,132,True
80,55,327,405,78,True
83,67,327,459,132,True
85,67,327,459,132,True
97,63,327,459,132,True
2,70,328,428,100,True
4,72,328,428,100,True
15,62,328,415,87,True
20,61,328,415,87,True
23,72,328,428,100,True
36,63,328,428,100,True
40,74,328,428,100,True
48,76,328,489,161,True
54,77,328,459,131,True
55,66,328,459,131,True
56,63,328,459,131,True
59,71,328,465,137,True
62,47,328,459,131,True
63,79,328,459,131,True
65,72,328,459,131,True
68,71,328,459,131,True
73,72,328,459,131,True
81,51,328,459,131,True
84,70,328,459,131,True
91,65,328,459,131,True
2,71,329,428,99,True
3,69,329,428,99,True
7,59,329,428,99,True
14,71,329,428,99,True
16,68,329,428,99,True
23,73,329,428,99,True
26,61,329,428,99,True
27,65,329,428,99,True
28,77,329,428,99,True
31,68,329,428,99,True
36,64,329,428,99,True
41,62,329,428,99,True
43,65,329,489,160,True
64,63,329,459,130,True
68,72,329,459,130,True
73,73,329,459,130,True
74,64,329,465,136,True
90,71,329,459,130,True
98,53,329,405,76,True
4,73,330,428,98,True
10,73,330,489,159,True
17,57,330,428,98,True
18,51,330,489,159,True
20,62,330,415,85,True
25,70,330,428,98,True
27,66,330,489,159,True
30,73,330,428,98,True
31,69,330,428,98,True
34,62,330,415,85,True
36,65,330,428,98,True
40,75,330,428,98,True
42,64,330,489,159,True
52,59,330,,,False
61,63,330,405,75,True
65,73,330,459,129,True
66,73,330,459,129,True
71,67,330,459,129,True
75,62,330,459,129,True
92,65,330,459,129,True
1,53,331,428,97,True
2,72,331,428,97,True
5,72,331,428,97,True
13,72,331,428,97,True
22,62,331,489,158,True
24,69,331,489,158,True
25,71,331,428,97,True
34,63,331,415,84,True
35,69,331,415,84,True
36,66,331,428,97,True
37,68,331,428,97,True
40,76,331,428,97,True
47,57,331,428,97,True
48,77,331,489,158,True
56,64,331,459,128,True
57,51,331,459,128,True
61,64,331,405,74,True
64,64,331,459,128,True
76,76,331,459,128,True
78,70,331,459,128,True
88,74,331,465,134,True
89,51,331,459,128,True
92,66,331,459,128,True
0,68,332,428,96,True
1,54,332,428,96,True
4,74,332,428,96,True
7,60,332,428,96,True
14,72,332,428,96,True
16,69,332,428,96,True
23,74,332,428,96,True
25,72,332,428,96,True
28,78,332,428,96,True
38,56,332,428,96,True
40,77,332,489,157,True
41,63,332,428,96,True
45,68,332,415,83,True
48,78,332,489,157,True
50,69,332,459,127,True
70,59,332,459,127,True
80,56,332,465,133,True
85,68,332,459,127,True
86,58,332,459,127,True
88,75,332,465,133,True
92,67,332,459,127,True
93,71,332,459,127,True
1,55,333,428,95,True
8,68,333,428,95,True
14,73,333,428,95,True
18,52,333,489,156,True
21,71,333,428,95,True
29,59,333,428,95,True
39,70,333,428,95,True
53,52,333,459,126,True
54,78,333,459,126,True
55,67,333,459,126,True
58,64,333,465,132,True
59,72,333,465,132,True
68,73,333,459,126,True
69,64,333,459,126,True
71,68,333,459,126,True
73,74,333,459,126,True
94,62,333,465,132,True
95,70,333,459,126,True
7,61,334,428,94,True
8,69,334,428,94,True
10,74,334,489,155,True
14,74,334,428,94,True
15,63,334,415,81,True
21,72,334,428,94,True
28,79,334,428,94,True
30,74,334,428,94,True
36,67,334,428,94,True
40,78,334,489,155,True
41,64,334,428,94,True
43,66,334,489,155,True
63,80,334,459,125,True
87,55,334,459,125,True
91,66,334,459,125,True
3,70,335,428,93,True
4,75,335,428,93,True
14,75,335,428,93,True
20,63,335,415,80,True
21,73,335,428,93,True
23,75,335,428,93,True
29,60,335,428,93,True
32,60,335,428,93,True
42,65,335,489,154,True
50,70,335,459,124,True
54,79,335,459,124,True
56,65,335,459,124,True
61,65,335,405,70,True
63,81,335,459,124,True
64,65,335,459,124,True
66,74,335,459,124,True
71,69,335,459,124,True
72,69,335,459,124,True
73,75,335,459,124,True
74,65,335,465,130,True
82,62,335,465,130,True
88,76,335,465,130,True
95,71,335,459,124,True
98,54,335,405,70,True
2,73,336,428,92,True
25,73,336,428,92,True
29,61,336,428,92,True
30,75,336,428,92,True
40,79,336,489,153,True
45,69,336,415,79,True
53,53,336,459,123,True
61,66,336,405,69,True
64,66,336,459,123,True
66,75,336,459,123,True
74,66,336,465,129,True
77,71,336,465,129,True
87,56,336,465,129,True
97,64,336,459,123,True
98,55,336,405,69,True
1,56,337,428,91,True
8,70,337,428,91,True
25,74,337,428,91,True
30,76,337,428,91,True
34,64,337,489,152,True
39,71,337,428,91,True
41,65,337,428,91,True
46,68,337,428,91,True
49,67,337,428,91,True
54,80,337,459,122,True
60,64,337,459,122,True
78,71,337,459,122,True
84,71,337,459,122,True
93,72,337,465,128,True
5,73,338,428,90,True
8,71,338,428,90,True
14,76,338,428,90,True
23,76,338,428,90,True
24,70,338,489,151,True
36,68,338,428,90,True
37,69,338,428,90,True
47,58,338,428,90,True
55,68,338,465,127,True
59,73,338,465,127,True
62,48,338,459,121,True
65,74,338,459,121,True
70,60,338,459,121,True
72,70,338,459,121,True
73,76,338,459,121,True
84,72,338,459,121,True
98,56,338,459,121,True
2,74,339,428,89,True
6,63,339,428,89,True
15,64,339,415,76,True
20,64,339,415,76,True
29,62,339,428,89,True
30,77,339,428,89,True
37,70,339,428,89,True
40,80,339,489,150,True
41,66,339,428,89,True
49,68,339,428,89,True
64,67,339,459,120,True
73,77,339,459,120,True
83,68,339,459,120,True
85,69,339,459,120,True
87,57,339,465,126,True
89,52,339,465,126,True
98,57,339,459,120,True
1,57,340,428,88,True
3,71,340,428,88,True
7,62,340,489,149,True
8,72,340,428,88,True
11,66,340,428,88,True
12,56,340,428,88,True
13,73,340,428,88,True
20,65,340,415,75,True
21,74,340,428,88,True
32,61,340,489,149,True
35,70,340,489,149,True
38,57,340,489,149,True
41,67,340,428,88,True
51,76,340,459,119,True
53,54,340,465,125,True
55,69,340,465,125,True
60,65,340,459,119,True
72,71,340,459,119,True
77,72,340,465,125,True
84,73,340,459,119,True
86,59,340,459,119,True
89,53,340,465,125,True
94,63,340,465,125,True
98,58,340,459,119,True
99,70,340,459,119,True
6,64,341,428,87,True
35,71,341,489,148,True
40,81,341,489,148,True
42,66,341,489,148,True
43,67,341,489,148,True
44,67,341,489,148,True
53,55,341,465,124,True
55,70,341,465,124,True
56,66,341,459,118,True
65,75,341,459,118,True
70,61,341,459,118,True
71,70,341,465,124,True
75,63,341,459,118,True
79,80,341,465,124,True
80,57,341,465,124,True
84,74,341,459,118,True
86,60,341,459,118,True
89,54,341,465,124,True
91,67,341,459,118,True
96,58,341,497,156,True
0,69,342,428,86,True
4,76,342,428,86,True
5,74,342,428,86,True
21,75,342,428,86,True
23,77,342,428,86,True
29,63,342,428,86,True
34,65,342,489,147,True
41,68,342,428,86,True
46,69,342,428,86,True
47,59,342,428,86,True
49,69,342,428,86,True
57,52,342,459,117,True
61,67,342,459,117,True
63,82,342,465,123,True
66,76,342,475,133,True
73,78,342,459,117,True
80,58,342,465,123,True
83,69,342,465,123,True
84,75,342,459,117,True
88,77,342,465,123,True
92,68,342,459,117,True
96,59,342,497,155,True
3,72,343,428,85,True
8,73,343,428,85,True
16,70,343,489,146,True
18,53,343,489,146,True
31,70,343,428,85,True
46,70,343,428,85,True
48,79,343,489,146,True
49,70,343,428,85,True
59,74,343,465,122,True
61,68,343,459,116,True
62,49,343,459,116,True
69,65,343,459,116,True
70,62,343,459,116,True
81,52,343,465,122,True
82,63,343,465,122,True
86,61,343,459,116,True
91,68,343,459,116,True
96,60,343,497,154,True
0,70,344,428,84,True
3,73,344,428,84,True
10,75,344,489,145,True
16,71,344,489,145,True
26,62,344,489,145,True
33,63,344,428,84,True
34,66,344,489,145,True
39,72,344,489,145,True
43,68,344,489,145,True
47,60,344,428,84,True
56,67,344,459,115,True
59,75,344,465,121,True
60,66,344,465,121,True
65,76,344,459,115,True
69,66,344,459,115,True
81,53,344,465,121,True
86,62,344,459,115,True
99,71,344,459,115,True
1,58,345,428,83,True
4,77,345,428,83,True
5,75,345,428,83,True
6,65,345,428,83,True
11,67,345,428,83,True
16,72,345,489,144,True
22,63,345,489,144,True
23,78,345,489,144,True
36,69,345,428,83,True
38,58,345,489,144,True
45,70,345,489,144,True
47,61,345,428,83,True
48,80,345,489,144,True
50,71,345,459,114,True
54,81,345,465,120,True
57,53,345,459,114,True
61,69,345,459,114,True
68,74,345,465,120,True
74,67,345,465,120,True
76,77,345,459,114,True
84,76,345,459,114,True
92,69,345,465,120,True
94,64,345,465,120,True
95,72,345,459,114,True
99,72,345,459,114,True
2,75,346,489,143,True
6,66,346,428,82,True
7,63,346,489,143,True
11,68,346,428,82,True
12,57,346,428,82,True
16,73,346,489,143,True
18,54,346,489,143,True
19,50,346,489,143,True
20,66,346,415,69,True
22,64,346,489,143,True
28,80,346,489,143,True
32,62,346,489,143,True
35,72,346,489,143,True
36,70,346,428,82,True
37,71,346,489,143,True
44,68,346,489,143,True
45,71,346,489,143,True
59,76,346,465,119,True
73,79,346,459,113,True
74,68,346,465,119,True
75,64,346,465,119,True
76,78,346,459,113,True
80,59,346,465,119,True
82,64,346,465,119,True
98,59,346,459,113,True
9,56,347,489,142,True
14,77,347,428,81,True
19,51,347,489,142,True
23,79,347,489,142,True
28,81,347,489,142,True
30,78,347,428,81,True
32,63,347,489,142,True
33,64,347,428,81,True
34,67,347,489,142,True
39,73,347,489,142,True
46,71,347,428,81,True
54,82,347,465,118,True
60,67,347,465,118,True
63,83,347,465,118,True
64,68,347,459,112,True
74,69,347,465,118,True
75,65,347,465,118,True
78,72,347,465,118,True
80,60,347,465,118,True
84,77,347,459,112,True
86,63,347,459,112,True
90,72,347,465,118,True
91,69,347,465,118,True
96,61,347,497,150,True
99,73,347,465,118,True
13,74,348,428,80,True
30,79,348,428,80,True
34,68,348,489,141,True
42,67,348,489,141,True
61,70,348,459,111,True
65,77,348,459,111,True
67,82,348,465,117,True
73,80,348,459,111,True
75,66,348,465,117,True
76,79,348,459,111,True
77,73,348,465,117,True
82,65,348,465,117,True
83,70,348,475,127,True
87,58,348,465,117,True
91,70,348,465,117,True
93,73,348,465,117,True
94,65,348,465,117,True
98,60,348,459,111,True
99,74,348,465,117,True
9,57,349,489,140,True
11,69,349,428,79,True
12,58,349,428,79,True
22,65,349,489,140,True
24,71,349,489,140,True
26,63,349,489,140,True
31,71,349,428,79,True
41,69,349,489,140,True
48,81,349,489,140,True
50,72,349,459,110,True
52,60,349,,,False
78,73,349,465,116,True
79,81,349,465,116,True
89,55,349,465,116,True
93,74,349,465,116,True
99,75,349,465,116,True
2,76,350,489,139,True
12,59,350,428,78,True
19,52,350,489,139,True
24,72,350,489,139,True
44,69,350,489,139,True
46,72,350,428,78,True
56,68,350,465,115,True
61,71,350,459,109,True
67,83,350,465,115,True
72,72,350,459,109,True
84,78,350,465,115,True
92,70,350,465,115,True
93,75,350,465,115,True
7,64,351,489,138,True
19,53,351,489,138,True
22,66,351,489,138,True
26,64,351,489,138,True
28,82,351,489,138,True
30,80,351,428,77,True
33,65,351,428,77,True
34,69,351,489,138,True
47,62,351,428,77,True
54,83,351,465,114,True
58,65,351,465,114,True
60,68,351,465,114,True
75,67,351,465,114,True
77,74,351,465,114,True
86,64,351,465,114,True
99,76,351,465,114,True
2,77,352,489,137,True
4,78,352,428,76,True
9,58,352,489,137,True
10,76,352,489,137,True
22,67,352,489,137,True
23,80,352,489,137,True
25,75,352,489,137,True
26,65,352,489,137,True
28,83,352,489,137,True
30,81,352,428,76,True
34,70,352,489,137,True
36,71,352,489,137,True
37,72,352,489,137,True
38,59,352,489,137,True
41,70,352,489,137,True
49,71,352,428,76,True
54,84,352,465,113,True
55,71,352,465,113,True
58,66,352,465,113,True
65,78,352,459,107,True
66,77,352,475,123,True
68,75,352,465,113,True
73,81,352,465,113,True
84,79,352,465,113,True
87,59,352,465,113,True
88,78,352,465,113,True
93,76,352,465,113,True
94,66,352,465,113,True
97,65,352,459,107,True
0,71,353,428,75,True
4,79,353,428,75,True
10,77,353,489,136,True
11,70,353,428,75,True
12,60,353,428,75,True
22,68,353,489,136,True
27,67,353,489,136,True
30,82,353,428,75,True
38,60,353,489,136,True
40,82,353,489,136,True
46,73,353,428,75,True
50,73,353,459,106,True
55,72,353,465,112,True
56,69,353,465,112,True
66,78,353,475,122,True
68,76,353,465,112,True
75,68,353,465,112,True
78,74,353,465,112,True
80,61,353,465,112,True
81,54,353,465,112,True
83,71,353,475,122,True
84,80,353,465,112,True
85,70,353,465,112,True
88,79,353,465,112,True
89,56,353,465,112,True
96,62,353,497,144,True
1,59,354,428,74,True
4,80,354,428,74,True
8,74,354,428,74,True
19,54,354,489,135,True
24,73,354,489,135,True
28,84,354,489,135,True
30,83,354,428,74,True
32,64,354,489,135,True
37,73,354,489,135,True
40,83,354,489,135,True
41,71,354,489,135,True
42,68,354,489,135,True
61,72,354,459,105,True
65,79,354,459,105,True
71,71,354,465,111,True
72,73,354,459,105,True
75,69,354,465,111,True
76,80,354,465,111,True
78,75,354,465,111,True
82,66,354,465,111,True
88,80,354,497,143,True
90,73,354,465,111,True
94,67,354,465,111,True
95,73,354,475,121,True
96,63,354,497,143,True
99,77,354,465,111,True
0,72,355,428,73,True
2,78,355,489,134,True
3,74,355,489,134,True
7,65,355,489,134,True
8,75,355,428,73,True
10,78,355,489,134,True
12,61,355,428,73,True
13,75,355,489,134,True
17,58,355,489,134,True
37,74,355,489,134,True
44,70,355,489,134,True
45,72,355,489,134,True
50,74,355,459,104,True
59,77,355,465,110,True
73,82,355,465,110,True
86,65,355,465,110,True
87,60,355,465,110,True
90,74,355,465,110,True
92,71,355,465,110,True
0,73,356,428,72,True
1,60,356,428,72,True
16,74,356,489,133,True
17,59,356,489,133,True
28,85,356,489,133,True
33,66,356,428,72,True
35,73,356,489,133,True
39,74,356,489,133,True
42,69,356,489,133,True
43,69,356,489,133,True
46,74,356,489,133,True
52,61,356,,,False
61,73,356,459,103,True
66,79,356,475,119,True
68,77,356,465,109,True
71,72,356,497,141,True
86,66,356,465,109,True
2,79,357,489,132,True
3,75,357,489,132,True
7,66,357,489,132,True
8,76,357,428,71,True
16,75,357,489,132,True
21,76,357,489,132,True
30,84,357,428,71,True
39,75,357,489,132,True
42,70,357,489,132,True
47,63,357,428,71,True
56,70,357,465,108,True
65,80,357,459,102,True
66,80,357,475,118,True
73,83,357,465,108,True
79,82,357,465,108,True
83,72,357,475,118,True
86,67,357,465,108,True
89,57,357,465,108,True
94,68,357,465,108,True
3,76,358,489,131,True
4,81,358,489,131,True
8,77,358,428,70,True
13,76,358,489,131,True
15,65,358,489,131,True
21,77,358,489,131,True
29,64,358,489,131,True
34,71,358,489,131,True
37,75,358,489,131,True
46,75,358,489,131,True
63,84,358,465,107,True
68,78,358,465,107,True
71,73,358,497,139,True
73,84,358,465,107,True
74,70,358,465,107,True
88,81,358,497,139,True
90,75,358,465,107,True
94,69,358,497,139,True
96,64,358,497,139,True
3,77,359,489,130,True
4,82,359,489,130,True
6,67,359,489,130,True
17,60,359,489,130,True
21,78,359,489,130,True
24,74,359,489,130,True
26,66,359,489,130,True
30,85,359,428,69,True
44,71,359,489,130,True
55,73,359,475,116,True
59,78,359,465,106,True
66,81,359,475,116,True
69,67,359,465,106,True
71,74,359,497,138,True
76,81,359,465,106,True
78,76,359,465,106,True
83,73,359,475,116,True
89,58,359,497,138,True
91,71,359,465,106,True
95,74,359,475,116,True
98,61,359,459,100,True
0,74,360,428,68,True
7,67,360,489,129,True
10,79,360,489,129,True
13,77,360,489,129,True
18,55,360,489,129,True
22,69,360,489,129,True
36,72,360,489,129,True
47,64,360,428,68,True
50,75,360,497,137,True
65,81,360,465,105,True
80,62,360,475,115,True
82,67,360,465,105,True
88,82,360,497,137,True
91,72,360,465,105,True
93,77,360,465,105,True
99,78,360,465,105,True
7,68,361,489,128,True
13,78,361,489,128,True
14,78,361,428,67,True
20,67,361,489,128,True
22,70,361,489,128,True
26,67,361,489,128,True
28,86,361,489,128,True
33,67,361,428,67,True
36,73,361,489,128,True
48,82,361,489,128,True
50,76,361,497,136,True
51,77,361,465,104,True
52,62,361,,,False
54,85,361,465,104,True
55,74,361,475,114,True
67,84,361,465,104,True
80,63,361,475,114,True
83,74,361,475,114,True
87,61,361,497,136,True
91,73,361,465,104,True
94,70,361,497,136,True
96,65,361,497,136,True
97,66,361,475,114,True
99,79,361,465,104,True
28,87,362,489,127,True
40,84,362,489,127,True
50,77,362,497,135,True
53,56,362,465,103,True
67,85,362,465,103,True
75,70,362,465,103,True
77,75,362,465,103,True
84,81,362,497,135,True
85,71,362,465,103,True
96,66,362,497,135,True
1,61,363,428,65,True
2,80,363,489,126,True
4,83,363,489,126,True
10,80,363,489,126,True
13,79,363,489,126,True
15,66,363,489,126,True
20,68,363,489,126,True
25,76,363,489,126,True
27,68,363,489,126,True
29,65,363,489,126,True
36,74,363,489,126,True
38,61,363,489,126,True
39,76,363,489,126,True
41,72,363,489,126,True
43,70,363,489,126,True
49,72,363,428,65,True
67,86,363,465,102,True
68,79,363,465,102,True
74,71,363,497,134,True
78,77,363,465,102,True
83,75,363,475,112,True
84,82,363,497,134,True
86,68,363,465,102,True
92,72,363,465,102,True
95,75,363,475,112,True
3,78,364,489,125,True
15,67,364,489,125,True
18,56,364,489,125,True
22,71,364,489,125,True
33,68,364,428,64,True
39,77,364,489,125,True
54,86,364,497,133,True
59,79,364,497,133,True
67,87,364,465,101,True
72,74,364,465,101,True
82,68,364,465,101,True
88,83,364,497,133,True
89,59,364,497,133,True
92,73,364,465,101,True
95,76,364,475,111,True
98,62,364,475,111,True
99,80,364,465,101,True
2,81,365,489,124,True
5,76,365,489,124,True
9,59,365,489,124,True
10,81,365,489,124,True
14,79,365,428,63,True
20,69,365,489,124,True
32,65,365,489,124,True
41,73,365,489,124,True
42,71,365,489,124,True
45,73,365,489,124,True
54,87,365,497,132,True
59,80,365,497,132,True
66,82,365,475,110,True
74,72,365,497,132,True
80,64,365,475,110,True
82,69,365,497,132,True
84,83,365,497,132,True
90,76,365,465,100,True
97,67,365,475,110,True
98,63,365,475,110,True
15,68,366,489,123,True
18,57,366,489,123,True
19,55,366,489,123,True
21,79,366,489,123,True
23,81,366,489,123,True
24,75,366,489,123,True
34,72,366,489,123,True
35,74,366,489,123,True
36,75,366,489,123,True
41,74,366,489,123,True
44,72,366,489,123,True
55,75,366,475,109,True
63,85,366,465,99,True
69,68,366,465,99,True
83,76,366,475,109,True
84,84,366,497,131,True
86,69,366,465,99,True
89,60,366,497,131,True
8,78,367,489,122,True
17,61,367,585,218,True
22,72,367,489,122,True
27,69,367,489,122,True
28,88,367,489,122,True
32,66,367,489,122,True
46,76,367,489,122,True
49,73,367,489,122,True
53,57,367,475,108,True
55,76,367,475,108,True
56,71,367,465,98,True
76,82,367,465,98,True
88,84,367,497,130,True
94,71,367,497,130,True
4,84,368,489,121,True
9,60,368,489,121,True
13,80,368,489,121,True
18,58,368,489,121,True
21,80,368,489,121,True
24,76,368,489,121,True
30,86,368,489,121,True
33,69,368,489,121,True
36,76,368,489,121,True
43,71,368,489,121,True
55,77,368,475,107,True
59,81,368,497,129,True
66,83,368,475,107,True
67,88,368,465,97,True
69,69,368,497,129,True
74,73,368,497,129,True
77,76,368,465,97,True
81,55,368,497,129,True
86,70,368,465,97,True
88,85,368,497,129,True
91,74,368,475,107,True
98,64,368,475,107,True
0,75,369,489,120,True
10,82,369,489,120,True
16,76,369,489,120,True
21,81,369,489,120,True
23,82,369,489,120,True
30,87,369,489,120,True
33,70,369,489,120,True
35,75,369,489,120,True
39,78,369,489,120,True
46,77,369,489,120,True
54,88,369,497,128,True
59,82,369,497,128,True
64,69,369,465,96,True
67,89,369,465,96,True
68,80,369,475,106,True
69,70,369,497,128,True
71,75,369,497,128,True
78,78,369,497,128,True
82,70,369,497,128,True
84,85,369,497,128,True
87,62,369,497,128,True
2,82,370,489,119,True
5,77,370,489,119,True
15,69,370,489,119,True
22,73,370,489,119,True
23,83,370,489,119,True
25,77,370,489,119,True
29,66,370,489,119,True
31,72,370,489,119,True
33,71,370,489,119,True
35,76,370,489,119,True
37,76,370,489,119,True
38,62,370,489,119,True
41,75,370,489,119,True
47,65,370,489,119,True
58,67,370,497,127,True
60,69,370,497,127,True
61,74,370,459,89,True
64,70,370,465,95,True
69,71,370,497,127,True
73,85,370,497,127,True
77,77,370,465,95,True
78,79,370,497,127,True
83,77,370,475,105,True
94,72,370,497,127,True
0,76,371,505,134,True
6,68,371,489,118,True
8,79,371,489,118,True
11,71,371,489,118,True
14,80,371,428,57,True
16,77,371,489,118,True
22,74,371,489,118,True
26,68,371,489,118,True
30,88,371,489,118,True
36,77,371,489,118,True
37,77,371,489,118,True
49,74,371,489,118,True
58,68,371,497,126,True
67,90,371,475,104,True
74,74,371,497,126,True
78,80,371,497,126,True
79,83,371,465,94,True
83,78,371,475,104,True
90,77,371,465,94,True
93,78,371,497,126,True
0,77,372,505,133,True
2,83,372,489,117,True
3,79,372,489,117,True
21,82,372,489,117,True
32,67,372,489,117,True
33,72,372,489,117,True
40,85,372,489,117,True
44,73,372,489,117,True
46,78,372,489,117,True
49,75,372,489,117,True
52,63,372,,,False
61,75,372,459,87,True
62,50,372,465,93,True
86,71,372,465,93,True
90,78,372,465,93,True
92,74,372,497,125,True
97,68,372,475,103,True
3,80,373,489,116,True
5,78,373,489,116,True
14,81,373,489,116,True
18,59,373,489,116,True
20,70,373,489,116,True
26,69,373,489,116,True
28,89,373,489,116,True
30,89,373,489,116,True
40,86,373,489,116,True
48,83,373,489,116,True
52,64,373,,,False
53,58,373,497,124,True
65,82,373,465,92,True
73,86,373,497,124,True
76,83,373,465,92,True
80,65,373,475,102,True
84,86,373,497,124,True
91,75,373,475,102,True
3,81,374,489,115,True
4,85,374,489,115,True
22,75,374,489,115,True
32,68,374,489,115,True
35,77,374,489,115,True
39,79,374,489,115,True
40,87,374,489,115,True
46,79,374,489,115,True
50,78,374,497,123,True
52,65,374,,,False
55,78,374,475,101,True
60,70,374,497,123,True
78,81,374,497,123,True
79,84,374,465,91,True
95,77,374,475,101,True
99,81,374,497,123,True
0,78,375,505,130,True
2,84,375,489,114,True
4,86,375,489,114,True
7,69,375,489,114,True
8,80,375,489,114,True
11,72,375,489,114,True
28,90,375,489,114,True
30,90,375,489,114,True
32,69,375,489,114,True
34,73,375,489,114,True
36,78,375,489,114,True
39,80,375,489,114,True
41,76,375,489,114,True
45,74,375,489,114,True
60,71,375,497,122,True
63,86,375,544,169,True
66,84,375,475,100,True
67,91,375,497,122,True
80,66,375,475,100,True
96,67,375,497,122,True
98,65,375,475,100,True
5,79,376,505,129,True
6,69,376,489,113,True
7,70,376,489,113,True
8,81,376,489,113,True
13,81,376,489,113,True
16,78,376,489,113,True
23,84,376,489,113,True
28,91,376,489,113,True
31,73,376,489,113,True
34,74,376,489,113,True
41,77,376,489,113,True
42,72,376,489,113,True
43,72,376,489,113,True
49,76,376,489,113,True
52,66,376,,,False
58,69,376,497,121,True
77,78,376,497,121,True
79,85,376,465,89,True
88,86,376,497,121,True
95,78,376,475,99,True
2,85,377,489,112,True
3,82,377,489,112,True
7,71,377,489,112,True
8,82,377,489,112,True
14,82,377,505,128,True
16,79,377,489,112,True
35,78,377,489,112,True
41,78,377,489,112,True
43,73,377,489,112,True
53,59,377,497,120,True
56,72,377,465,88,True
60,72,377,497,120,True
61,76,377,475,98,True
66,85,377,475,98,True
71,76,377,497,120,True
77,79,377,497,120,True
78,82,377,497,120,True
81,56,377,497,120,True
84,87,377,497,120,True
91,76,377,475,98,True
93,79,377,497,120,True
94,73,377,497,120,True
96,68,377,497,120,True
97,69,377,475,98,True
1,62,378,489,111,True
4,87,378,489,111,True
15,70,378,489,111,True
17,62,378,585,207,True
21,83,378,489,111,True
26,70,378,489,111,True
30,91,378,489,111,True
33,73,378,489,111,True
39,81,378,489,111,True
42,73,378,489,111,True
43,74,378,489,111,True
48,84,378,489,111,True
51,78,378,497,119,True
53,60,378,497,119,True
58,70,378,497,119,True
60,73,378,497,119,True
63,87,378,544,166,True
66,86,378,475,97,True
69,72,378,497,119,True
70,63,378,475,97,True
80,67,378,475,97,True
81,57,378,497,119,True
82,71,378,497,119,True
84,88,378,497,119,True
88,87,378,497,119,True
89,61,378,497,119,True
10,83,379,489,110,True
17,63,379,585,206,True
28,92,379,489,110,True
48,85,379,489,110,True
49,77,379,489,110,True
59,83,379,497,118,True
64,71,379,475,96,True
66,87,379,475,96,True
71,77,379,497,118,True
77,80,379,497,118,True
80,68,379,475,96,True
86,72,379,465,86,True
89,62,379,497,118,True
90,79,379,497,118,True
91,77,379,475,96,True
99,82,379,497,118,True
5,80,380,505,125,True
9,61,380,489,109,True
19,56,380,489,109,True
21,84,380,489,109,True
54,89,380,497,117,True
56,73,380,465,85,True
66,88,380,475,95,True
67,92,380,497,117,True
70,64,380,475,95,True
73,87,380,497,117,True
78,83,380,497,117,True
80,69,380,475,95,True
93,80,380,497,117,True
94,74,380,497,117,True
95,79,380,475,95,True
11,73,381,489,108,True
13,82,381,489,108,True
28,93,381,489,108,True
29,67,381,489,108,True
36,79,381,489,108,True
47,66,381,489,108,True
49,78,381,489,108,True
50,79,381,497,116,True
58,71,381,497,116,True
59,84,381,497,116,True
62,51,381,497,116,True
66,89,381,497,116,True
75,71,381,497,116,True
76,84,381,465,84,True
87,63,381,497,116,True
89,63,381,497,116,True
93,81,381,497,116,True
1,63,382,489,107,True
5,81,382,505,123,True
8,83,382,489,107,True
9,62,382,489,107,True
10,84,382,489,107,True
20,71,382,489,107,True
21,85,382,489,107,True
25,78,382,489,107,True
40,88,382,489,107,True
42,74,382,489,107,True
45,75,382,489,107,True
50,80,382,497,115,True
52,67,382,,,False
56,74,382,497,115,True
66,90,382,497,115,True
72,75,382,465,83,True
74,75,382,497,115,True
76,85,382,465,83,True
78,84,382,497,115,True
80,70,382,497,115,True
93,82,382,497,115,True
94,75,382,497,115,True
98,66,382,475,93,True
9,63,383,489,106,True
11,74,383,489,106,True
16,80,383,489,106,True
20,72,383,489,106,True
25,79,383,489,106,True
30,92,383,489,106,True
36,80,383,489,106,True
38,63,383,489,106,True
39,82,383,489,106,True
43,75,383,489,106,True
45,76,383,489,106,True
54,90,383,497,114,True
59,85,383,497,114,True
62,52,383,497,114,True
66,91,383,497,114,True
72,76,383,465,82,True
91,78,383,475,92,True
94,76,383,497,114,True
95,80,383,475,92,True
98,67,383,475,92,True
2,86,384,489,105,True
8,84,384,489,105,True
10,85,384,489,105,True
11,75,384,489,105,True
19,57,384,505,121,True
20,73,384,489,105,True
21,86,384,489,105,True
35,79,384,489,105,True
43,76,384,489,105,True
59,86,384,497,113,True
62,53,384,497,113,True
68,81,384,497,113,True
70,65,384,475,91,True
92,75,384,497,113,True
96,69,384,497,113,True
9,64,385,489,104,True
12,62,385,489,104,True
13,83,385,489,104,True
30,93,385,489,104,True
31,74,385,489,104,True
39,83,385,489,104,True
47,67,385,489,104,True
49,79,385,489,104,True
53,61,385,497,112,True
59,87,385,497,112,True
66,92,385,497,112,True
72,77,385,465,80,True
78,85,385,497,112,True
83,79,385,497,112,True
91,79,385,497,112,True
95,81,385,475,90,True
0,79,386,505,119,True
1,64,386,489,103,True
14,83,386,505,119,True
21,87,386,489,103,True
26,71,386,489,103,True
27,70,386,489,103,True
29,68,386,489,103,True
33,74,386,489,103,True
38,64,386,489,103,True
39,84,386,489,103,True
48,86,386,489,103,True
63,88,386,544,158,True
66,93,386,497,111,True
71,78,386,497,111,True
72,78,386,465,79,True
75,72,386,497,111,True
83,80,386,497,111,True
84,89,386,497,111,True
86,73,386,465,79,True
90,80,386,497,111,True
91,80,386,497,111,True
95,82,386,497,111,True
0,80,387,505,118,True
9,65,387,489,102,True
19,58,387,505,118,True
24,77,387,489,102,True
29,69,387,489,102,True
44,74,387,489,102,True
52,68,387,,,False
59,88,387,497,110,True
60,74,387,497,110,True
62,54,387,497,110,True
70,66,387,475,88,True
82,72,387,497,110,True
83,81,387,497,110,True
3,83,388,489,101,True
6,70,388,505,117,True
8,85,388,489,101,True
10,86,388,489,101,True
13,84,388,489,101,True
16,81,388,505,117,True
18,60,388,489,101,True
20,74,388,489,101,True
23,85,388,585,197,True
24,78,388,489,101,True
27,71,388,489,101,True
32,70,388,505,117,True
48,87,388,489,101,True
49,80,388,489,101,True
57,54,388,465,77,True
59,89,388,497,109,True
63,89,388,544,156,True
65,83,388,465,77,True
68,82,388,497,109,True
76,86,388,497,109,True
82,73,388,497,109,True
86,74,388,465,77,True
87,64,388,497,109,True
91,81,388,497,109,True
97,70,388,475,87,True
7,72,389,505,116,True
10,87,389,489,100,True
11,76,389,505,116,True
18,61,389,489,100,True
26,72,389,489,100,True
28,94,389,489,100,True
30,94,389,489,100,True
31,75,389,489,100,True
32,71,389,505,116,True
40,89,389,505,116,True
45,77,389,489,100,True
51,79,389,497,108,True
58,72,389,497,108,True
66,94,389,497,108,True
71,79,389,497,108,True
83,82,389,497,108,True
84,90,389,497,108,True
87,65,389,497,108,True
92,76,389,497,108,True
94,77,389,497,108,True
98,68,389,475,86,True
12,63,390,489,99,True
19,59,390,505,115,True
24,79,390,489,99,True
42,75,390,505,115,True
51,80,390,497,107,True
56,75,390,497,107,True
57,55,390,465,75,True
59,90,390,497,107,True
61,77,390,475,85,True
65,84,390,465,75,True
68,83,390,497,107,True
71,80,390,497,107,True
76,87,390,497,107,True
82,74,390,497,107,True
83,83,390,497,107,True
86,75,390,497,107,True
96,70,390,497,107,True
99,83,390,497,107,True
2,87,391,505,114,True
5,82,391,505,114,True
9,66,391,505,114,True
11,77,391,505,114,True
16,82,391,505,114,True
23,86,391,585,194,True
24,80,391,489,98,True
37,78,391,505,114,True
39,85,391,489,98,True
40,90,391,505,114,True
46,80,391,505,114,True
47,68,391,489,98,True
69,73,391,497,106,True
80,71,391,497,106,True
87,66,391,497,106,True
0,81,392,505,113,True
1,65,392,585,193,True
3,84,392,489,97,True
5,83,392,505,113,True
9,67,392,505,113,True
11,78,392,505,113,True
12,64,392,489,97,True
15,71,392,489,97,True
27,72,392,489,97,True
34,75,392,489,97,True
35,80,392,489,97,True
51,81,392,497,105,True
52,69,392,,,False
63,90,392,544,152,True
65,85,392,465,73,True
71,81,392,497,105,True
74,76,392,497,105,True
76,88,392,497,105,True
82,75,392,497,105,True
87,67,392,497,105,True
92,77,392,497,105,True
94,78,392,497,105,True
95,83,392,497,105,True
98,69,392,497,105,True
5,84,393,505,112,True
24,81,393,489,96,True
37,79,393,505,112,True
39,86,393,489,96,True
56,76,393,497,104,True
63,91,393,544,151,True
71,82,393,497,104,True
74,77,393,497,104,True
87,68,393,497,104,True
90,81,393,497,104,True
93,83,393,497,104,True
97,71,393,497,104,True
7,73,394,505,111,True
9,68,394,505,111,True
10,88,394,505,111,True
15,72,394,489,95,True
16,83,394,505,111,True
19,60,394,505,111,True
21,88,394,489,95,True
29,70,394,505,111,True
32,72,394,505,111,True
41,79,394,489,95,True
42,76,394,505,111,True
54,91,394,497,103,True
56,77,394,497,103,True
83,84,394,497,103,True
92,78,394,497,103,True
99,84,394,497,103,True
0,82,395,505,110,True
4,88,395,489,94,True
7,74,395,505,110,True
9,69,395,505,110,True
12,65,395,489,94,True
16,84,395,505,110,True
17,64,395,585,190,True
21,89,395,489,94,True
23,87,395,585,190,True
37,80,395,505,110,True
42,77,395,505,110,True
47,69,395,505,110,True
50,81,395,497,102,True
53,62,395,497,102,True
64,72,395,475,80,True
70,67,395,497,102,True
75,73,395,497,102,True
79,86,395,497,102,True
88,88,395,544,149,True
91,82,395,497,102,True
95,84,395,497,102,True
96,71,395,497,102,True
4,89,396,489,93,True
7,75,396,505,109,True
9,70,396,505,109,True
12,66,396,489,93,True
13,85,396,489,93,True
18,62,396,489,93,True
19,61,396,505,109,True
24,82,396,489,93,True
27,73,396,489,93,True
28,95,396,489,93,True
31,76,396,489,93,True
40,91,396,505,109,True
54,92,396,544,148,True
63,92,396,544,148,True
64,73,396,475,79,True
70,68,396,497,101,True
71,83,396,497,101,True
74,78,396,497,101,True
88,89,396,544,148,True
2,88,397,505,108,True
4,90,397,489,92,True
5,85,397,505,108,True
7,76,397,505,108,True
13,86,397,489,92,True
17,65,397,585,188,True
25,80,397,489,92,True
28,96,397,505,108,True
31,77,397,489,92,True
32,73,397,505,108,True
33,75,397,505,108,True
36,81,397,505,108,True
39,87,397,505,108,True
42,78,397,505,108,True
43,77,397,505,108,True
44,75,397,505,108,True
50,82,397,497,100,True
57,56,397,465,68,True
62,55,397,497,100,True
70,69,397,497,100,True
77,81,397,497,100,True
94,79,397,497,100,True
99,85,397,497,100,True
8,86,398,505,107,True
16,85,398,585,187,True
18,63,398,505,107,True
36,82,398,505,107,True
37,81,398,505,107,True
42,79,398,505,107,True
44,76,398,505,107,True
55,79,398,544,146,True
57,57,398,465,67,True
58,73,398,497,99,True
65,86,398,497,99,True
68,84,398,497,99,True
69,74,398,544,146,True
71,84,398,497,99,True
74,79,398,497,99,True
75,74,398,497,99,True
76,89,398,497,99,True
77,82,398,497,99,True
94,80,398,497,99,True
0,83,399,505,106,True
2,89,399,505,106,True
5,86,399,505,106,True
6,71,399,505,106,True
8,87,399,505,106,True
13,87,399,489,90,True
14,84,399,505,106,True
15,73,399,489,90,True
18,64,399,505,106,True
20,75,399,489,90,True
23,88,399,585,186,True
24,83,399,489,90,True
25,81,399,489,90,True
26,73,399,489,90,True
27,74,399,505,106,True
31,78,399,505,106,True
35,81,399,489,90,True
43,78,399,505,106,True
47,70,399,505,106,True
52,70,399,,,False
59,91,399,497,98,True
60,75,399,497,98,True
68,85,399,497,98,True
70,70,399,497,98,True
71,85,399,497,98,True
77,83,399,497,98,True
86,76,399,497,98,True
88,90,399,544,145,True
90,82,399,497,98,True
91,83,399,497,98,True
92,79,399,497,98,True
2,90,400,505,105,True
4,91,400,489,89,True
5,87,400,505,105,True
9,71,400,505,105,True
10,89,400,585,185,True
21,90,400,505,105,True
23,89,400,585,185,True
26,74,400,489,89,True
27,75,400,505,105,True
51,82,400,497,97,True
52,71,400,,,False
56,78,400,497,97,True
64,74,400,475,75,True
66,95,400,544,144,True
70,71,400,497,97,True
74,80,400,497,97,True
76,90,400,497,97,True
79,87,400,497,97,True
83,85,400,497,97,True
86,77,400,497,97,True
93,84,400,544,144,True
95,85,400,497,97,True
1,66,401,585,184,True
16,86,401,585,184,True
17,66,401,585,184,True
19,62,401,585,184,True
20,76,401,489,88,True
23,90,401,585,184,True
25,82,401,505,104,True
28,97,401,505,104,True
33,76,401,505,104,True
36,83,401,505,104,True
37,82,401,505,104,True
47,71,401,505,104,True
55,80,401,544,143,True
56,79,401,497,96,True
60,76,401,497,96,True
72,79,401,497,96,True
74,81,401,497,96,True
86,78,401,497,96,True
87,69,401,497,96,True
89,64,401,497,96,True
91,84,401,544,143,True
93,85,401,544,143,True
96,72,401,497,96,True
99,86,401,497,96,True
1,67,402,585,183,True
8,88,402,505,103,True
10,90,402,585,183,True
22,76,402,505,103,True
25,83,402,505,103,True
26,75,402,489,87,True
27,76,402,505,103,True
30,95,402,489,87,True
40,92,402,505,103,True
43,79,402,505,103,True
44,77,402,505,103,True
47,72,402,505,103,True
62,56,402,497,95,True
67,93,402,497,95,True
68,86,402,497,95,True
72,80,402,497,95,True
76,91,402,497,95,True
77,84,402,497,95,True
84,91,402,497,95,True
86,79,402,497,95,True
0,84,403,505,102,True
1,68,403,585,182,True
8,89,403,505,102,True
12,67,403,505,102,True
14,85,403,505,102,True
19,63,403,585,182,True
35,82,403,489,86,True
49,81,403,505,102,True
50,83,403,497,94,True
63,93,403,544,141,True
65,87,403,497,94,True
71,86,403,497,94,True
72,81,403,497,94,True
77,85,403,497,94,True
78,86,403,497,94,True
81,58,403,497,94,True
83,86,403,497,94,True
92,80,403,497,94,True
97,72,403,497,94,True
0,85,404,505,101,True
5,88,404,505,101,True
7,77,404,505,101,True
9,72,404,505,101,True
15,74,404,489,85,True
30,96,404,489,85,True
36,84,404,505,101,True
39,88,404,585,181,True
44,78,404,505,101,True
46,81,404,505,101,True
49,82,404,505,101,True
58,74,404,497,93,True
61,78,404,475,71,True
66,96,404,544,140,True
68,87,404,497,93,True
71,87,404,497,93,True
75,75,404,497,93,True
79,88,404,497,93,True
82,76,404,497,93,True
87,70,404,497,93,True
2,91,405,505,100,True
3,85,405,585,180,True
4,92,405,505,100,True
12,68,405,505,100,True
13,88,405,505,100,True
17,67,405,585,180,True
34,76,405,505,100,True
35,83,405,489,84,True
37,83,405,505,100,True
44,79,405,505,100,True
48,88,405,505,100,True
67,94,405,497,92,True
69,75,405,544,139,True
81,59,405,497,92,True
84,92,405,497,92,True
89,65,405,497,92,True
96,73,405,544,139,True
97,73,405,497,92,True
1,69,406,585,179,True
4,93,406,505,99,True
8,90,406,505,99,True
9,73,406,505,99,True
22,77,406,505,99,True
29,71,406,505,99,True
34,77,406,505,99,True
35,84,406,489,83,True
37,84,406,505,99,True
38,65,406,505,99,True
40,93,406,505,99,True
43,80,406,505,99,True
47,73,406,505,99,True
60,77,406,497,91,True
65,88,406,497,91,True
70,72,406,497,91,True
73,88,406,497,91,True
80,72,406,497,91,True
81,60,406,497,91,True
83,87,406,497,91,True
89,66,406,497,91,True
90,83,406,497,91,True
91,85,406,544,138,True
92,81,406,497,91,True
0,86,407,505,98,True
1,70,407,585,178,True
2,92,407,505,98,True
8,91,407,505,98,True
15,75,407,489,82,True
22,78,407,505,98,True
32,74,407,505,98,True
35,85,407,489,82,True
36,85,407,505,98,True
43,81,407,505,98,True
52,72,407,,,False
65,89,407,497,90,True
66,97,407,544,137,True
88,91,407,544,137,True
96,74,407,544,137,True
98,70,407,497,90,True
9,74,408,505,97,True
14,86,408,505,97,True
16,87,408,585,177,True
22,79,408,505,97,True
27,77,408,505,97,True
40,94,408,505,97,True
44,80,408,505,97,True
50,84,408,526,118,True
51,83,408,497,89,True
60,78,408,497,89,True
79,89,408,497,89,True
85,72,408,497,89,True
88,92,408,544,136,True
91,86,408,544,136,True
98,71,408,497,89,True
9,75,409,505,96,True
14,87,409,505,96,True
15,76,409,489,80,True
16,88,409,585,176,True
17,68,409,585,176,True
18,65,409,505,96,True
33,77,409,505,96,True
34,78,409,505,96,True
38,66,409,505,96,True
46,82,409,505,96,True
55,81,409,544,135,True
60,79,409,497,88,True
64,75,409,475,66,True
77,86,409,497,88,True
89,67,409,497,88,True
93,86,409,544,135,True
3,86,410,585,175,True
5,89,410,505,95,True
19,64,410,585,175,True
21,91,410,505,95,True
22,80,410,505,95,True
24,84,410,585,175,True
31,79,410,505,95,True
32,75,410,505,95,True
36,86,410,585,175,True
37,85,410,505,95,True
38,67,410,505,95,True
41,80,410,505,95,True
45,78,410,489,79,True
46,83,410,505,95,True
59,92,410,497,87,True
75,76,410,497,87,True
88,93,410,544,134,True
97,74,410,544,134,True
2,93,411,505,94,True
7,78,411,505,94,True
17,69,411,585,174,True
21,92,411,505,94,True
28,98,411,505,94,True
34,79,411,505,94,True
39,89,411,585,174,True
50,85,411,526,115,True
63,94,411,544,133,True
64,76,411,475,64,True
66,98,411,544,133,True
71,88,411,544,133,True
78,87,411,497,86,True
93,87,411,544,133,True
1,71,412,585,173,True
2,94,412,505,93,True
4,94,412,585,173,True
5,90,412,505,93,True
16,89,412,585,173,True
17,70,412,585,173,True
21,93,412,505,93,True
24,85,412,585,173,True
29,72,412,505,93,True
33,78,412,505,93,True
35,86,412,505,93,True
43,82,412,505,93,True
69,76,412,544,132,True
71,89,412,544,132,True
74,82,412,497,85,True
79,90,412,497,85,True
82,77,412,497,85,True
89,68,412,497,85,True
0,87,413,505,92,True
8,92,413,505,92,True
9,76,413,505,92,True
13,89,413,505,92,True
27,78,413,585,172,True
28,99,413,505,92,True
31,80,413,505,92,True
34,80,413,505,92,True
35,87,413,505,92,True
40,95,413,505,92,True
51,84,413,497,84,True
52,73,413,,,False
56,80,413,497,84,True
61,79,413,475,62,True
63,95,413,544,131,True
64,77,413,475,62,True
69,77,413,544,131,True
77,87,413,497,84,True
78,88,413,497,84,True
80,73,413,497,84,True
86,80,413,497,84,True
96,75,413,544,131,True
0,88,414,505,91,True
2,95,414,505,91,True
3,87,414,585,171,True
5,91,414,505,91,True
7,79,414,505,91,True
14,88,414,505,91,True
15,77,414,489,75,True
21,94,414,505,91,True
34,81,414,505,91,True
36,87,414,585,171,True
43,83,414,505,91,True
45,79,414,489,75,True
46,84,414,505,91,True
52,74,414,,,False
55,82,414,544,130,True
56,81,414,544,130,True
57,58,414,497,83,True
59,93,414,497,83,True
60,80,414,497,83,True
63,96,414,544,130,True
70,73,414,497,83,True
72,82,414,497,83,True
87,71,414,497,83,True
88,94,414,544,130,True
94,81,414,544,130,True
96,76,414,544,130,True
0,89,415,505,90,True
7,80,415,505,90,True
14,89,415,505,90,True
21,95,415,505,90,True
26,76,415,505,90,True
29,73,415,505,90,True
39,90,415,585,170,True
63,97,415,544,129,True
66,99,415,544,129,True
73,89,415,497,82,True
74,83,415,497,82,True
80,74,415,497,82,True
0,90,416,505,89,True
3,88,416,585,169,True
13,90,416,505,89,True
18,66,416,505,89,True
24,86,416,585,169,True
27,79,416,585,169,True
44,81,416,505,89,True
54,93,416,544,128,True
58,75,416,497,81,True
64,78,416,497,81,True
79,91,416,497,81,True
85,73,416,497,81,True
90,84,416,544,128,True
96,77,416,544,128,True
3,89,417,585,168,True
6,72,417,585,168,True
14,90,417,505,88,True
17,71,417,585,168,True
18,67,417,505,88,True
19,65,417,585,168,True
22,81,417,505,88,True
27,80,417,585,168,True
33,79,417,505,88,True
43,84,417,505,88,True
46,85,417,505,88,True
50,86,417,526,109,True
52,75,417,,,False
57,59,417,497,80,True
64,79,417,497,80,True
65,90,417,497,80,True
68,88,417,497,80,True
69,78,417,544,127,True
78,89,417,497,80,True
79,92,417,497,80,True
92,82,417,497,80,True
96,78,417,544,127,True
3,90,418,585,167,True
5,92,418,505,87,True
12,69,418,505,87,True
18,68,418,505,87,True
20,77,418,489,71,True
24,87,418,585,167,True
28,100,418,505,87,True
29,74,418,505,87,True
30,97,418,505,87,True
37,86,418,585,167,True
40,96,418,505,87,True
42,80,418,505,87,True
61,80,418,497,79,True
64,80,418,497,79,True
80,75,418,544,126,True
85,74,418,497,79,True
89,69,418,544,126,True
92,83,418,497,79,True
96,79,418,544,126,True
97,75,418,544,126,True
1,72,419,585,166,True
11,79,419,505,86,True
13,91,419,505,86,True
16,90,419,585,166,True
22,82,419,505,86,True
24,88,419,585,166,True
35,88,419,505,86,True
48,89,419,505,86,True
49,83,419,505,86,True
51,85,419,544,125,True
61,81,419,497,78,True
73,90,419,497,78,True
77,88,419,497,78,True
98,72,419,497,78,True
1,73,420,585,165,True
2,96,420,585,165,True
6,73,420,585,165,True
8,93,420,505,85,True
9,77,420,505,85,True
15,78,420,489,69,True
24,89,420,585,165,True
27,81,420,585,165,True
39,91,420,585,165,True
42,81,420,505,85,True
48,90,420,505,85,True
49,84,420,505,85,True
50,87,420,526,106,True
53,63,420,544,124,True
57,60,420,497,77,True
63,98,420,544,124,True
76,92,420,497,77,True
81,61,420,544,124,True
88,95,420,544,124,True
2,97,421,585,164,True
3,91,421,585,164,True
7,81,421,585,164,True
8,94,421,505,84,True
9,78,421,505,84,True
13,92,421,505,84,True
16,91,421,585,164,True
32,76,421,585,164,True
36,88,421,585,164,True
38,68,421,505,84,True
40,97,421,505,84,True
42,82,421,505,84,True
46,86,421,505,84,True
49,85,421,505,84,True
55,83,421,544,123,True
60,81,421,544,123,True
63,99,421,544,123,True
69,79,421,544,123,True
72,83,421,497,76,True
74,84,421,544,123,True
77,89,421,497,76,True
79,93,421,497,76,True
84,93,421,544,123,True
89,70,421,544,123,True
93,88,421,544,123,True
99,87,421,544,123,True
5,93,422,585,163,True
6,74,422,585,163,True
24,90,422,585,163,True
34,82,422,505,83,True
39,92,422,585,163,True
41,81,422,505,83,True
44,82,422,505,83,True
54,94,422,544,122,True
69,80,422,544,122,True
72,84,422,497,75,True
83,88,422,544,122,True
96,80,422,544,122,True
0,91,423,505,82,True
1,74,423,585,162,True
6,75,423,585,162,True
8,95,423,505,82,True
15,79,423,489,66,True
16,92,423,585,162,True
28,101,423,505,82,True
35,89,423,505,82,True
36,89,423,585,162,True
60,82,423,544,121,True
70,74,423,497,74,True
73,91,423,497,74,True
78,90,423,544,121,True
83,89,423,544,121,True
88,96,423,544,121,True
91,87,423,544,121,True
94,82,423,544,121,True
97,76,423,544,121,True
1,75,424,585,161,True
3,92,424,585,161,True
8,96,424,505,81,True
9,79,424,505,81,True
11,80,424,505,81,True
14,91,424,505,81,True
15,80,424,489,65,True
16,93,424,585,161,True
18,69,424,505,81,True
23,91,424,585,161,True
25,84,424,505,81,True
27,82,424,585,161,True
45,80,424,519,95,True
49,86,424,505,81,True
51,86,424,544,120,True
55,84,424,544,120,True
63,100,424,544,120,True
68,89,424,544,120,True
71,90,424,544,120,True
73,92,424,497,73,True
85,75,424,497,73,True
92,84,424,544,120,True
98,73,424,497,73,True
3,93,425,585,160,True
7,82,425,585,160,True
15,81,425,489,64,True
29,75,425,505,80,True
30,98,425,505,80,True
35,90,425,505,80,True
36,90,425,585,160,True
38,69,425,505,80,True
42,83,425,505,80,True
43,85,425,505,80,True
50,88,425,526,101,True
51,87,425,544,119,True
52,76,425,,,False
57,61,425,497,72,True
73,93,425,497,72,True
75,77,425,497,72,True
76,93,425,497,72,True
81,62,425,544,119,True
86,81,425,497,72,True
89,71,425,544,119,True
91,88,425,544,119,True
95,86,425,544,119,True
98,74,425,497,72,True
9,80,426,585,159,True
13,93,426,505,79,True
27,83,426,585,159,True
33,80,426,505,79,True
37,87,426,585,159,True
40,98,426,505,79,True
44,83,426,585,159,True
46,87,426,505,79,True
47,74,426,505,79,True
49,87,426,505,79,True
51,88,426,544,118,True
52,77,426,,,False
54,95,426,544,118,True
60,83,426,544,118,True
66,100,426,544,118,True
75,78,426,544,118,True
80,76,426,544,118,True
94,83,426,544,118,True
96,81,426,544,118,True
1,76,427,585,158,True
4,95,427,585,158,True
6,76,427,585,158,True
9,81,427,585,158,True
12,70,427,585,158,True
15,82,427,489,62,True
16,94,427,585,158,True
17,72,427,585,158,True
20,78,427,489,62,True
26,77,427,585,158,True
39,93,427,585,158,True
41,82,427,585,158,True
53,64,427,544,117,True
73,94,427,497,70,True
74,85,427,544,117,True
75,79,427,544,117,True
78,91,427,544,117,True
83,90,427,544,117,True
85,76,427,497,70,True
86,82,427,497,70,True
87,72,427,497,70,True
88,97,427,544,117,True
94,84,427,544,117,True
98,75,427,497,70,True
3,94,428,585,157,True
5,94,428,585,157,True
11,81,428,505,77,True
14,92,428,505,77,True
15,83,428,489,61,True
16,95,428,585,157,True
29,76,428,505,77,True
34,83,428,505,77,True
35,91,428,505,77,True
41,83,428,585,157,True
45,81,428,519,91,True
49,88,428,505,77,True
58,76,428,544,116,True
60,84,428,544,116,True
61,82,428,497,69,True
69,81,428,544,116,True
71,91,428,544,116,True
74,86,428,544,116,True
83,91,428,544,116,True
91,89,428,544,116,True
96,82,428,544,116,True
2,98,429,588,159,True
4,96,429,585,156,True
7,83,429,588,159,True
42,84,429,585,156,True
45,82,429,519,90,True
46,88,429,585,156,True
57,62,429,497,68,True
60,85,429,544,115,True
63,101,429,544,115,True
69,82,429,544,115,True
70,75,429,497,68,True
73,95,429,497,68,True
81,63,429,544,115,True
82,78,429,544,115,True
83,92,429,544,115,True
96,83,429,544,115,True
3,95,430,585,155,True
5,95,430,585,155,True
10,91,430,585,155,True
15,84,430,489,59,True
17,73,430,585,155,True
30,99,430,505,75,True
32,77,430,585,155,True
34,84,430,505,75,True
43,86,430,505,75,True
50,89,430,526,96,True
52,78,430,,,False
58,77,430,544,114,True
65,91,430,497,67,True
80,77,430,544,114,True
83,93,430,544,114,True
86,83,430,497,67,True
87,73,430,497,67,True
94,85,430,544,114,True
0,92,431,585,154,True
5,96,431,585,154,True
8,97,431,585,154,True
17,74,431,585,154,True
19,66,431,588,157,True
24,91,431,585,154,True
27,84,431,585,154,True
30,100,431,505,74,True
35,92,431,505,74,True
47,75,431,505,74,True
50,90,431,526,95,True
51,89,431,544,113,True
54,96,431,544,113,True
56,82,431,544,113,True
58,78,431,544,113,True
64,81,431,497,66,True
71,92,431,544,113,True
73,96,431,497,66,True
75,80,431,544,113,True
77,90,431,544,113,True
78,92,431,544,113,True
82,79,431,544,113,True
86,84,431,526,95,True
97,77,431,544,113,True
5,97,432,585,153,True
11,82,432,505,73,True
14,93,432,505,73,True
15,85,432,519,87,True
30,101,432,505,73,True
36,91,432,585,153,True
44,84,432,585,153,True
45,83,432,519,87,True
46,89,432,585,153,True
50,91,432,526,94,True
52,79,432,,,False
65,92,432,497,65,True
70,76,432,497,65,True
72,85,432,497,65,True
84,94,432,544,112,True
96,84,432,544,112,True
8,98,433,585,152,True
19,67,433,588,155,True
31,81,433,505,72,True
40,99,433,585,152,True
42,85,433,585,152,True
44,85,433,585,152,True
54,97,433,544,111,True
64,82,433,497,64,True
65,93,433,497,64,True
70,77,433,497,64,True
74,87,433,544,111,True
79,94,433,497,64,True
85,77,433,497,64,True
93,89,433,544,111,True
97,78,433,544,111,True
98,76,433,497,64,True
0,93,434,585,151,True
3,96,434,585,151,True
7,84,434,588,154,True
8,99,434,585,151,True
22,83,434,585,151,True
27,85,434,585,151,True
35,93,434,505,71,True
37,88,434,585,151,True
43,87,434,585,151,True
45,84,434,519,85,True
47,76,434,505,71,True
57,63,434,497,63,True
70,78,434,497,63,True
72,86,434,526,92,True
82,80,434,544,110,True
90,85,434,544,110,True
96,85,434,544,110,True
1,77,435,585,150,True
2,99,435,588,153,True
12,71,435,585,150,True
13,94,435,505,70,True
21,96,435,505,70,True
27,86,435,585,150,True
34,85,435,505,70,True
44,86,435,585,150,True
55,85,435,544,109,True
56,83,435,544,109,True
59,94,435,544,109,True
63,102,435,544,109,True
77,91,435,544,109,True
86,85,435,526,91,True
88,98,435,544,109,True
89,72,435,544,109,True
92,85,435,544,109,True
4,97,436,585,149,True
6,77,436,585,149,True
7,85,436,588,152,True
15,86,436,519,83,True
16,96,436,585,149,True
18,70,436,585,149,True
20,79,436,489,53,True
24,92,436,585,149,True
25,85,436,505,69,True
35,94,436,505,69,True
41,84,436,585,149,True
45,85,436,519,83,True
52,80,436,,,False
58,79,436,544,108,True
63,103,436,544,108,True
65,94,436,526,90,True
68,90,436,544,108,True
70,79,436,497,61,True
78,93,436,544,108,True
81,64,436,544,108,True
82,81,436,544,108,True
0,94,437,585,148,True
33,81,437,505,68,True
40,100,437,585,148,True
41,85,437,585,148,True
48,91,437,585,148,True
69,83,437,544,107,True
70,80,437,497,60,True
80,78,437,544,107,True
82,82,437,544,107,True
83,94,437,544,107,True
85,78,437,497,60,True
91,90,437,544,107,True
5,98,438,585,147,True
17,75,438,585,147,True
33,82,438,505,67,True
34,86,438,505,67,True
37,89,438,585,147,True
38,70,438,585,147,True
41,86,438,585,147,True
42,86,438,585,147,True
44,87,438,598,160,True
46,90,438,585,147,True
49,89,438,585,147,True
55,86,438,544,106,True
60,86,438,602,164,True
61,83,438,497,59,True
63,104,438,544,106,True
66,101,438,544,106,True
71,93,438,544,106,True
76,94,438,526,88,True
84,95,438,544,106,True
87,74,438,544,106,True
98,77,438,544,106,True
3,97,439,585,146,True
12,72,439,585,146,True
14,94,439,505,66,True
16,97,439,585,146,True
19,68,439,588,149,True
20,80,439,489,50,True
25,86,439,585,146,True
26,78,439,585,146,True
30,102,439,588,149,True
32,78,439,585,146,True
33,83,439,505,66,True
44,88,439,598,159,True
49,90,439,585,146,True
50,92,439,526,87,True
55,87,439,544,105,True
70,81,439,497,58,True
73,97,439,497,58,True
74,88,439,544,105,True
79,95,439,497,58,True
87,75,439,544,105,True
88,99,439,602,163,True
98,78,439,544,105,True
0,95,440,585,145,True
9,82,440,622,182,True
11,83,440,585,145,True
14,95,440,505,65,True
16,98,440,585,145,True
19,69,440,588,148,True
20,81,440,519,79,True
24,93,440,585,145,True
27,87,440,585,145,True
32,79,440,585,145,True
33,84,440,505,65,True
46,91,440,585,145,True
48,92,440,585,145,True
52,81,440,,,False
69,84,440,544,104,True
73,98,440,526,86,True
80,79,440,544,104,True
82,83,440,544,104,True
83,95,440,544,104,True
88,100,440,602,162,True
89,73,440,602,162,True
97,79,440,544,104,True
99,88,440,544,104,True
3,98,441,585,144,True
4,98,441,585,144,True
10,92,441,585,144,True
12,73,441,585,144,True
13,95,441,585,144,True
15,87,441,519,78,True
24,94,441,585,144,True
26,79,441,585,144,True
30,103,441,588,147,True
33,85,441,585,144,True
35,95,441,505,64,True
37,90,441,585,144,True
40,101,441,585,144,True
41,87,441,585,144,True
62,57,441,544,103,True
63,105,441,544,103,True
68,91,441,544,103,True
76,95,441,526,85,True
80,80,441,544,103,True
82,84,441,544,103,True
84,96,441,544,103,True
87,76,441,544,103,True
88,101,441,602,161,True
89,74,441,602,161,True
91,91,441,544,103,True
97,80,441,544,103,True
6,78,442,585,143,True
11,84,442,585,143,True
12,74,442,585,143,True
14,96,442,505,63,True
15,88,442,519,77,True
24,95,442,585,143,True
35,96,442,505,63,True
45,86,442,519,77,True
47,77,442,585,143,True
66,102,442,544,102,True
67,95,442,544,102,True
68,92,442,544,102,True
73,99,442,526,84,True
83,96,442,544,102,True
86,86,442,526,84,True
88,102,442,602,160,True
98,79,442,544,102,True
9,83,443,622,179,True
16,99,443,585,142,True
19,70,443,588,145,True
20,82,443,519,76,True
22,84,443,585,142,True
25,87,443,585,142,True
26,80,443,585,142,True
28,102,443,585,142,True
29,77,443,505,62,True
39,94,443,585,142,True
42,87,443,585,142,True
43,88,443,585,142,True
44,89,443,598,155,True
49,91,443,585,142,True
60,87,443,602,159,True
61,84,443,497,54,True
65,95,443,544,101,True
71,94,443,544,101,True
73,100,443,526,83,True
82,85,443,544,101,True
84,97,443,544,101,True
87,77,443,544,101,True
89,75,443,602,159,True
98,80,443,544,101,True
3,99,444,585,141,True
5,99,444,585,141,True
7,86,444,588,144,True
8,100,444,585,141,True
9,84,444,622,178,True
11,85,444,585,141,True
13,96,444,585,141,True
14,97,444,505,61,True
16,100,444,585,141,True
19,71,444,588,144,True
21,97,444,505,61,True
31,82,444,585,141,True
33,86,444,585,141,True
36,92,444,585,141,True
37,91,444,585,141,True
42,88,444,585,141,True
43,89,444,585,141,True
46,92,444,585,141,True
47,78,444,585,141,True
51,90,444,544,100,True
52,82,444,,,False
55,88,444,544,100,True
72,87,444,526,82,True
73,101,444,526,82,True
79,96,444,526,82,True
93,90,444,544,100,True
94,86,444,544,100,True
97,81,444,544,100,True
98,81,444,544,100,True
2,100,445,588,143,True
4,99,445,585,140,True
7,87,445,588,143,True
8,101,445,585,140,True
9,85,445,622,177,True
11,86,445,585,140,True
22,85,445,585,140,True
33,87,445,585,140,True
47,79,445,585,140,True
50,93,445,526,81,True
56,84,445,544,99,True
57,64,445,526,81,True
58,80,445,544,99,True
60,88,445,602,157,True
69,85,445,544,99,True
77,92,445,602,157,True
81,65,445,544,99,True
82,86,445,544,99,True
89,76,445,602,157,True
94,87,445,544,99,True
2,101,446,588,142,True
13,97,446,585,139,True
22,86,446,585,139,True
32,80,446,585,139,True
40,102,446,585,139,True
41,88,446,585,139,True
44,90,446,598,152,True
67,96,446,544,98,True
74,89,446,544,98,True
78,94,446,544,98,True
79,97,446,526,80,True
81,66,446,544,98,True
86,87,446,526,80,True
95,87,446,544,98,True
99,89,446,602,156,True
2,102,447,588,141,True
9,86,447,622,175,True
12,75,447,585,138,True
33,88,447,585,138,True
47,80,447,585,138,True
48,93,447,588,141,True
58,81,447,544,97,True
60,89,447,602,155,True
64,83,447,526,79,True
72,88,447,526,79,True
76,96,447,526,79,True
78,95,447,544,97,True
79,98,447,526,79,True
81,67,447,544,97,True
83,97,447,544,97,True
84,98,447,544,97,True
86,88,447,544,97,True
93,91,447,544,97,True
98,82,447,544,97,True
2,103,448,588,140,True
12,76,448,585,137,True
21,98,448,585,137,True
23,92,448,585,137,True
31,83,448,585,137,True
35,97,448,505,57,True
41,89,448,585,137,True
43,90,448,585,137,True
44,91,448,598,150,True
59,95,448,602,154,True
66,103,448,544,96,True
70,82,448,497,49,True
78,96,448,544,96,True
80,81,448,544,96,True
82,87,448,544,96,True
92,86,448,544,96,True
94,88,448,544,96,True
99,90,448,602,154,True
0,96,449,585,136,True
1,78,449,585,136,True
5,100,449,585,136,True
6,79,449,585,136,True
10,93,449,585,136,True
12,77,449,585,136,True
13,98,449,585,136,True
19,72,449,588,139,True
22,87,449,585,136,True
23,93,449,585,136,True
28,103,449,622,173,True
29,78,449,585,136,True
30,104,449,588,139,True
31,84,449,585,136,True
35,98,449,505,56,True
38,71,449,585,136,True
42,89,449,585,136,True
56,85,449,544,95,True
61,85,449,497,48,True
63,106,449,544,95,True
64,84,449,526,77,True
67,97,449,544,95,True
69,86,449,544,95,True
70,83,449,544,95,True
71,95,449,602,153,True
73,102,449,544,95,True
77,93,449,602,153,True
79,99,449,526,77,True
82,88,449,544,95,True
1,79,450,585,135,True
3,100,450,585,135,True
5,101,450,585,135,True
7,88,450,588,138,True
12,78,450,585,135,True
13,99,450,585,135,True
14,98,450,585,135,True
17,76,450,585,135,True
25,88,450,588,138,True
27,88,450,585,135,True
37,92,450,585,135,True
41,90,450,585,135,True
42,90,450,585,135,True
44,92,450,598,148,True
47,81,450,585,135,True
57,65,450,526,76,True
59,96,450,602,152,True
63,107,450,544,94,True
70,84,450,544,94,True
75,81,450,544,94,True
78,97,450,602,152,True
80,82,450,544,94,True
81,68,450,544,94,True
87,78,450,544,94,True
12,79,451,585,134,True
16,101,451,585,134,True
21,99,451,585,134,True
26,81,451,585,134,True
27,89,451,585,134,True
29,79,451,585,134,True
30,105,451,588,137,True
33,89,451,585,134,True
42,91,451,585,134,True
54,98,451,602,151,True
65,96,451,544,93,True
68,93,451,544,93,True
78,98,451,602,151,True
80,83,451,544,93,True
84,99,451,544,93,True
85,79,451,544,93,True
86,89,451,544,93,True
89,77,451,602,151,True
91,92,451,544,93,True
92,87,451,544,93,True
96,86,451,602,151,True
99,91,451,602,151,True
3,101,452,585,133,True
9,87,452,622,170,True
18,71,452,585,133,True
20,83,452,519,67,True
23,94,452,585,133,True
30,106,452,588,136,True
31,85,452,585,133,True
32,81,452,585,133,True
34,87,452,588,136,True
37,93,452,585,133,True
38,72,452,588,136,True
48,94,452,588,136,True
49,92,452,585,133,True
53,65,452,544,92,True
54,99,452,602,150,True
58,82,452,544,92,True
62,58,452,544,92,True
67,98,452,544,92,True
68,94,452,544,92,True
69,87,452,544,92,True
74,90,452,602,150,True
76,97,452,602,150,True
78,99,452,602,150,True
82,89,452,544,92,True
90,86,452,607,155,True
1,80,453,585,132,True
5,102,453,585,132,True
7,89,453,588,135,True
9,88,453,622,169,True
12,80,453,585,132,True
13,100,453,585,132,True
15,89,453,519,66,True
27,90,453,585,132,True
29,80,453,585,132,True
33,90,453,585,132,True
34,88,453,588,135,True
38,73,453,588,135,True
51,91,453,544,91,True
58,83,453,544,91,True
63,108,453,544,91,True
66,104,453,544,91,True
73,103,453,544,91,True
81,69,453,544,91,True
90,87,453,607,154,True
3,102,454,585,131,True
7,90,454,588,134,True
9,89,454,622,168,True
11,87,454,585,131,True
23,95,454,585,131,True
28,104,454,622,168,True
29,81,454,585,131,True
40,103,454,585,131,True
44,93,454,598,144,True
49,93,454,585,131,True
50,94,454,544,90,True
55,89,454,544,90,True
66,105,454,544,90,True
76,98,454,602,148,True
77,94,454,602,148,True
82,90,454,544,90,True
84,100,454,607,153,True
88,103,454,607,153,True
90,88,454,607,153,True
91,93,454,544,90,True
98,83,454,544,90,True
5,103,455,585,130,True
6,80,455,588,133,True
7,91,455,588,133,True
18,72,455,585,130,True
22,88,455,585,130,True
26,82,455,585,130,True
31,86,455,585,130,True
33,91,455,585,130,True
50,95,455,544,89,True
63,109,455,544,89,True
65,97,455,544,89,True
66,106,455,544,89,True
68,95,455,544,89,True
73,104,455,544,89,True
77,95,455,602,147,True
90,89,455,607,152,True
91,94,455,544,89,True
95,88,455,544,89,True
2,104,456,588,132,True
4,100,456,585,129,True
6,81,456,588,132,True
10,94,456,588,132,True
13,101,456,588,132,True
16,102,456,585,129,True
17,77,456,588,132,True
26,83,456,585,129,True
40,104,456,585,129,True
48,95,456,588,132,True
49,94,456,585,129,True
55,90,456,544,88,True
57,66,456,526,70,True
63,110,456,544,88,True
67,99,456,544,88,True
69,88,456,602,146,True
86,90,456,544,88,True
90,90,456,607,151,True
93,92,456,607,151,True
94,89,456,544,88,True
1,81,457,585,128,True
2,105,457,588,131,True
3,103,457,585,128,True
4,101,457,585,128,True
10,95,457,588,131,True
18,73,457,585,128,True
21,100,457,585,128,True
27,91,457,585,128,True
28,105,457,622,165,True
33,92,457,585,128,True
36,93,457,585,128,True
40,105,457,588,131,True
46,93,457,585,128,True
49,95,457,585,128,True
53,66,457,544,87,True
55,91,457,544,87,True
58,84,457,544,87,True
76,99,457,602,145,True
78,100,457,602,145,True
80,84,457,544,87,True
81,70,457,602,145,True
84,101,457,607,150,True
85,80,457,544,87,True
92,88,457,544,87,True
93,93,457,607,150,True
96,87,457,602,145,True
99,92,457,602,145,True
8,102,458,585,127,True
13,102,458,588,130,True
17,78,458,588,130,True
19,73,458,588,130,True
24,96,458,585,127,True
26,84,458,585,127,True
36,94,458,585,127,True
44,94,458,598,140,True
51,92,458,544,86,True
53,67,458,544,86,True
58,85,458,544,86,True
76,100,458,602,144,True
83,98,458,544,86,True
94,90,458,544,86,True
97,82,458,544,86,True
99,93,458,602,144,True
4,102,459,585,126,True
10,96,459,588,129,True
17,79,459,588,129,True
18,74,459,622,163,True
27,92,459,585,126,True
28,106,459,622,163,True
32,82,459,585,126,True
39,95,459,585,126,True
51,93,459,544,85,True
59,97,459,602,143,True
60,90,459,602,143,True
62,59,459,544,85,True
69,89,459,602,143,True
72,89,459,544,85,True
73,105,459,544,85,True
76,101,459,602,143,True
88,104,459,607,148,True
96,88,459,602,143,True
99,94,459,602,143,True
10,97,460,588,128,True
14,99,460,585,125,True
18,75,460,622,162,True
21,101,460,585,125,True
23,96,460,585,125,True
26,85,460,585,125,True
27,93,460,585,125,True
31,87,460,585,125,True
33,93,460,585,125,True
36,95,460,598,138,True
38,74,460,588,128,True
40,106,460,588,128,True
57,67,460,585,125,True
59,98,460,602,142,True
65,98,460,544,84,True
68,96,460,544,84,True
73,106,460,544,84,True
74,91,460,602,142,True
78,101,460,602,142,True
89,78,460,602,142,True
93,94,460,607,147,True
94,91,460,544,84,True
1,82,461,585,124,True
4,103,461,585,124,True
9,90,461,622,161,True
11,88,461,585,124,True
12,81,461,585,124,True
23,97,461,585,124,True
24,97,461,585,124,True
31,88,461,588,127,True
33,94,461,585,124,True
34,89,461,588,127,True
35,99,461,588,127,True
41,91,461,585,124,True
44,95,461,598,137,True
48,96,461,588,127,True
50,96,461,602,141,True
53,68,461,544,83,True
55,92,461,544,83,True
57,68,461,585,124,True
61,86,461,544,83,True
65,99,461,544,83,True
69,90,461,602,141,True
70,85,461,544,83,True
71,96,461,602,141,True
85,81,461,544,83,True
86,91,461,544,83,True
99,95,461,602,141,True
11,89,462,585,123,True
16,103,462,585,123,True
19,74,462,622,160,True
21,102,462,585,123,True
28,107,462,622,160,True
39,96,462,585,123,True
43,91,462,588,126,True
47,82,462,585,123,True
48,97,462,588,126,True
54,100,462,602,140,True
57,69,462,585,123,True
60,91,462,602,140,True
62,60,462,544,82,True
80,85,462,544,82,True
82,91,462,544,82,True
84,102,462,607,145,True
91,95,462,544,82,True
94,92,462,544,82,True
98,84,462,544,82,True
1,83,463,585,122,True
2,106,463,588,125,True
6,82,463,588,125,True
9,91,463,622,159,True
14,100,463,585,122,True
16,104,463,585,122,True
20,84,463,519,56,True
21,103,463,585,122,True
26,86,463,585,122,True
27,94,463,585,122,True
36,96,463,598,135,True
38,75,463,588,125,True
56,86,463,544,81,True
62,61,463,544,81,True
64,85,463,544,81,True
65,100,463,544,81,True
67,100,463,602,139,True
73,107,463,544,81,True
86,92,463,544,81,True
91,96,463,544,81,True
95,89,463,544,81,True
1,84,464,585,121,True
10,98,464,588,124,True
11,90,464,585,121,True
13,103,464,588,124,True
22,89,464,588,124,True
25,89,464,622,158,True
39,97,464,588,124,True
41,92,464,585,121,True
45,87,464,588,124,True
57,70,464,585,121,True
60,92,464,602,138,True
61,87,464,544,80,True
63,111,464,607,143,True
64,86,464,544,80,True
67,101,464,602,138,True
69,91,464,602,138,True
72,90,464,544,80,True
95,90,464,544,80,True
97,83,464,602,138,True
5,104,465,588,123,True
9,92,465,622,157,True
14,101,465,585,120,True
24,98,465,585,120,True
28,108,465,622,157,True
34,90,465,588,123,True
36,97,465,598,133,True
40,107,465,588,123,True
44,96,465,598,133,True
45,88,465,588,123,True
47,83,465,585,120,True
56,87,465,544,79,True
59,99,465,602,137,True
75,82,465,602,137,True
78,102,465,602,137,True
87,79,465,602,137,True
88,105,465,607,142,True
91,97,465,544,79,True
92,89,465,602,137,True
95,91,465,544,79,True
97,84,465,602,137,True
20,85,466,519,53,True
24,99,466,585,119,True
25,90,466,622,156,True
32,83,466,598,132,True
35,100,466,588,122,True
39,98,466,588,122,True
41,93,466,585,119,True
44,97,466,598,132,True
45,89,466,588,122,True
46,94,466,588,122,True
47,84,466,585,119,True
55,93,466,544,78,True
57,71,466,585,119,True
81,71,466,602,136,True
84,103,466,607,141,True
85,82,466,602,136,True
86,93,466,544,78,True
88,106,466,607,141,True
92,90,466,602,136,True
98,85,466,544,78,True
6,83,467,588,121,True
10,99,467,588,121,True
13,104,467,588,121,True
21,104,467,585,118,True
22,90,467,588,121,True
26,87,467,585,118,True
36,98,467,598,131,True
39,99,467,588,121,True
42,92,467,622,155,True
56,88,467,544,77,True
58,86,467,602,135,True
62,62,467,602,135,True
65,101,467,544,77,True
67,102,467,602,135,True
69,92,467,602,135,True
72,91,467,544,77,True
74,92,467,602,135,True
76,102,467,602,135,True
77,96,467,602,135,True
78,103,467,602,135,True
90,91,467,607,140,True
94,93,467,607,140,True
97,85,467,602,135,True
0,97,468,585,117,True
4,104,468,588,120,True
9,93,468,622,154,True
18,76,468,622,154,True
25,91,468,622,154,True
28,109,468,622,154,True
33,95,468,585,117,True
35,101,468,588,120,True
38,76,468,588,120,True
44,98,468,598,130,True
48,98,468,588,120,True
54,101,468,602,134,True
58,87,468,602,134,True
60,93,468,602,134,True
64,87,468,544,76,True
67,103,468,602,134,True
73,108,468,602,134,True
75,83,468,602,134,True
77,97,468,602,134,True
83,99,468,544,76,True
85,83,468,602,134,True
89,79,468,602,134,True
91,98,468,544,76,True
94,94,468,607,139,True
2,107,469,622,153,True
12,82,469,585,116,True
14,102,469,585,116,True
21,105,469,585,116,True
24,100,469,588,119,True
26,88,469,585,116,True
31,89,469,588,119,True
32,84,469,598,129,True
33,96,469,585,116,True
34,91,469,588,119,True
36,99,469,598,129,True
47,85,469,585,116,True
48,99,469,588,119,True
49,96,469,585,116,True
56,89,469,544,75,True
58,88,469,602,133,True
61,88,469,544,75,True
62,63,469,602,133,True
70,86,469,544,75,True
83,100,469,544,75,True
89,80,469,602,133,True
94,95,469,607,138,True
95,92,469,544,75,True
97,86,469,602,133,True
1,85,470,598,128,True
16,105,470,622,152,True
18,77,470,622,152,True
22,91,470,588,118,True
25,92,470,622,152,True
26,89,470,585,115,True
27,95,470,588,118,True
35,102,470,588,118,True
36,100,470,598,128,True
38,77,470,588,118,True
39,100,470,622,152,True
43,92,470,588,118,True
47,86,470,585,115,True
50,97,470,602,132,True
53,69,470,607,137,True
59,100,470,602,132,True
71,97,470,602,132,True
74,93,470,602,132,True
78,104,470,602,132,True
80,86,470,544,74,True
86,94,470,544,74,True
87,80,470,602,132,True
88,107,470,607,137,True
89,81,470,602,132,True
91,99,470,544,74,True
99,96,470,602,132,True
8,103,471,585,114,True
10,100,471,622,151,True
13,105,471,622,151,True
19,75,471,622,151,True
20,86,471,519,48,True
21,106,471,585,114,True
29,82,471,585,114,True
32,85,471,598,127,True
38,78,471,588,117,True
50,98,471,602,131,True
61,89,471,544,73,True
65,102,471,544,73,True
69,93,471,602,131,True
73,109,471,602,131,True
75,84,471,602,131,True
79,100,471,544,73,True
91,100,471,544,73,True
92,91,471,602,131,True
93,95,471,607,136,True
7,92,472,622,150,True
8,104,472,585,113,True
9,94,472,622,150,True
11,91,472,585,113,True
14,103,472,585,113,True
18,78,472,622,150,True
27,96,472,588,116,True
39,101,472,622,150,True
40,108,472,588,116,True
41,94,472,598,126,True
45,90,472,588,116,True
46,95,472,588,116,True
49,97,472,585,113,True
52,83,472,,,False
54,102,472,602,130,True
58,89,472,602,130,True
63,112,472,607,135,True
65,103,472,602,130,True
78,105,472,602,130,True
92,92,472,602,130,True
95,93,472,544,72,True
5,105,473,588,115,True
7,93,473,622,149,True
8,105,473,598,125,True
13,106,473,622,149,True
21,107,473,585,112,True
22,92,473,588,115,True
27,97,473,588,115,True
30,107,473,588,115,True
33,97,473,585,112,True
35,103,473,588,115,True
36,101,473,598,125,True
41,95,473,598,125,True
44,99,473,598,125,True
45,91,473,588,115,True
49,98,473,598,125,True
52,84,473,,,False
55,94,473,607,134,True
57,72,473,585,112,True
58,90,473,602,129,True
60,94,473,602,129,True
65,104,473,602,129,True
71,98,473,602,129,True
73,110,473,602,129,True
75,85,473,602,129,True
77,98,473,602,129,True
78,106,473,602,129,True
80,87,473,544,71,True
86,95,473,602,129,True
91,101,473,607,134,True
93,96,473,607,134,True
94,96,473,607,134,True
1,86,474,598,124,True
6,84,474,622,148,True
7,94,474,622,148,True
8,106,474,598,124,True
13,107,474,622,148,True
15,90,474,588,114,True
21,108,474,585,111,True
26,90,474,598,124,True
30,108,474,588,114,True
38,79,474,588,114,True
42,93,474,622,148,True
47,87,474,598,124,True
50,99,474,602,128,True
61,90,474,544,70,True
65,105,474,602,128,True
67,104,474,602,128,True
74,94,474,602,128,True
77,99,474,602,128,True
86,96,474,602,128,True
91,102,474,607,133,True
98,86,474,544,70,True
5,106,475,622,147,True
6,85,475,622,147,True
7,95,475,622,147,True
15,91,475,588,113,True
20,87,475,542,67,True
28,110,475,622,147,True
29,83,475,585,110,True
41,96,475,598,123,True
42,94,475,622,147,True
45,92,475,588,113,True
54,103,475,602,127,True
56,90,475,602,127,True
62,64,475,602,127,True
78,107,475,602,127,True
80,88,475,544,69,True
87,81,475,602,127,True
88,108,475,607,132,True
93,97,475,607,132,True
2,108,476,622,146,True
15,92,476,588,112,True
22,93,476,588,112,True
24,101,476,588,112,True
32,86,476,622,146,True
36,102,476,598,122,True
48,100,476,622,146,True
57,73,476,585,109,True
60,95,476,602,126,True
61,91,476,544,68,True
64,88,476,544,68,True
75,86,476,602,126,True
79,101,476,544,68,True
80,89,476,544,68,True
82,92,476,607,131,True
84,104,476,607,131,True
94,97,476,607,131,True
97,87,476,602,126,True
5,107,477,622,145,True
6,86,477,622,145,True
9,95,477,622,145,True
13,108,477,622,145,True
19,76,477,622,145,True
20,88,477,542,65,True
24,102,477,588,111,True
32,87,477,622,145,True
36,103,477,598,121,True
38,80,477,622,145,True
39,102,477,622,145,True
44,100,477,598,121,True
49,99,477,598,121,True
56,91,477,602,125,True
58,91,477,602,125,True
60,96,477,602,125,True
61,92,477,544,67,True
63,113,477,607,130,True
65,106,477,602,125,True
67,105,477,602,125,True
80,90,477,544,67,True
86,97,477,602,125,True
93,98,477,607,130,True
94,98,477,607,130,True
99,97,477,602,125,True
0,98,478,622,144,True
3,104,478,622,144,True
10,101,478,622,144,True
33,98,478,598,120,True
60,97,478,602,124,True
62,65,478,602,124,True
66,107,478,607,129,True
69,94,478,602,124,True
70,87,478,544,66,True
75,87,478,602,124,True
79,102,478,544,66,True
84,105,478,607,129,True
97,88,478,602,124,True
3,105,479,622,143,True
11,92,479,598,119,True
12,83,479,598,119,True
13,109,479,622,143,True
16,106,479,622,143,True
19,77,479,622,143,True
25,93,479,622,143,True
31,90,479,588,109,True
38,81,479,622,143,True
40,109,479,622,143,True
54,104,479,602,123,True
63,114,479,607,128,True
66,108,479,607,128,True
72,92,479,544,65,True
73,111,479,602,123,True
77,100,479,602,123,True
78,108,479,602,123,True
82,93,479,607,128,True
83,101,479,607,128,True
86,98,479,602,123,True
5,108,480,622,142,True
8,107,480,598,118,True
13,110,480,622,142,True
18,79,480,622,142,True
20,89,480,588,108,True
22,94,480,622,142,True
24,103,480,622,142,True
29,84,480,585,105,True
32,88,480,622,142,True
35,104,480,622,142,True
36,104,480,622,142,True
39,103,480,622,142,True
42,95,480,622,142,True
47,88,480,598,118,True
58,92,480,602,122,True
65,107,480,602,122,True
69,95,480,602,122,True
70,88,480,544,64,True
75,88,480,602,122,True
98,87,480,544,64,True
2,109,481,622,141,True
7,96,481,622,141,True
16,107,481,628,147,True
18,80,481,622,141,True
21,109,481,598,117,True
23,98,481,622,141,True
27,98,481,622,141,True
33,99,481,598,117,True
37,94,481,622,141,True
38,82,481,622,141,True
45,93,481,588,107,True
49,100,481,598,117,True
51,94,481,607,126,True
53,70,481,607,126,True
54,105,481,602,121,True
57,74,481,585,104,True
62,66,481,602,121,True
64,89,481,585,104,True
70,89,481,544,63,True
86,99,481,602,121,True
93,99,481,607,126,True
97,89,481,602,121,True
0,99,482,622,140,True
1,87,482,622,140,True
25,94,482,622,140,True
38,83,482,622,140,True
43,93,482,622,140,True
46,96,482,622,140,True
50,100,482,602,120,True
69,96,482,602,120,True
70,90,482,544,62,True
78,109,482,602,120,True
79,103,482,544,62,True
85,84,482,602,120,True
88,109,482,607,125,True
2,110,483,622,139,True
4,105,483,622,139,True
11,93,483,598,115,True
16,108,483,628,145,True
18,81,483,622,139,True
20,90,483,588,105,True
23,99,483,622,139,True
26,91,483,622,139,True
33,100,483,598,115,True
41,97,483,622,139,True
43,94,483,622,139,True
47,89,483,598,115,True
48,101,483,622,139,True
60,98,483,602,119,True
67,106,483,602,119,True
85,85,483,602,119,True
86,100,483,602,119,True
88,110,483,607,124,True
93,100,483,607,124,True
96,89,483,607,124,True
1,88,484,622,138,True
2,111,484,622,138,True
3,106,484,622,138,True
7,97,484,622,138,True
24,104,484,622,138,True
25,95,484,622,138,True
32,89,484,622,138,True
34,92,484,588,104,True
38,84,484,622,138,True
43,95,484,622,138,True
46,97,484,622,138,True
64,90,484,585,101,True
67,107,484,602,118,True
68,97,484,607,123,True
70,91,484,544,60,True
71,99,484,607,123,True
76,103,484,607,123,True
79,104,484,602,118,True
87,82,484,602,118,True
3,107,485,622,137,True
4,106,485,622,137,True
5,109,485,622,137,True
9,96,485,622,137,True
10,102,485,622,137,True
15,93,485,588,103,True
17,80,485,622,137,True
18,82,485,622,137,True
29,85,485,585,100,True
42,96,485,622,137,True
45,94,485,588,103,True
47,90,485,598,113,True
58,93,485,602,117,True
59,101,485,602,117,True
61,93,485,544,59,True
65,108,485,602,117,True
68,98,485,607,122,True
77,101,485,602,117,True
84,106,485,607,122,True
87,83,485,602,117,True
88,111,485,607,122,True
5,110,486,622,136,True
6,87,486,622,136,True
11,94,486,598,112,True
18,83,486,622,136,True
30,109,486,588,102,True
33,101,486,598,112,True
36,105,486,622,136,True
39,104,486,622,136,True
41,98,486,622,136,True
42,97,486,622,136,True
46,98,486,622,136,True
53,71,486,607,121,True
71,100,486,607,121,True
95,94,486,585,99,True
97,90,486,607,121,True
3,108,487,622,135,True
8,108,487,622,135,True
17,81,487,622,135,True
22,95,487,622,135,True
23,100,487,622,135,True
24,105,487,622,135,True
29,86,487,585,98,True
35,105,487,622,135,True
37,95,487,622,135,True
40,110,487,622,135,True
45,95,487,622,135,True
46,99,487,622,135,True
48,102,487,622,135,True
49,101,487,622,135,True
51,95,487,607,120,True
54,106,487,602,115,True
61,94,487,544,57,True
62,67,487,607,120,True
67,108,487,602,115,True
69,97,487,602,115,True
70,92,487,544,57,True
74,95,487,602,115,True
78,110,487,602,115,True
81,72,487,602,115,True
87,84,487,602,115,True
2,112,488,622,134,True
4,107,488,622,134,True
8,109,488,622,134,True
19,78,488,622,134,True
21,110,488,598,110,True
27,99,488,622,134,True
30,110,488,588,100,True
31,91,488,622,134,True
34,93,488,588,100,True
35,106,488,622,134,True
44,101,488,622,134,True
46,100,488,622,134,True
47,91,488,598,110,True
61,95,488,585,97,True
64,91,488,585,97,True
66,109,488,607,119,True
72,93,488,544,56,True
74,96,488,602,114,True
77,102,488,602,114,True
80,91,488,607,119,True
92,93,488,602,114,True
95,95,488,585,97,True
1,89,489,622,133,True
4,108,489,622,133,True
8,110,489,622,133,True
9,97,489,622,133,True
10,103,489,622,133,True
11,95,489,598,109,True
15,94,489,588,99,True
16,109,489,628,139,True
29,87,489,598,109,True
31,92,489,622,133,True
32,90,489,622,133,True
35,107,489,622,133,True
40,111,489,622,133,True
61,96,489,585,96,True
64,92,489,585,96,True
65,109,489,602,113,True
73,112,489,607,118,True
74,97,489,602,113,True
75,89,489,602,113,True
76,104,489,607,118,True
77,103,489,602,113,True
81,73,489,602,113,True
82,94,489,607,118,True
86,101,489,602,113,True
95,96,489,585,96,True
98,88,489,585,96,True
99,98,489,607,118,True
2,113,490,622,132,True
5,111,490,622,132,True
8,111,490,622,132,True
13,111,490,628,138,True
15,95,490,588,98,True
16,110,490,628,138,True
26,92,490,622,132,True
28,111,490,622,132,True
30,111,490,588,98,True
35,108,490,622,132,True
42,98,490,622,132,True
43,96,490,622,132,True
54,107,490,602,112,True
57,75,490,585,95,True
63,115,490,607,117,True
64,93,490,585,95,True
65,110,490,602,112,True
68,99,490,607,117,True
75,90,490,602,112,True
77,104,490,602,112,True
80,92,490,607,117,True
95,97,490,585,95,True
97,91,490,607,117,True
98,89,490,585,95,True
99,99,490,607,117,True
2,114,491,622,131,True
6,88,491,622,131,True
7,98,491,622,131,True
14,104,491,598,107,True
34,94,491,588,97,True
38,85,491,622,131,True
45,96,491,622,131,True
51,96,491,607,116,True
62,68,491,607,116,True
65,111,491,602,111,True
66,110,491,607,116,True
74,98,491,602,111,True
86,102,491,602,111,True
93,101,491,607,116,True
97,92,491,607,116,True
0,100,492,622,130,True
1,90,492,622,130,True
9,98,492,622,130,True
12,84,492,622,130,True
13,112,492,628,136,True
14,105,492,598,106,True
17,82,492,622,130,True
19,79,492,622,130,True
25,96,492,622,130,True
26,93,492,622,130,True
29,88,492,598,106,True
30,112,492,588,96,True
38,86,492,622,130,True
54,108,492,602,110,True
55,95,492,607,115,True
56,92,492,602,110,True
58,94,492,602,110,True
61,97,492,585,93,True
65,112,492,602,110,True
69,98,492,607,115,True
75,91,492,602,110,True
77,105,492,602,110,True
79,105,492,602,110,True
80,93,492,607,115,True
81,74,492,607,115,True
85,86,492,602,110,True
96,90,492,607,115,True
99,100,492,607,115,True
3,109,493,622,129,True
4,109,493,622,129,True
6,89,493,622,129,True
12,85,493,622,129,True
15,96,493,588,95,True
19,80,493,622,129,True
31,93,493,622,129,True
42,99,493,622,129,True
43,97,493,622,129,True
45,97,493,622,129,True
48,103,493,622,129,True
49,102,493,622,129,True
54,109,493,602,109,True
55,96,493,607,114,True
58,95,493,602,109,True
62,69,493,607,114,True
65,113,493,602,109,True
67,109,493,602,109,True
74,99,493,602,109,True
75,92,493,602,109,True
79,106,493,602,109,True
86,103,493,602,109,True
90,92,493,607,114,True
93,102,493,607,114,True
94,99,493,607,114,True
1,91,494,622,128,True
3,110,494,657,163,True
4,110,494,622,128,True
5,112,494,622,128,True
12,86,494,622,128,True
17,83,494,622,128,True
22,96,494,622,128,True
24,106,494,622,128,True
25,97,494,622,128,True
30,113,494,588,94,True
31,94,494,622,128,True
34,95,494,588,94,True
35,109,494,622,128,True
38,87,494,622,128,True
46,101,494,622,128,True
47,92,494,622,128,True
48,104,494,622,128,True
57,76,494,585,91,True
61,98,494,585,91,True
62,70,494,607,113,True
68,100,494,607,113,True
69,99,494,607,113,True
75,93,494,602,108,True
86,104,494,607,113,True
88,112,494,607,113,True
96,91,494,607,113,True
98,90,494,585,91,True
4,111,495,622,127,True
5,113,495,622,127,True
7,99,495,622,127,True
27,100,495,622,127,True
38,88,495,622,127,True
41,99,495,622,127,True
44,102,495,622,127,True
45,98,495,622,127,True
48,105,495,622,127,True
53,72,495,607,112,True
63,116,495,607,112,True
71,101,495,607,112,True
73,113,495,607,112,True
74,100,495,602,107,True
75,94,495,602,107,True
84,107,495,607,112,True
89,82,495,607,112,True
0,101,496,622,126,True
6,90,496,622,126,True
7,100,496,622,126,True
14,106,496,598,102,True
21,111,496,622,126,True
26,94,496,622,126,True
30,114,496,588,92,True
37,96,496,622,126,True
45,99,496,622,126,True
57,77,496,585,89,True
61,99,496,585,89,True
65,114,496,602,106,True
66,111,496,607,111,True
76,105,496,607,111,True
77,106,496,602,106,True
81,75,496,607,111,True
92,94,496,607,111,True
95,98,496,607,111,True
99,101,496,607,111,True
3,111,497,657,160,True
4,112,497,622,125,True
8,112,497,622,125,True
13,113,497,628,131,True
15,97,497,588,91,True
25,98,497,622,125,True
31,95,497,622,125,True
40,112,497,622,125,True
41,100,497,622,125,True
43,98,497,622,125,True
55,97,497,607,110,True
66,112,497,607,110,True
69,100,497,607,110,True
72,94,497,602,105,True
80,94,497,607,110,True
83,102,497,607,110,True
91,103,497,607,110,True
1,92,498,622,124,True
8,113,498,622,124,True
12,87,498,622,124,True
14,107,498,598,100,True
15,98,498,588,90,True
16,111,498,628,130,True
25,99,498,622,124,True
31,96,498,622,124,True
32,91,498,622,124,True
34,96,498,588,90,True
37,97,498,622,124,True
40,113,498,622,124,True
43,99,498,622,124,True
46,102,498,622,124,True
57,78,498,585,87,True
60,99,498,607,109,True
65,115,498,602,104,True
75,95,498,602,104,True
78,111,498,607,109,True
79,107,498,602,104,True
83,103,498,607,109,True
87,85,498,607,109,True
91,104,498,607,109,True
98,91,498,585,87,True
2,115,499,622,123,True
4,113,499,622,123,True
12,88,499,622,123,True
17,84,499,622,123,True
25,100,499,622,123,True
26,95,499,622,123,True
32,92,499,622,123,True
40,114,499,622,123,True
44,103,499,622,123,True
50,101,499,607,108,True
53,73,499,607,108,True
55,98,499,607,108,True
59,102,499,607,108,True
69,101,499,607,108,True
70,93,499,602,103,True
74,101,499,607,108,True
80,95,499,607,108,True
87,86,499,607,108,True
1,93,500,622,122,True
3,112,500,657,157,True
4,114,500,622,122,True
5,114,500,622,122,True
11,96,500,622,122,True
16,112,500,628,128,True
18,84,500,622,122,True
22,97,500,622,122,True
23,101,500,622,122,True
24,107,500,622,122,True
33,102,500,622,122,True
42,100,500,622,122,True
43,100,500,622,122,True
44,104,500,622,122,True
52,85,500,,,False
53,74,500,607,107,True
54,110,500,602,102,True
55,99,500,607,107,True
72,95,500,602,102,True
76,106,500,607,107,True
78,112,500,607,107,True
90,93,500,607,107,True
92,95,500,607,107,True
2,116,501,622,121,True
3,113,501,657,156,True
5,115,501,622,121,True
8,114,501,622,121,True
19,81,501,628,127,True
21,112,501,622,121,True
23,102,501,622,121,True
33,103,501,622,121,True
39,105,501,622,121,True
42,101,501,622,121,True
49,103,501,622,121,True
52,86,501,,,False
55,100,501,607,106,True
58,96,501,602,101,True
59,103,501,607,106,True
72,96,501,602,101,True
78,113,501,607,106,True
93,103,501,607,106,True
94,100,501,607,106,True
0,102,502,622,120,True
2,117,502,622,120,True
4,115,502,622,120,True
8,115,502,622,120,True
11,97,502,622,120,True
17,85,502,622,120,True
26,96,502,622,120,True
31,97,502,622,120,True
36,106,502,622,120,True
38,89,502,622,120,True
41,101,502,622,120,True
44,105,502,622,120,True
53,75,502,607,105,True
55,101,502,607,105,True
57,79,502,602,100,True
58,97,502,602,100,True
60,100,502,607,105,True
61,100,502,585,83,True
65,116,502,602,100,True
71,102,502,607,105,True
82,95,502,607,105,True
85,87,502,602,100,True
86,105,502,607,105,True
87,87,502,607,105,True
88,113,502,607,105,True
89,83,502,607,105,True
99,102,502,607,105,True
1,94,503,622,119,True
4,116,503,622,119,True
5,116,503,622,119,True
18,85,503,622,119,True
22,98,503,622,119,True
24,108,503,622,119,True
25,101,503,622,119,True
41,102,503,622,119,True
44,106,503,622,119,True
50,102,503,607,104,True
61,101,503,585,82,True
67,110,503,607,104,True
68,101,503,607,104,True
72,97,503,602,99,True
75,96,503,602,99,True
80,96,503,607,104,True
84,108,503,607,104,True
86,106,503,607,104,True
88,114,503,607,104,True
94,101,503,607,104,True
6,91,504,628,124,True
19,82,504,628,124,True
22,99,504,622,118,True
27,101,504,622,118,True
38,90,504,622,118,True
45,100,504,622,118,True
46,103,504,622,118,True
53,76,504,607,103,True
55,102,504,607,103,True
59,104,504,607,103,True
66,113,504,607,103,True
72,98,504,602,98,True
74,102,504,607,103,True
75,97,504,602,98,True
78,114,504,607,103,True
80,97,504,607,103,True
82,96,504,607,103,True
83,104,504,607,103,True
87,88,504,607,103,True
94,102,504,607,103,True
6,92,505,628,123,True
16,113,505,628,123,True
20,91,505,588,83,True
29,89,505,622,117,True
42,102,505,622,117,True
43,101,505,622,117,True
51,97,505,607,102,True
52,87,505,,,False
56,93,505,607,102,True
60,101,505,607,102,True
64,94,505,602,97,True
66,114,505,607,102,True
68,102,505,607,102,True
70,94,505,602,97,True
71,103,505,607,102,True
73,114,505,607,102,True
87,89,505,607,102,True
88,115,505,607,102,True
95,99,505,607,102,True
7,101,506,622,116,True
8,116,506,622,116,True
12,89,506,622,116,True
15,99,506,622,116,True
22,100,506,622,116,True
25,102,506,622,116,True
29,90,506,622,116,True
30,115,506,622,116,True
31,98,506,622,116,True
33,104,506,622,116,True
38,91,506,622,116,True
44,107,506,622,116,True
47,93,506,622,116,True
49,104,506,622,116,True
50,103,506,607,101,True
51,98,506,607,101,True
55,103,506,607,101,True
59,105,506,607,101,True
64,95,506,602,96,True
65,117,506,602,96,True
71,104,506,607,101,True
74,103,506,607,101,True
82,97,506,607,101,True
84,109,506,607,101,True
89,84,506,607,101,True
93,104,506,607,101,True
94,103,506,607,101,True
95,100,506,607,101,True
1,95,507,622,115,True
2,118,507,622,115,True
3,114,507,657,150,True
9,99,507,622,115,True
17,86,507,622,115,True
18,86,507,622,115,True
19,83,507,628,121,True
22,101,507,622,115,True
24,109,507,622,115,True
43,102,507,622,115,True
46,104,507,622,115,True
54,111,507,607,100,True
58,98,507,607,100,True
62,71,507,607,100,True
66,115,507,607,100,True
67,111,507,607,100,True
70,95,507,602,95,True
71,105,507,607,100,True
86,107,507,607,100,True
87,90,507,607,100,True
9,100,508,622,114,True
10,104,508,622,114,True
13,114,508,628,120,True
14,108,508,622,114,True
22,102,508,622,114,True
27,102,508,622,114,True
40,115,508,622,114,True
44,108,508,622,114,True
45,101,508,622,114,True
50,104,508,607,99,True
51,99,508,607,99,True
55,104,508,607,99,True
59,106,508,607,99,True
66,116,508,607,99,True
67,112,508,607,99,True
68,103,508,607,99,True
72,99,508,602,94,True
74,104,508,607,99,True
77,107,508,607,99,True
80,98,508,607,99,True
90,94,508,607,99,True
92,96,508,675,167,True
94,104,508,607,99,True
95,101,508,607,99,True
97,93,508,607,99,True
2,119,509,622,113,True
15,100,509,622,113,True
19,84,509,628,119,True
31,99,509,622,113,True
47,94,509,622,113,True
50,105,509,607,98,True
57,80,509,602,93,True
58,99,509,607,98,True
59,107,509,607,98,True
67,113,509,607,98,True
71,106,509,607,98,True
72,100,509,602,93,True
78,115,509,607,98,True
81,76,509,607,98,True
91,105,509,607,98,True
4,117,510,622,112,True
10,105,510,622,112,True
12,90,510,622,112,True
14,109,510,622,112,True
20,92,510,588,78,True
23,103,510,622,112,True
30,116,510,622,112,True
36,107,510,622,112,True
41,103,510,622,112,True
43,103,510,622,112,True
53,77,510,607,97,True
57,81,510,602,92,True
70,96,510,602,92,True
73,115,510,607,97,True
75,98,510,607,97,True
86,108,510,607,97,True
91,106,510,607,97,True
93,105,510,607,97,True
4,118,511,622,111,True
12,91,511,622,111,True
15,101,511,622,111,True
19,85,511,628,117,True
20,93,511,588,77,True
24,110,511,622,111,True
25,103,511,622,111,True
29,91,511,622,111,True
30,117,511,622,111,True
36,108,511,622,111,True
39,106,511,628,117,True
55,105,511,607,96,True
59,108,511,607,96,True
62,72,511,607,96,True
81,77,511,607,96,True
82,98,511,607,96,True
88,116,511,607,96,True
90,95,511,607,96,True
91,107,511,607,96,True
6,93,512,628,116,True
7,102,512,622,110,True
11,98,512,622,110,True
14,110,512,622,110,True
31,100,512,622,110,True
40,116,512,622,110,True
46,105,512,622,110,True
48,106,512,622,110,True
56,94,512,607,95,True
62,73,512,607,95,True
68,104,512,607,95,True
71,107,512,607,95,True
75,99,512,607,95,True
78,116,512,607,95,True
79,108,512,602,90,True
80,99,512,607,95,True
82,99,512,607,95,True
93,106,512,607,95,True
94,105,512,607,95,True
99,103,512,607,95,True
4,119,513,622,109,True
6,94,513,628,115,True
21,113,513,622,109,True
23,104,513,622,109,True
31,101,513,622,109,True
44,109,513,622,109,True
45,102,513,622,109,True
49,105,513,622,109,True
54,112,513,607,94,True
57,82,513,602,89,True
59,109,513,607,94,True
68,105,513,607,94,True
74,105,513,607,94,True
75,100,513,607,94,True
82,100,513,607,94,True
85,88,513,607,94,True
86,109,513,607,94,True
92,97,513,675,162,True
97,94,513,607,94,True
5,117,514,622,108,True
9,101,514,622,108,True
18,87,514,622,108,True
23,105,514,622,108,True
26,97,514,622,108,True
30,118,514,622,108,True
38,92,514,622,108,True
52,88,514,,,False
53,78,514,607,93,True
56,95,514,607,93,True
76,107,514,607,93,True
84,110,514,607,93,True
88,117,514,607,93,True
3,115,515,657,142,True
6,95,515,628,113,True
10,106,515,628,113,True
11,99,515,622,107,True
18,88,515,622,107,True
22,103,515,622,107,True
23,106,515,622,107,True
29,92,515,622,107,True
30,119,515,622,107,True
33,105,515,622,107,True
42,103,515,622,107,True
43,104,515,622,107,True
45,103,515,622,107,True
48,107,515,622,107,True
54,113,515,607,92,True
56,96,515,607,92,True
67,114,515,607,92,True
84,111,515,607,92,True
87,91,515,607,92,True
89,85,515,607,92,True
92,98,515,675,160,True
96,92,515,695,180,True
7,103,516,622,106,True
21,114,516,622,106,True
23,107,516,622,106,True
25,104,516,622,106,True
29,93,516,622,106,True
31,102,516,622,106,True
33,106,516,622,106,True
42,104,516,622,106,True
46,106,516,622,106,True
47,95,516,622,106,True
51,100,516,607,91,True
52,89,516,,,False
53,79,516,607,91,True
61,102,516,602,86,True
64,96,516,602,86,True
70,97,516,602,86,True
85,89,516,607,91,True
88,118,516,607,91,True
90,96,516,607,91,True
92,99,516,675,159,True
96,93,516,695,179,True
0,103,517,622,105,True
2,120,517,622,105,True
8,117,517,622,105,True
16,114,517,628,111,True
27,103,517,622,105,True
34,97,517,622,105,True
37,98,517,628,111,True
39,107,517,628,111,True
40,117,517,622,105,True
42,105,517,622,105,True
46,107,517,622,105,True
47,96,517,622,105,True
59,110,517,607,90,True
64,97,517,602,85,True
65,118,517,607,90,True
70,98,517,602,85,True
71,108,517,607,90,True
72,101,517,602,85,True
80,100,517,607,90,True
83,105,517,607,90,True
85,90,517,607,90,True
87,92,517,607,90,True
88,119,517,607,90,True
90,97,517,607,90,True
92,100,517,675,158,True
4,120,518,622,104,True
6,96,518,628,110,True
14,111,518,622,104,True
33,107,518,622,104,True
41,104,518,622,104,True
43,105,518,628,110,True
44,110,518,622,104,True
45,104,518,622,104,True
60,102,518,607,89,True
61,103,518,602,84,True
69,102,518,607,89,True
70,99,518,602,84,True
79,109,518,607,89,True
87,93,518,607,89,True
96,94,518,695,177,True
98,92,518,607,89,True
99,104,518,607,89,True
1,96,519,622,103,True
4,121,519,622,103,True
6,97,519,628,109,True
11,100,519,622,103,True
13,115,519,628,109,True
17,87,519,622,103,True
29,94,519,622,103,True
32,93,519,622,103,True
43,106,519,628,109,True
46,108,519,622,103,True
51,101,519,607,88,True
54,114,519,607,88,True
60,103,519,607,88,True
65,119,519,607,88,True
69,103,519,607,88,True
70,100,519,602,83,True
73,116,519,607,88,True
77,108,519,607,88,True
79,110,519,607,88,True
85,91,519,607,88,True
90,98,519,607,88,True
91,108,519,607,88,True
93,107,519,607,88,True
0,104,520,622,102,True
4,122,520,622,102,True
11,101,520,622,102,True
12,92,520,622,102,True
14,112,520,622,102,True
22,104,520,622,102,True
50,106,520,607,87,True
51,102,520,607,87,True
54,115,520,607,87,True
57,83,520,602,82,True
61,104,520,602,82,True
64,98,520,602,82,True
68,106,520,607,87,True
83,106,520,607,87,True
93,108,520,607,87,True
2,121,521,622,101,True
8,118,521,622,101,True
19,86,521,628,107,True
22,105,521,622,101,True
30,120,521,622,101,True
35,110,521,622,101,True
42,106,521,628,107,True
43,107,521,628,107,True
46,109,521,622,101,True
56,97,521,607,86,True
57,84,521,602,81,True
60,104,521,607,86,True
62,74,521,607,86,True
64,99,521,602,81,True
72,102,521,607,86,True
78,117,521,607,86,True
79,111,521,607,86,True
86,110,521,607,86,True
90,99,521,607,86,True
91,109,521,607,86,True
0,105,522,622,100,True
3,116,522,657,135,True
16,115,522,628,106,True
20,94,522,622,100,True
26,98,522,622,100,True
27,104,522,628,106,True
29,95,522,622,100,True
31,103,522,622,100,True
34,98,522,622,100,True
38,93,522,622,100,True
40,118,522,622,100,True
45,105,522,622,100,True
53,80,522,607,85,True
54,116,522,607,85,True
60,105,522,607,85,True
69,104,522,607,85,True
71,109,522,607,85,True
72,103,522,607,85,True
73,117,522,607,85,True
74,106,522,607,85,True
75,101,522,607,85,True
85,92,522,607,85,True
91,110,522,607,85,True
92,101,522,675,153,True
94,106,522,607,85,True
98,93,522,607,85,True
1,97,523,622,99,True
4,123,523,628,105,True
6,98,523,628,105,True
8,119,523,622,99,True
9,102,523,628,105,True
10,107,523,628,105,True
11,102,523,622,99,True
12,93,523,622,99,True
21,115,523,622,99,True
22,106,523,628,105,True
41,105,523,622,99,True
52,90,523,,,False
53,81,523,607,84,True
60,106,523,607,84,True
72,104,523,607,84,True
77,109,523,607,84,True
86,111,523,607,84,True
87,94,523,607,84,True
98,94,523,607,84,True
0,106,524,622,98,True
6,99,524,628,104,True
7,104,524,622,98,True
15,102,524,622,98,True
18,89,524,628,104,True
28,112,524,683,159,True
32,94,524,657,133,True
33,108,524,622,98,True
39,108,524,628,104,True
44,111,524,622,98,True
47,97,524,622,98,True
49,106,524,622,98,True
59,111,524,607,83,True
60,107,524,607,83,True
63,117,524,675,151,True
80,101,524,607,83,True
87,95,524,607,83,True
88,120,524,607,83,True
93,109,524,607,83,True
97,95,524,607,83,True
1,98,525,622,97,True
4,124,525,628,103,True
5,118,525,628,103,True
8,120,525,622,97,True
9,103,525,628,103,True
13,116,525,628,103,True
19,87,525,628,103,True
35,111,525,622,97,True
37,99,525,628,103,True
39,109,525,628,103,True
41,106,525,622,97,True
49,107,525,622,97,True
52,91,525,,,False
55,106,525,607,82,True
60,108,525,607,82,True
62,75,525,607,82,True
63,118,525,675,150,True
74,107,525,607,82,True
76,108,525,607,82,True
77,110,525,607,82,True
80,102,525,607,82,True
93,110,525,607,82,True
94,107,525,607,82,True
95,102,525,607,82,True
0,107,526,622,96,True
1,99,526,622,96,True
3,117,526,657,131,True
9,104,526,628,102,True
10,108,526,628,102,True
14,113,526,622,96,True
16,116,526,628,102,True
17,88,526,628,102,True
18,90,526,628,102,True
21,116,526,622,96,True
26,99,526,622,96,True
38,94,526,628,102,True
46,110,526,628,102,True
53,82,526,607,81,True
57,85,526,602,76,True
70,101,526,607,81,True
80,103,526,607,81,True
89,86,526,607,81,True
90,100,526,607,81,True
93,111,526,607,81,True
12,94,527,622,95,True
15,103,527,622,95,True
27,105,527,628,101,True
29,96,527,622,95,True
31,104,527,628,101,True
32,95,527,657,130,True
42,107,527,628,101,True
45,106,527,622,95,True
49,108,527,622,95,True
50,107,527,607,80,True
55,107,527,607,80,True
61,105,527,607,80,True
62,76,527,607,80,True
69,105,527,607,80,True
77,111,527,607,80,True
83,107,527,607,80,True
90,101,527,607,80,True
3,118,528,657,129,True
14,114,528,622,94,True
19,88,528,628,100,True
20,95,528,622,94,True
22,107,528,628,100,True
23,108,528,622,94,True
25,105,528,628,100,True
38,95,528,628,100,True
42,108,528,628,100,True
44,112,528,622,94,True
56,98,528,607,79,True
60,109,528,607,79,True
75,102,528,607,79,True
79,112,528,607,79,True
81,78,528,607,79,True
90,102,528,607,79,True
94,108,528,607,79,True
7,105,529,680,151,True
14,115,529,622,93,True
16,117,529,628,99,True
17,89,529,628,99,True
18,91,529,628,99,True
19,89,529,628,99,True
23,109,529,622,93,True
26,100,529,622,93,True
28,113,529,683,154,True
29,97,529,622,93,True
32,96,529,657,128,True
34,99,529,622,93,True
36,109,529,628,99,True
41,107,529,657,128,True
45,107,529,622,93,True
48,108,529,628,99,True
58,100,529,607,78,True
59,112,529,607,78,True
61,106,529,607,78,True
62,77,529,607,78,True
63,119,529,675,146,True
77,112,529,607,78,True
80,104,529,607,78,True
82,101,529,607,78,True
83,108,529,607,78,True
85,93,529,607,78,True
97,96,529,607,78,True
5,119,530,628,98,True
7,106,530,680,150,True
8,121,530,622,92,True
15,104,530,622,92,True
19,90,530,628,98,True
32,97,530,657,127,True
36,110,530,628,98,True
52,92,530,,,False
56,99,530,607,77,True
58,101,530,607,77,True
66,117,530,675,145,True
68,107,530,607,77,True
82,102,530,607,77,True
85,94,530,607,77,True
87,96,530,607,77,True
91,111,530,607,77,True
97,97,530,607,77,True
99,105,530,736,206,True
1,100,531,622,91,True
4,125,531,628,97,True
5,120,531,628,97,True
6,100,531,628,97,True
10,109,531,628,97,True
17,90,531,628,97,True
32,98,531,657,126,True
34,100,531,622,91,True
39,110,531,628,97,True
44,113,531,657,126,True
49,109,531,622,91,True
51,103,531,607,76,True
53,83,531,675,144,True
55,108,531,607,76,True
57,86,531,607,76,True
58,102,531,607,76,True
62,78,531,607,76,True
68,108,531,607,76,True
71,110,531,607,76,True
75,103,531,607,76,True
89,87,531,607,76,True
98,95,531,607,76,True
2,122,532,680,148,True
3,119,532,657,125,True
7,107,532,680,148,True
20,96,532,622,90,True
28,114,532,683,151,True
30,121,532,622,90,True
34,101,532,622,90,True
38,96,532,680,148,True
41,108,532,657,125,True
52,93,532,,,False
77,113,532,607,75,True
79,113,532,607,75,True
82,103,532,607,75,True
85,95,532,607,75,True
88,121,532,633,101,True
89,88,532,607,75,True
94,109,532,607,75,True
1,101,533,622,89,True
2,123,533,680,147,True
22,108,533,628,95,True
23,110,533,622,89,True
27,106,533,628,95,True
33,109,533,622,89,True
41,109,533,657,124,True
42,109,533,628,95,True
68,109,533,607,74,True
69,106,533,607,74,True
70,102,533,607,74,True
81,79,533,607,74,True
90,103,533,607,74,True
99,106,533,736,203,True
2,124,534,680,146,True
6,101,534,628,94,True
10,110,534,628,94,True
15,105,534,622,88,True
29,98,534,622,88,True
30,122,534,628,94,True
37,100,534,628,94,True
38,97,534,680,146,True
47,98,534,633,99,True
51,104,534,607,73,True
56,100,534,607,73,True
60,110,534,633,99,True
61,107,534,607,73,True
64,100,534,607,73,True
76,109,534,607,73,True
77,114,534,633,99,True
78,118,534,607,73,True
84,112,534,675,141,True
89,89,534,633,99,True
92,102,534,675,141,True
96,95,534,695,161,True
99,107,534,736,202,True
0,108,535,622,87,True
1,102,535,622,87,True
3,120,535,657,122,True
14,116,535,622,87,True
19,91,535,680,145,True
42,110,535,628,93,True
44,114,535,657,122,True
46,111,535,628,93,True
51,105,535,607,72,True
54,117,535,607,72,True
60,111,535,633,98,True
62,79,535,675,140,True
68,110,535,607,72,True
72,105,535,607,72,True
73,118,535,607,72,True
74,108,535,633,98,True
79,114,535,607,72,True
80,105,535,607,72,True
86,112,535,607,72,True
89,90,535,633,98,True
93,112,535,736,201,True
98,96,535,607,72,True
18,92,536,628,92,True
21,117,536,633,97,True
31,105,536,628,92,True
34,102,536,622,86,True
36,111,536,657,121,True
37,101,536,657,121,True
38,98,536,680,144,True
41,110,536,657,121,True
42,111,536,628,92,True
44,115,536,657,121,True
54,118,536,633,97,True
55,109,536,607,71,True
61,108,536,607,71,True
66,118,536,675,139,True
68,111,536,607,71,True
69,107,536,607,71,True
76,110,536,607,71,True
77,115,536,633,97,True
78,119,536,607,71,True
93,113,536,736,200,True
97,98,536,607,71,True
17,91,537,628,91,True
19,92,537,680,143,True
23,111,537,628,91,True
34,103,537,622,85,True
45,108,537,680,143,True
51,106,537,607,70,True
52,94,537,,,False
62,80,537,675,138,True
75,104,537,607,70,True
83,109,537,607,70,True
90,104,537,607,70,True
92,103,537,675,138,True
96,96,537,695,158,True
97,99,537,607,70,True
0,109,538,622,84,True
14,117,538,622,84,True
20,97,538,622,84,True
25,106,538,680,142,True
32,99,538,657,119,True
39,111,538,628,90,True
44,116,538,657,119,True
47,99,538,633,95,True
59,113,538,675,137,True
64,101,538,607,69,True
67,115,538,607,69,True
69,108,538,607,69,True
70,103,538,607,69,True
78,120,538,607,69,True
82,104,538,607,69,True
86,113,538,607,69,True
89,91,538,633,95,True
97,100,538,607,69,True
0,110,539,622,83,True
15,106,539,622,83,True
32,100,539,657,118,True
33,110,539,622,83,True
44,117,539,657,118,True
49,110,539,683,144,True
61,109,539,607,68,True
68,112,539,607,68,True
69,109,539,607,68,True
76,111,539,607,68,True
80,106,539,607,68,True
85,96,539,633,94,True
93,114,539,736,197,True
94,110,539,607,68,True
96,97,539,695,156,True
99,108,539,736,197,True
1,103,540,622,82,True
6,102,540,628,88,True
8,122,540,622,82,True
11,103,540,622,82,True
13,117,540,628,88,True
14,118,540,622,82,True
16,118,540,657,117,True
22,109,540,628,88,True
25,107,540,680,140,True
28,115,540,683,143,True
31,106,540,628,88,True
33,111,540,622,82,True
34,104,540,680,140,True
36,112,540,657,117,True
38,99,540,680,140,True
39,112,540,628,88,True
43,108,540,628,88,True
52,95,540,,,False
54,119,540,633,93,True
60,112,540,633,93,True
66,119,540,675,135,True
67,116,540,607,67,True
70,104,540,607,67,True
80,107,540,607,67,True
88,122,540,633,93,True
90,105,540,607,67,True
3,121,541,657,116,True
9,105,541,680,139,True
22,110,541,628,87,True
24,111,541,680,139,True
25,108,541,680,139,True
27,107,541,628,87,True
29,99,541,622,81,True
33,112,541,622,81,True
38,100,541,680,139,True
41,111,541,657,116,True
48,109,541,680,139,True
49,111,541,683,142,True
50,108,541,607,66,True
55,110,541,675,134,True
63,120,541,675,134,True
67,117,541,607,66,True
70,105,541,607,66,True
73,119,541,607,66,True
74,109,541,633,92,True
77,116,541,633,92,True
82,105,541,607,66,True
97,101,541,607,66,True
98,97,541,607,66,True
0,111,542,622,80,True
1,104,542,622,80,True
2,125,542,680,138,True
10,111,542,628,86,True
22,111,542,628,86,True
30,123,542,680,138,True
31,107,542,628,86,True
33,113,542,622,80,True
46,112,542,628,86,True
52,96,542,,,False
55,111,542,675,133,True
62,81,542,675,133,True
67,118,542,607,65,True
72,106,542,607,65,True
87,97,542,607,65,True
90,106,542,607,65,True
91,112,542,607,65,True
95,103,542,607,65,True
97,102,542,607,65,True
0,112,543,622,79,True
2,126,543,680,137,True
3,122,543,657,114,True
7,108,543,680,137,True
8,123,543,633,90,True
13,118,543,680,137,True
26,101,543,657,114,True
36,113,543,657,114,True
53,84,543,675,132,True
64,102,543,607,64,True
66,120,543,675,132,True
73,120,543,607,64,True
76,112,543,607,64,True
77,117,543,633,90,True
81,80,543,633,90,True
84,113,543,675,132,True
89,92,543,633,90,True
90,107,543,607,64,True
92,104,543,675,132,True
94,111,543,607,64,True
23,112,544,628,84,True
24,112,544,680,136,True
30,124,544,680,136,True
34,105,544,680,136,True
35,112,544,680,136,True
37,102,544,657,113,True
43,109,544,628,84,True
47,100,544,633,89,True
50,109,544,607,63,True
51,107,544,607,63,True
55,112,544,675,131,True
59,114,544,675,131,True
69,110,544,607,63,True
71,111,544,633,89,True
73,121,544,607,63,True
86,114,544,607,63,True
88,123,544,633,89,True
97,103,544,607,63,True
99,109,544,736,192,True
0,113,545,622,77,True
8,124,545,633,88,True
10,112,545,680,135,True
14,119,545,622,77,True
23,113,545,628,83,True
30,125,545,680,135,True
37,103,545,657,112,True
42,112,545,628,83,True
45,109,545,680,135,True
47,101,545,633,88,True
56,101,545,607,62,True
61,110,545,622,77,True
71,112,545,633,88,True
72,107,545,607,62,True
75,105,545,633,88,True
77,118,545,633,88,True
95,104,545,607,62,True
97,104,545,607,62,True
99,110,545,736,191,True
6,103,546,683,137,True
10,113,546,680,134,True
20,98,546,622,76,True
23,114,546,628,82,True
34,106,546,680,134,True
39,113,546,680,134,True
51,108,546,607,61,True
55,113,546,675,129,True
56,102,546,633,87,True
64,103,546,607,61,True
68,113,546,607,61,True
72,108,546,607,61,True
84,114,546,675,129,True
87,98,546,633,87,True
92,105,546,675,129,True
94,112,546,607,61,True
95,105,546,607,61,True
0,114,547,622,75,True
6,104,547,683,136,True
9,106,547,680,133,True
13,119,547,680,133,True
18,93,547,680,133,True
20,99,547,622,75,True
21,118,547,633,86,True
24,113,547,680,133,True
30,126,547,680,133,True
32,101,547,657,110,True
38,101,547,680,133,True
43,110,547,680,133,True
46,113,547,628,81,True
48,110,547,680,133,True
49,112,547,683,136,True
51,109,547,607,60,True
52,97,547,,,False
56,103,547,633,86,True
63,121,547,675,128,True
65,120,547,622,75,True
76,113,547,607,60,True
84,115,547,675,128,True
85,97,547,633,86,True
89,93,547,633,86,True
93,115,547,736,189,True
95,106,547,607,60,True
96,98,547,695,148,True
98,98,547,607,60,True
1,105,548,633,85,True
3,123,548,657,109,True
5,121,548,680,132,True
6,105,548,683,135,True
13,120,548,680,132,True
14,120,548,622,74,True
24,114,548,680,132,True
51,110,548,607,59,True
58,103,548,633,85,True
63,122,548,675,127,True
64,104,548,622,74,True
67,119,548,633,85,True
68,114,548,607,59,True
86,115,548,642,94,True
90,108,548,633,85,True
94,113,548,607,59,True
95,107,548,607,59,True
99,111,548,736,188,True
0,115,549,633,84,True
1,106,549,633,84,True
5,122,549,680,131,True
9,107,549,680,131,True
12,95,549,628,79,True
13,121,549,680,131,True
14,121,549,622,73,True
22,112,549,680,131,True
25,109,549,680,131,True
29,100,549,622,73,True
31,108,549,680,131,True
35,113,549,680,131,True
39,114,549,680,131,True
40,119,549,680,131,True
42,113,549,657,108,True
44,118,549,657,108,True
45,110,549,680,131,True
49,113,549,683,134,True
52,98,549,,,False
54,120,549,675,126,True
65,121,549,622,73,True
70,106,549,607,58,True
80,108,549,607,58,True
81,81,549,633,84,True
85,98,549,633,84,True
90,109,549,633,84,True
97,105,549,607,58,True
4,126,550,657,107,True
5,123,550,680,130,True
7,109,550,680,130,True
12,96,550,628,78,True
13,122,550,680,130,True
18,94,550,680,130,True
19,93,550,680,130,True
20,100,550,622,72,True
24,115,550,680,130,True
29,101,550,622,72,True
30,127,550,680,130,True
48,111,550,680,130,True
51,111,550,607,57,True
53,85,550,675,125,True
55,114,550,675,125,True
58,104,550,633,83,True
65,122,550,622,72,True
69,111,550,633,83,True
72,109,550,622,72,True
76,114,550,607,57,True
83,110,550,675,125,True
88,124,550,633,83,True
90,110,550,633,83,True
95,108,550,607,57,True
3,124,551,657,106,True
12,97,551,628,77,True
19,94,551,680,129,True
38,102,551,680,129,True
41,112,551,657,106,True
56,104,551,633,82,True
57,87,551,622,71,True
63,123,551,675,124,True
77,119,551,633,82,True
92,106,551,675,124,True
95,109,551,607,56,True
98,99,551,607,56,True
7,110,552,680,128,True
11,104,552,633,81,True
12,98,552,628,76,True
22,113,552,680,128,True
25,110,552,680,128,True
29,102,552,633,81,True
33,114,552,622,70,True
36,114,552,683,131,True
39,115,552,680,128,True
42,114,552,657,105,True
43,111,552,680,128,True
47,102,552,633,81,True
52,99,552,,,False
56,105,552,633,81,True
59,115,552,675,123,True
67,120,552,633,81,True
71,113,552,736,184,True
76,115,552,607,55,True
77,120,552,633,81,True
80,109,552,607,55,True
85,99,552,633,81,True
93,116,552,736,184,True
95,110,552,607,55,True
97,106,552,675,123,True
0,116,553,633,80,True
5,124,553,680,127,True
15,107,553,680,127,True
17,92,553,680,127,True
18,95,553,680,127,True
28,116,553,683,130,True
34,107,553,680,127,True
35,114,553,680,127,True
39,116,553,680,127,True
42,115,553,657,104,True
45,111,553,680,127,True
52,100,553,,,False
60,113,553,633,80,True
65,123,553,622,69,True
67,121,553,633,80,True
74,110,553,675,122,True
79,115,553,633,80,True
80,110,553,607,54,True
82,106,553,675,122,True
89,94,553,736,183,True
95,111,553,607,54,True
0,117,554,633,79,True
6,106,554,683,129,True
11,105,554,633,79,True
36,115,554,683,129,True
41,113,554,657,103,True
46,114,554,628,74,True
51,112,554,607,53,True
60,114,554,633,79,True
61,111,554,622,68,True
67,122,554,675,121,True
69,112,554,633,79,True
81,82,554,633,79,True
85,100,554,633,79,True
87,99,554,633,79,True
92,107,554,675,121,True
97,107,554,675,121,True
98,100,554,607,53,True
12,99,555,628,73,True
14,122,555,622,67,True
27,108,555,680,125,True
30,128,555,680,125,True
31,109,555,680,125,True
39,117,555,680,125,True
51,113,555,607,52,True
52,101,555,,,False
54,121,555,675,120,True
56,106,555,633,78,True
76,116,555,675,120,True
81,83,555,633,78,True
84,116,555,675,120,True
85,101,555,633,78,True
89,95,555,736,181,True
95,112,555,607,52,True
97,108,555,675,120,True
98,101,555,607,52,True
3,125,556,680,124,True
6,107,556,683,127,True
13,123,556,680,124,True
25,111,556,680,124,True
26,102,556,657,101,True
28,117,556,683,127,True
31,110,556,680,124,True
32,102,556,657,101,True
38,103,556,680,124,True
39,118,556,680,124,True
40,120,556,680,124,True
50,110,556,622,66,True
54,122,556,675,119,True
64,105,556,622,66,True
65,124,556,622,66,True
68,115,556,675,119,True
76,117,556,675,119,True
82,107,556,675,119,True
89,96,556,736,180,True
93,117,556,736,180,True
95,113,556,607,51,True
8,125,557,633,76,True
21,119,557,633,76,True
24,116,557,680,123,True
26,103,557,657,100,True
28,118,557,683,126,True
39,119,557,680,123,True
43,112,557,680,123,True
47,103,557,633,76,True
52,102,557,,,False
55,115,557,675,118,True
59,116,557,675,118,True
62,82,557,675,118,True
65,125,557,622,65,True
72,110,557,622,65,True
74,111,557,675,118,True
75,106,557,633,76,True
79,116,557,633,76,True
80,111,557,675,118,True
90,111,557,675,118,True
7,111,558,680,122,True
11,106,558,633,75,True
12,100,558,657,99,True
15,108,558,680,122,True
19,95,558,680,122,True
22,114,558,680,122,True
24,117,558,680,122,True
28,119,558,683,125,True
33,115,558,683,125,True
35,115,558,680,122,True
37,104,558,657,99,True
44,119,558,683,125,True
48,112,558,680,122,True
53,86,558,675,117,True
61,112,558,622,64,True
62,83,558,675,117,True
63,124,558,695,137,True
65,126,558,622,64,True
74,112,558,675,117,True
76,118,558,675,117,True
78,121,558,675,117,True
82,108,558,675,117,True
86,116,558,642,84,True
87,100,558,633,75,True
88,125,558,633,75,True
90,112,558,675,117,True
97,109,558,675,117,True
98,102,558,607,49,True
99,112,558,736,178,True
1,107,559,657,98,True
2,127,559,680,121,True
3,126,559,680,121,True
9,108,559,680,121,True
12,101,559,657,98,True
19,96,559,680,121,True
23,115,559,657,98,True
25,112,559,680,121,True
36,116,559,683,124,True
42,116,559,657,98,True
43,113,559,680,121,True
50,111,559,622,63,True
51,114,559,675,116,True
54,123,559,675,116,True
55,116,559,675,116,True
65,127,559,622,63,True
74,113,559,675,116,True
75,107,559,633,74,True
76,119,559,675,116,True
87,101,559,642,83,True
95,114,559,607,48,True
10,114,560,680,120,True
14,123,560,633,73,True
18,96,560,680,120,True
28,120,560,683,123,True
29,103,560,633,73,True
43,114,560,680,120,True
48,113,560,680,120,True
50,112,560,622,62,True
51,115,560,675,115,True
63,125,560,695,135,True
67,123,560,675,115,True
68,116,560,675,115,True
70,107,560,607,47,True
73,122,560,642,82,True
96,99,560,695,135,True
0,118,561,633,72,True
4,127,561,657,96,True
10,115,561,683,122,True
13,124,561,680,119,True
15,109,561,680,119,True
18,97,561,680,119,True
28,121,561,683,122,True
29,104,561,633,72,True
45,112,561,680,119,True
51,116,561,675,114,True
56,107,561,736,175,True
57,88,561,633,72,True
62,84,561,675,114,True
65,128,561,622,61,True
70,108,561,622,61,True
72,111,561,622,61,True
73,123,561,642,81,True
76,120,561,675,114,True
0,119,562,633,71,True
2,128,562,680,118,True
9,109,562,680,118,True
12,102,562,657,95,True
19,97,562,680,118,True
28,122,562,683,121,True
40,121,562,680,118,True
42,117,562,657,95,True
52,103,562,,,False
61,113,562,622,60,True
68,117,562,675,113,True
73,124,562,642,80,True
89,97,562,736,174,True
94,114,562,695,133,True
95,115,562,607,45,True
1,108,563,657,94,True
8,126,563,657,94,True
10,116,563,683,120,True
15,110,563,680,117,True
27,109,563,680,117,True
31,111,563,680,117,True
39,120,563,680,117,True
43,115,563,680,117,True
61,114,563,628,65,True
65,129,563,642,79,True
67,124,563,675,112,True
69,113,563,675,112,True
72,112,563,622,59,True
75,108,563,633,70,True
87,102,563,642,79,True
88,126,563,675,112,True
96,100,563,695,132,True
1,109,564,657,93,True
5,125,564,680,116,True
16,119,564,683,119,True
18,98,564,680,116,True
19,98,564,680,116,True
24,118,564,680,116,True
31,112,564,680,116,True
40,122,564,680,116,True
53,87,564,695,131,True
54,124,564,675,111,True
57,89,564,633,69,True
58,105,564,633,69,True
64,106,564,633,69,True
65,130,564,642,78,True
70,109,564,622,58,True
76,121,564,675,111,True
78,122,564,675,111,True
81,84,564,675,111,True
91,113,564,695,131,True
97,110,564,675,111,True
1,110,565,657,92,True
4,128,565,680,115,True
7,112,565,680,115,True
11,107,565,657,92,True
13,125,565,680,115,True
17,93,565,680,115,True
22,115,565,680,115,True
25,113,565,680,115,True
29,105,565,633,68,True
35,116,565,680,115,True
36,117,565,683,118,True
37,105,565,657,92,True
38,104,565,680,115,True
39,121,565,680,115,True
41,114,565,657,92,True
42,118,565,657,92,True
48,114,565,680,115,True
50,113,565,642,77,True
55,117,565,695,130,True
56,108,565,736,171,True
58,106,565,633,68,True
59,117,565,675,110,True
70,110,565,622,57,True
75,109,565,633,68,True
81,85,565,675,110,True
84,117,565,675,110,True
86,117,565,642,77,True
87,103,565,642,77,True
89,98,565,736,171,True
91,114,565,695,130,True
93,118,565,736,171,True
6,108,566,683,117,True
7,113,566,680,114,True
9,110,566,680,114,True
13,126,566,680,114,True
19,99,566,680,114,True
23,116,566,683,117,True
26,104,566,657,91,True
32,103,566,683,117,True
39,122,566,680,114,True
54,125,566,675,109,True
55,118,566,695,129,True
57,90,566,633,67,True
58,107,566,633,67,True
69,114,566,675,109,True
80,112,566,675,109,True
10,117,567,683,116,True
11,108,567,657,90,True
18,99,567,680,113,True
22,116,567,680,113,True
25,114,567,680,113,True
26,105,567,657,90,True
28,123,567,683,116,True
39,123,567,680,113,True
40,123,567,683,116,True
48,115,567,680,113,True
59,118,567,675,108,True
64,107,567,633,66,True
66,121,567,695,128,True
79,117,567,633,66,True
81,86,567,675,108,True
89,99,567,736,169,True
93,119,567,736,169,True
95,116,567,675,108,True
2,129,568,680,112,True
3,127,568,680,112,True
12,103,568,657,89,True
16,120,568,683,115,True
21,120,568,657,89,True
22,117,568,680,112,True
23,117,568,683,115,True
24,119,568,680,112,True
33,116,568,683,115,True
35,117,568,680,112,True
37,106,568,683,115,True
38,105,568,680,112,True
39,124,568,680,112,True
42,119,568,680,112,True
48,116,568,680,112,True
52,104,568,,,False
64,108,568,633,65,True
80,113,568,675,107,True
82,109,568,675,107,True
85,102,568,633,65,True
88,127,568,675,107,True
90,113,568,695,127,True
95,117,568,675,107,True
5,126,569,683,114,True
12,104,569,657,88,True
27,110,569,680,111,True
28,124,569,683,114,True
35,118,569,680,111,True
36,118,569,683,114,True
41,115,569,657,88,True
44,120,569,683,114,True
45,113,569,680,111,True
57,91,569,633,64,True
63,126,569,695,126,True
72,113,569,633,64,True
80,114,569,675,106,True
88,128,569,675,106,True
92,108,569,695,126,True
0,120,570,657,87,True
2,130,570,680,110,True
3,128,570,680,110,True
12,105,570,657,87,True
14,124,570,633,63,True
15,111,570,680,110,True
17,94,570,683,113,True
19,100,570,680,110,True
20,101,570,680,110,True
22,118,570,680,110,True
27,111,570,680,110,True
34,108,570,680,110,True
37,107,570,683,113,True
39,125,570,683,113,True
42,120,570,680,110,True
46,115,570,680,110,True
47,104,570,683,113,True
55,119,570,695,125,True
61,115,570,628,58,True
62,85,570,695,125,True
71,114,570,736,166,True
74,114,570,736,166,True
91,115,570,695,125,True
4,129,571,680,109,True
9,111,571,680,109,True
16,121,571,683,112,True
17,95,571,683,112,True
25,115,571,680,109,True
34,109,571,680,109,True
43,116,571,680,109,True
52,105,571,,,False
74,115,571,736,165,True
82,110,571,675,104,True
85,103,571,633,62,True
87,104,571,642,71,True
89,100,571,736,165,True
90,114,571,695,124,True
91,116,571,695,124,True
92,109,571,695,124,True
4,130,572,680,108,True
5,127,572,683,111,True
14,125,572,633,61,True
15,112,572,680,108,True
17,96,572,683,111,True
23,118,572,683,111,True
29,106,572,683,111,True
38,106,572,683,111,True
44,121,572,683,111,True
49,114,572,683,111,True
56,109,572,736,164,True
70,111,572,675,103,True
74,116,572,736,164,True
77,121,572,675,103,True
78,123,572,736,164,True
89,101,572,736,164,True
92,110,572,695,123,True
99,113,572,736,164,True
1,111,573,657,84,True
12,106,573,683,110,True
13,127,573,680,107,True
15,113,573,680,107,True
16,122,573,683,110,True
21,121,573,657,84,True
23,119,573,683,110,True
29,107,573,683,110,True
43,117,573,680,107,True
61,116,573,633,60,True
65,131,573,642,69,True
68,118,573,675,102,True
73,125,573,642,69,True
74,117,573,736,163,True
75,110,573,642,69,True
77,122,573,675,102,True
80,115,573,675,102,True
84,118,573,675,102,True
85,104,573,642,69,True
86,118,573,642,69,True
89,102,573,736,163,True
96,101,573,736,163,True
0,121,574,657,83,True
16,123,574,683,109,True
19,101,574,683,109,True
20,102,574,680,106,True
38,107,574,683,109,True
40,124,574,683,109,True
41,116,574,683,109,True
42,121,574,683,109,True
44,122,574,683,109,True
45,114,574,680,106,True
49,115,574,683,109,True
52,106,574,,,False
57,92,574,633,59,True
69,115,574,675,101,True
73,126,574,736,162,True
74,118,574,736,162,True
84,119,574,675,101,True
88,129,574,675,101,True
89,103,574,736,162,True
95,118,574,675,101,True
99,114,574,736,162,True
4,131,575,683,108,True
6,109,575,683,108,True
9,112,575,683,108,True
12,107,575,683,108,True
20,103,575,680,105,True
42,122,575,683,108,True
46,116,575,680,105,True
47,105,575,683,108,True
49,116,575,683,108,True
58,108,575,675,100,True
63,127,575,695,120,True
69,116,575,675,100,True
76,122,575,675,100,True
83,111,575,695,120,True
86,119,575,642,67,True
91,117,575,695,120,True
94,115,575,695,120,True
3,129,576,683,107,True
7,114,576,680,104,True
11,109,576,657,81,True
14,126,576,657,81,True
17,97,576,683,107,True
35,119,576,680,104,True
37,108,576,683,107,True
43,118,576,680,104,True
50,114,576,675,99,True
51,117,576,675,99,True
68,119,576,675,99,True
79,118,576,675,99,True
80,116,576,675,99,True
81,87,576,675,99,True
85,105,576,675,99,True
92,111,576,695,119,True
4,132,577,683,106,True
15,114,577,680,103,True
18,100,577,683,106,True
20,104,577,680,103,True
21,122,577,657,80,True
28,125,577,683,106,True
32,104,577,683,106,True
36,119,577,683,106,True
48,117,577,683,106,True
51,118,577,675,98,True
52,107,577,,,False
53,88,577,695,118,True
54,126,577,675,98,True
55,120,577,695,118,True
58,109,577,675,98,True
68,120,577,675,98,True
69,117,577,675,98,True
71,115,577,736,159,True
74,119,577,736,159,True
82,111,577,695,118,True
85,106,577,675,98,True
87,105,577,675,98,True
88,130,577,736,159,True
13,128,578,680,102,True
17,98,578,683,105,True
30,129,578,680,102,True
31,113,578,680,102,True
38,108,578,683,105,True
39,126,578,683,105,True
40,125,578,683,105,True
44,123,578,683,105,True
47,106,578,683,105,True
49,117,578,683,105,True
68,121,578,675,97,True
80,117,578,675,97,True
82,112,578,695,117,True
87,106,578,675,97,True
88,131,578,736,158,True
89,104,578,736,158,True
94,116,578,695,117,True
98,103,578,675,97,True
3,130,579,683,104,True
6,110,579,683,104,True
12,108,579,683,104,True
21,123,579,683,104,True
22,119,579,683,104,True
24,120,579,683,104,True
30,130,579,680,101,True
33,117,579,683,104,True
35,120,579,680,101,True
40,126,579,683,104,True
42,123,579,683,104,True
45,115,579,680,101,True
54,127,579,675,96,True
56,110,579,736,157,True
59,119,579,736,157,True
65,132,579,642,63,True
68,122,579,695,116,True
73,127,579,736,157,True
75,111,579,736,157,True
77,123,579,675,96,True
87,107,579,675,96,True
88,132,579,736,157,True
90,115,579,695,116,True
97,111,579,675,96,True
0,122,580,657,77,True
1,112,580,657,77,True
15,115,580,680,100,True
17,99,580,683,103,True
19,102,580,683,103,True
25,116,580,683,103,True
36,120,580,683,103,True
40,127,580,683,103,True
41,117,580,683,103,True
42,124,580,683,103,True
43,119,580,683,103,True
47,107,580,683,103,True
56,111,580,736,156,True
61,117,580,657,77,True
65,133,580,642,62,True
69,118,580,736,156,True
72,114,580,642,62,True
76,123,580,675,95,True
86,120,580,642,62,True
91,118,580,695,115,True
7,115,581,692,111,True
9,113,581,683,102,True
12,109,581,683,102,True
17,100,581,683,102,True
19,103,581,683,102,True
29,108,581,683,102,True
35,121,581,680,99,True
40,128,581,683,102,True
48,118,581,683,102,True
60,115,581,736,155,True
68,123,581,695,114,True
73,128,581,736,155,True
83,112,581,695,114,True
86,121,581,642,61,True
89,105,581,736,155,True
96,102,581,736,155,True
97,112,581,675,94,True
4,133,582,683,101,True
5,128,582,683,101,True
9,114,582,683,101,True
15,116,582,680,98,True
17,101,582,683,101,True
19,104,582,683,101,True
23,120,582,683,101,True
26,106,582,683,101,True
29,109,582,683,101,True
43,120,582,683,101,True
44,124,582,683,101,True
48,119,582,683,101,True
49,118,582,683,101,True
52,108,582,,,False
62,86,582,695,113,True
71,116,582,736,154,True
72,115,582,642,60,True
73,129,582,736,154,True
78,124,582,736,154,True
79,119,582,675,93,True
80,118,582,675,93,True
85,107,582,675,93,True
90,116,582,695,113,True
95,119,582,675,93,True
96,103,582,736,154,True
97,113,582,675,93,True
3,131,583,683,100,True
16,124,583,683,100,True
20,105,583,680,97,True
35,122,583,680,97,True
61,118,583,657,74,True
69,119,583,736,153,True
72,116,583,642,59,True
73,130,583,736,153,True
86,122,583,675,92,True
90,117,583,695,112,True
95,120,583,675,92,True
98,104,583,675,92,True
1,113,584,657,73,True
2,131,584,692,108,True
5,129,584,683,99,True
6,111,584,683,99,True
9,115,584,683,99,True
12,110,584,683,99,True
15,117,584,695,111,True
21,124,584,683,99,True
32,105,584,683,99,True
35,123,584,680,96,True
51,119,584,675,91,True
61,119,584,657,73,True
64,109,584,680,96,True
73,131,584,736,152,True
76,124,584,675,91,True
77,124,584,736,152,True
82,113,584,695,111,True
89,106,584,736,152,True
92,112,584,695,111,True
94,117,584,695,111,True
95,121,584,675,91,True
5,130,585,683,98,True
7,116,585,692,107,True
14,127,585,657,72,True
20,106,585,680,95,True
25,117,585,683,98,True
29,110,585,683,98,True
30,131,585,683,98,True
31,114,585,683,98,True
54,128,585,736,151,True
64,110,585,680,95,True
70,112,585,675,90,True
71,117,585,736,151,True
77,125,585,736,151,True
78,125,585,736,151,True
79,120,585,675,90,True
80,119,585,675,90,True
81,88,585,675,90,True
83,113,585,695,110,True
84,120,585,736,151,True
98,105,585,675,90,True
99,115,585,736,151,True
1,114,586,683,97,True
11,110,586,683,97,True
13,129,586,683,97,True
17,102,586,683,97,True
18,101,586,683,97,True
20,107,586,680,94,True
21,125,586,683,97,True
25,118,586,683,97,True
35,124,586,680,94,True
39,127,586,683,97,True
40,129,586,683,97,True
49,119,586,683,97,True
62,87,586,695,109,True
66,122,586,695,109,True
76,125,586,675,89,True
77,126,586,736,150,True
82,114,586,695,109,True
84,121,586,736,150,True
89,107,586,736,150,True
92,113,586,695,109,True
93,120,586,736,150,True
98,106,586,675,89,True
2,132,587,692,105,True
7,117,587,692,105,True
13,130,587,683,96,True
14,128,587,683,96,True
15,118,587,695,108,True
36,121,587,683,96,True
42,125,587,683,96,True
45,116,587,680,93,True
46,117,587,683,96,True
56,112,587,736,149,True
58,110,587,675,88,True
59,120,587,736,149,True
62,88,587,695,108,True
64,111,587,680,93,True
68,124,587,695,108,True
69,120,587,736,149,True
70,113,587,736,149,True
71,118,587,736,149,True
77,127,587,736,149,True
87,108,587,675,88,True
94,118,587,695,108,True
6,112,588,683,95,True
9,116,588,683,95,True
16,125,588,683,95,True
17,103,588,683,95,True
19,105,588,683,95,True
20,108,588,680,92,True
25,119,588,683,95,True
26,107,588,683,95,True
32,106,588,683,95,True
36,122,588,683,95,True
53,89,588,695,107,True
54,129,588,736,148,True
59,121,588,736,148,True
60,116,588,736,148,True
70,114,588,736,148,True
74,120,588,736,148,True
82,115,588,695,107,True
91,119,588,695,107,True
6,113,589,683,94,True
11,111,589,683,94,True
13,131,589,683,94,True
15,119,589,695,106,True
23,121,589,683,94,True
29,111,589,683,94,True
30,132,589,683,94,True
39,128,589,683,94,True
49,120,589,683,94,True
57,93,589,675,86,True
58,111,589,675,86,True
70,115,589,736,147,True
74,121,589,736,147,True
78,126,589,736,147,True
85,108,589,675,86,True
88,133,589,736,147,True
90,118,589,695,106,True
96,104,589,736,147,True
99,116,589,736,147,True
1,115,590,683,93,True
6,114,590,683,93,True
17,104,590,683,93,True
18,102,590,683,93,True
19,106,590,683,93,True
24,121,590,683,93,True
25,120,590,683,93,True
30,133,590,683,93,True
36,123,590,683,93,True
41,118,590,683,93,True
42,126,590,683,93,True
44,125,590,683,93,True
47,108,590,683,93,True
55,121,590,736,146,True
58,112,590,736,146,True
62,89,590,736,146,True
63,128,590,695,105,True
66,123,590,695,105,True
71,119,590,736,146,True
72,117,590,675,85,True
83,114,590,695,105,True
86,123,590,675,85,True
87,109,590,675,85,True
88,134,590,736,146,True
89,108,590,736,146,True
93,121,590,736,146,True
94,119,590,695,105,True
5,131,591,683,92,True
6,115,591,683,92,True
8,127,591,683,92,True
11,112,591,683,92,True
18,103,591,683,92,True
20,109,591,680,89,True
22,120,591,683,92,True
24,122,591,683,92,True
29,112,591,683,92,True
53,90,591,695,104,True
54,130,591,736,145,True
57,94,591,675,84,True
68,125,591,695,104,True
72,118,591,675,84,True
74,122,591,736,145,True
77,128,591,736,145,True
80,120,591,695,104,True
84,122,591,736,145,True
88,135,591,736,145,True
91,120,591,695,104,True
5,132,592,683,91,True
7,118,592,692,100,True
8,128,592,683,91,True
12,111,592,683,91,True
16,126,592,683,91,True
28,126,592,683,91,True
29,113,592,683,91,True
41,119,592,683,91,True
50,115,592,675,83,True
53,91,592,695,103,True
56,113,592,736,144,True
60,117,592,736,144,True
62,90,592,736,144,True
63,129,592,695,103,True
64,112,592,680,88,True
75,112,592,736,144,True
78,127,592,736,144,True
86,124,592,675,83,True
96,105,592,736,144,True
97,114,592,695,103,True
0,123,593,683,90,True
2,133,593,692,99,True
3,132,593,683,90,True
8,129,593,683,90,True
11,113,593,683,90,True
13,132,593,683,90,True
16,127,593,683,90,True
26,108,593,683,90,True
54,131,593,736,143,True
56,114,593,736,143,True
60,118,593,736,143,True
62,91,593,736,143,True
64,113,593,680,87,True
67,125,593,736,143,True
70,116,593,736,143,True
73,132,593,736,143,True
76,126,593,675,82,True
87,110,593,736,143,True
97,115,593,695,102,True
2,134,594,692,98,True
5,133,594,683,89,True
14,129,594,683,89,True
19,107,594,683,89,True
24,123,594,683,89,True
29,114,594,683,89,True
33,118,594,683,89,True
45,117,594,680,86,True
49,121,594,683,89,True
51,120,594,695,101,True
57,95,594,675,81,True
63,130,594,695,101,True
65,134,594,675,81,True
70,117,594,736,142,True
77,129,594,736,142,True
79,121,594,675,81,True
80,121,594,695,101,True
85,109,594,736,142,True
98,107,594,675,81,True
99,117,594,736,142,True
9,117,595,683,88,True
12,112,595,683,88,True
13,133,595,683,88,True
29,115,595,683,88,True
30,134,595,683,88,True
31,115,595,683,88,True
36,124,595,683,88,True
38,109,595,683,88,True
40,130,595,683,88,True
44,126,595,683,88,True
49,122,595,683,88,True
50,116,595,675,80,True
53,92,595,695,100,True
54,132,595,736,141,True
65,135,595,675,80,True
66,124,595,736,141,True
67,126,595,736,141,True
75,113,595,736,141,True
81,89,595,736,141,True
83,115,595,695,100,True
0,124,596,683,87,True
5,134,596,683,87,True
6,116,596,683,87,True
12,113,596,683,87,True
18,104,596,683,87,True
19,108,596,683,87,True
20,110,596,680,84,True
24,124,596,683,87,True
28,127,596,683,87,True
30,135,596,683,87,True
33,119,596,683,87,True
37,109,596,683,87,True
44,127,596,683,87,True
48,120,596,683,87,True
50,117,596,675,79,True
51,121,596,695,99,True
55,122,596,736,140,True
75,114,596,736,140,True
83,116,596,695,99,True
85,110,596,736,140,True
92,114,596,736,140,True
94,120,596,695,99,True
99,118,596,736,140,True
1,116,597,683,86,True
15,120,597,695,98,True
20,111,597,680,83,True
25,121,597,683,86,True
26,109,597,683,86,True
29,116,597,683,86,True
35,125,597,683,86,True
47,109,597,683,86,True
52,109,597,,,False
53,93,597,695,98,True
54,133,597,736,139,True
61,120,597,675,78,True
73,133,597,736,139,True
74,123,597,736,139,True
80,122,597,695,98,True
84,123,597,736,139,True
85,111,597,736,139,True
92,115,597,736,139,True
95,122,597,695,98,True
20,112,598,680,82,True
21,126,598,683,85,True
23,122,598,683,85,True
29,117,598,683,85,True
39,129,598,683,85,True
50,118,598,736,138,True
52,110,598,,,False
67,127,598,736,138,True
71,120,598,736,138,True
75,115,598,736,138,True
77,130,598,736,138,True
87,111,598,736,138,True
97,116,598,695,97,True
4,134,599,683,84,True
15,121,599,695,96,True
17,105,599,692,93,True
20,113,599,680,81,True
22,121,599,683,84,True
28,128,599,683,84,True
30,136,599,683,84,True
46,118,599,683,84,True
47,110,599,683,84,True
50,119,599,736,137,True
56,115,599,736,137,True
57,96,599,675,76,True
72,119,599,675,76,True
73,134,599,736,137,True
75,116,599,736,137,True
90,119,599,736,137,True
98,108,599,675,76,True
99,119,599,736,137,True
1,117,600,683,83,True
25,122,600,683,83,True
27,112,600,683,83,True
31,116,600,683,83,True
33,120,600,683,83,True
36,125,600,683,83,True
39,130,600,683,83,True
42,127,600,683,83,True
43,121,600,692,92,True
44,128,600,683,83,True
48,121,600,683,83,True
50,120,600,736,136,True
52,111,600,,,False
54,134,600,736,136,True
55,123,600,736,136,True
57,97,600,680,80,True
58,113,600,736,136,True
63,131,600,736,136,True
65,136,600,675,75,True
66,125,600,736,136,True
69,121,600,736,136,True
71,121,600,736,136,True
78,128,600,736,136,True
81,90,600,736,136,True
82,116,600,736,136,True
83,117,600,695,95,True
88,136,600,736,136,True
90,120,600,736,136,True
5,135,601,683,82,True
8,130,601,683,82,True
12,114,601,683,82,True
15,122,601,695,94,True
23,123,601,683,82,True
24,125,601,683,82,True
28,129,601,683,82,True
29,118,601,683,82,True
36,126,601,683,82,True
39,131,601,683,82,True
42,128,601,683,82,True
44,129,601,683,82,True
48,122,601,683,82,True
56,116,601,736,135,True
61,121,601,695,94,True
65,137,601,675,74,True
67,128,601,736,135,True
75,117,601,736,135,True
76,127,601,736,135,True
77,131,601,736,135,True
79,122,601,675,74,True
86,125,601,675,74,True
87,112,601,736,135,True
91,121,601,695,94,True
93,122,601,736,135,True
97,117,601,695,94,True
0,125,602,683,81,True
3,133,602,683,81,True
9,118,602,683,81,True
16,128,602,683,81,True
19,109,602,683,81,True
20,114,602,680,78,True
30,137,602,683,81,True
35,126,602,683,81,True
37,110,602,683,81,True
41,120,602,683,81,True
42,129,602,683,81,True
45,118,602,683,81,True
48,123,602,683,81,True
56,117,602,736,134,True
61,122,602,695,93,True
62,92,602,736,134,True
66,126,602,736,134,True
69,122,602,736,134,True
71,122,602,736,134,True
86,126,602,675,73,True
95,123,602,695,93,True
2,135,603,692,89,True
9,119,603,683,80,True
10,118,603,683,80,True
15,123,603,695,92,True
25,123,603,683,80,True
26,110,603,683,80,True
28,130,603,683,80,True
30,138,603,683,80,True
40,131,603,683,80,True
42,130,603,683,80,True
46,119,603,683,80,True
57,98,603,680,77,True
58,114,603,736,133,True
59,122,603,736,133,True
61,123,603,695,92,True
82,117,603,736,133,True
96,106,603,736,133,True
98,109,603,675,72,True
1,118,604,683,79,True
3,134,604,683,79,True
7,119,604,692,88,True
9,120,604,683,79,True
12,115,604,683,79,True
16,129,604,683,79,True
19,110,604,683,79,True
21,127,604,683,79,True
23,124,604,683,79,True
27,113,604,683,79,True
36,127,604,683,79,True
41,121,604,683,79,True
43,122,604,692,88,True
46,120,604,683,79,True
50,121,604,736,132,True
53,94,604,736,132,True
67,129,604,736,132,True
70,118,604,736,132,True
84,124,604,736,132,True
85,112,604,736,132,True
94,121,604,695,91,True
95,124,604,695,91,True
11,114,605,683,78,True
19,111,605,683,78,True
28,131,605,692,87,True
31,117,605,683,78,True
35,127,605,683,78,True
39,132,605,683,78,True
43,123,605,692,87,True
54,135,605,736,131,True
64,114,605,680,75,True
67,130,605,736,131,True
70,119,605,736,131,True
79,123,605,675,70,True
80,123,605,695,90,True
85,113,605,736,131,True
90,121,605,736,131,True
97,118,605,695,90,True
7,120,606,692,86,True
10,119,606,683,77,True
13,134,606,683,77,True
15,124,606,695,89,True
17,106,606,692,86,True
20,115,606,680,74,True
26,111,606,683,77,True
28,132,606,692,86,True
29,119,606,683,77,True
37,111,606,683,77,True
42,131,606,683,77,True
43,124,606,692,86,True
44,130,606,683,77,True
46,121,606,683,77,True
47,111,606,683,77,True
48,124,606,683,77,True
49,123,606,683,77,True
52,112,606,,,False
71,123,606,736,130,True
73,135,606,736,130,True
78,129,606,736,130,True
85,114,606,736,130,True
87,113,606,736,130,True
90,122,606,736,130,True
96,107,606,736,130,True
11,115,607,683,76,True
13,135,607,683,76,True
15,125,607,695,88,True
18,105,607,683,76,True
30,139,607,683,76,True
33,121,607,683,76,True
41,122,607,683,76,True
51,122,607,695,88,True
60,119,607,736,129,True
68,126,607,695,88,True
76,128,607,736,129,True
78,130,607,736,129,True
82,118,607,736,129,True
84,125,607,736,129,True
91,122,607,695,88,True
92,116,607,736,129,True
93,123,607,736,129,True
4,135,608,683,75,True
5,136,608,683,75,True
15,126,608,695,87,True
25,124,608,683,75,True
27,114,608,683,75,True
29,120,608,683,75,True
34,110,608,695,87,True
36,128,608,683,75,True
41,123,608,683,75,True
47,112,608,683,75,True
62,93,608,736,128,True
65,138,608,675,67,True
66,127,608,736,128,True
69,123,608,736,128,True
76,129,608,736,128,True
79,124,608,736,128,True
89,109,608,736,128,True
97,119,608,695,87,True
7,121,609,692,83,True
12,116,609,683,74,True
17,107,609,692,83,True
19,112,609,683,74,True
25,125,609,683,74,True
26,112,609,683,74,True
39,133,609,683,74,True
46,122,609,683,74,True
52,113,609,,,False
69,124,609,736,127,True
73,136,609,736,127,True
76,130,609,736,127,True
85,115,609,736,127,True
98,110,609,695,86,True
3,135,610,683,73,True
4,136,610,683,73,True
5,137,610,683,73,True
7,122,610,692,82,True
24,126,610,683,73,True
26,113,610,683,73,True
29,121,610,683,73,True
42,132,610,683,73,True
50,122,610,736,126,True
53,95,610,736,126,True
55,124,610,736,126,True
63,132,610,736,126,True
69,125,610,736,126,True
76,131,610,736,126,True
77,132,610,736,126,True
3,136,611,683,72,True
11,116,611,683,72,True
25,126,611,683,72,True
28,133,611,692,81,True
29,122,611,683,72,True
34,111,611,695,84,True
40,132,611,683,72,True
51,123,611,695,84,True
52,114,611,,,False
56,118,611,736,125,True
58,115,611,736,125,True
59,123,611,736,125,True
60,120,611,736,125,True
65,139,611,675,64,True
70,120,611,736,125,True
77,133,611,736,125,True
80,124,611,695,84,True
82,119,611,736,125,True
89,110,611,736,125,True
93,124,611,736,125,True
95,125,611,695,84,True
16,130,612,683,71,True
19,113,612,692,80,True
20,116,612,695,83,True
27,115,612,683,71,True
29,123,612,683,71,True
46,123,612,683,71,True
51,124,612,695,83,True
54,136,612,736,124,True
55,125,612,736,124,True
64,115,612,680,68,True
74,124,612,736,124,True
79,125,612,736,124,True
80,125,612,695,83,True
84,126,612,736,124,True
88,137,612,736,124,True
94,122,612,695,83,True
99,120,612,736,124,True
10,120,613,692,79,True
15,127,613,695,82,True
33,122,613,683,70,True
35,128,613,683,70,True
36,129,613,683,70,True
38,110,613,683,70,True
41,124,613,683,70,True
44,131,613,801,188,True
52,115,613,,,False
54,137,613,736,123,True
58,116,613,736,123,True
67,131,613,736,123,True
69,126,613,736,123,True
73,137,613,736,123,True
76,132,613,736,123,True
85,116,613,736,123,True
88,138,613,736,123,True
96,108,613,736,123,True
1,119,614,683,69,True
2,136,614,692,78,True
6,117,614,801,187,True
13,136,614,683,69,True
16,131,614,683,69,True
22,122,614,692,78,True
29,124,614,683,69,True
42,133,614,683,69,True
48,125,614,692,78,True
52,116,614,,,False
55,126,614,736,122,True
62,94,614,736,122,True
63,133,614,736,122,True
64,116,614,680,66,True
65,140,614,736,122,True
66,128,614,736,122,True
74,125,614,736,122,True
94,123,614,695,81,True
95,126,614,695,81,True
1,120,615,683,68,True
19,114,615,692,77,True
22,123,615,692,77,True
34,112,615,695,80,True
37,112,615,683,68,True
39,134,615,683,68,True
41,125,615,683,68,True
46,124,615,683,68,True
48,126,615,692,77,True
52,117,615,,,False
54,138,615,736,121,True
55,127,615,736,121,True
70,121,615,736,121,True
88,139,615,736,121,True
91,123,615,736,121,True
92,117,615,736,121,True
96,109,615,736,121,True
3,137,616,683,67,True
6,118,616,801,185,True
15,128,616,695,79,True
16,132,616,683,67,True
18,106,616,683,67,True
29,125,616,683,67,True
37,113,616,683,67,True
38,111,616,683,67,True
41,126,616,683,67,True
46,125,616,683,67,True
49,124,616,683,67,True
51,125,616,695,79,True
58,117,616,736,120,True
81,91,616,736,120,True
83,118,616,736,120,True
90,123,616,736,120,True
93,125,616,736,120,True
94,124,616,695,79,True
95,127,616,695,79,True
98,111,616,695,79,True
4,137,617,683,66,True
8,131,617,683,66,True
9,121,617,692,75,True
13,137,617,801,184,True
18,107,617,683,66,True
19,115,617,692,75,True
25,127,617,683,66,True
27,116,617,683,66,True
32,107,617,801,184,True
33,123,617,683,66,True
34,113,617,695,78,True
35,129,617,801,184,True
39,135,617,683,66,True
59,124,617,736,119,True
63,134,617,736,119,True
71,124,617,736,119,True
73,138,617,736,119,True
84,127,617,736,119,True
98,112,617,695,78,True
15,129,618,695,77,True
19,116,618,692,74,True
23,125,618,683,65,True
35,130,618,801,183,True
36,130,618,801,183,True
38,112,618,683,65,True
58,118,618,736,118,True
59,125,618,736,118,True
67,132,618,736,118,True
70,122,618,736,118,True
71,125,618,736,118,True
74,126,618,736,118,True
77,134,618,736,118,True
79,126,618,736,118,True
81,92,618,736,118,True
86,127,618,736,118,True
87,114,618,736,118,True
89,111,618,765,147,True
9,122,619,692,73,True
12,117,619,683,64,True
14,130,619,683,64,True
15,130,619,695,76,True
17,108,619,692,73,True
19,117,619,692,73,True
34,114,619,695,76,True
38,113,619,683,64,True
39,136,619,683,64,True
42,134,619,692,73,True
45,119,619,695,76,True
50,123,619,736,117,True
52,118,619,,,False
54,139,619,736,117,True
56,119,619,736,117,True
62,95,619,736,117,True
66,129,619,736,117,True
70,123,619,736,117,True
72,120,619,680,61,True
75,118,619,736,117,True
76,133,619,736,117,True
84,128,619,736,117,True
86,128,619,736,117,True
98,113,619,695,76,True
3,138,620,801,181,True
17,109,620,692,72,True
18,108,620,683,63,True
20,117,620,695,75,True
25,128,620,683,63,True
28,134,620,692,72,True
31,118,620,683,63,True
34,115,620,695,75,True
35,131,620,801,181,True
41,127,620,683,63,True
43,125,620,801,181,True
47,113,620,683,63,True
54,140,620,736,116,True
55,128,620,736,116,True
56,120,620,736,116,True
72,121,620,680,60,True
76,134,620,736,116,True
92,118,620,736,116,True
2,137,621,801,180,True
6,119,621,801,180,True
11,117,621,683,62,True
13,138,621,801,180,True
26,114,621,683,62,True
27,117,621,683,62,True
28,135,621,692,71,True
30,140,621,801,180,True
42,135,621,692,71,True
46,126,621,801,180,True
49,125,621,683,62,True
68,127,621,736,115,True
84,129,621,736,115,True
91,124,621,736,115,True
92,119,621,736,115,True
94,125,621,736,115,True
26,115,622,683,61,True
30,141,622,801,179,True
35,132,622,801,179,True
43,126,622,801,179,True
44,132,622,801,179,True
50,124,622,736,114,True
52,119,622,,,False
61,124,622,695,73,True
62,96,622,736,114,True
64,117,622,680,58,True
69,127,622,736,114,True
72,122,622,680,58,True
85,117,622,736,114,True
87,115,622,736,114,True
88,140,622,736,114,True
5,138,623,683,60,True
12,118,623,683,60,True
18,109,623,683,60,True
23,126,623,692,69,True
25,129,623,692,69,True
27,118,623,683,60,True
30,142,623,801,178,True
42,136,623,692,69,True
47,114,623,683,60,True
58,119,623,736,113,True
68,128,623,736,113,True
71,126,623,736,113,True
72,123,623,736,113,True
86,129,623,736,113,True
0,126,624,683,59,True
10,121,624,692,68,True
11,118,624,683,59,True
14,131,624,683,59,True
15,131,624,695,71,True
18,110,624,683,59,True
20,118,624,695,71,True
25,130,624,692,68,True
28,136,624,692,68,True
29,126,624,683,59,True
47,115,624,683,59,True
51,126,624,736,112,True
60,121,624,736,112,True
67,133,624,736,112,True
75,119,624,736,112,True
76,135,624,736,112,True
77,135,624,736,112,True
81,93,624,736,112,True
91,125,624,736,112,True
97,120,624,736,112,True
12,119,625,683,58,True
13,139,625,801,176,True
22,124,625,692,67,True
23,127,625,692,67,True
30,143,625,801,176,True
47,116,625,683,58,True
53,96,625,736,111,True
66,130,625,736,111,True
67,134,625,736,111,True
68,129,625,736,111,True
70,124,625,736,111,True
77,136,625,736,111,True
79,127,625,736,111,True
12,120,626,683,57,True
13,140,626,801,175,True
16,133,626,692,66,True
23,128,626,692,66,True
28,137,626,692,66,True
36,131,626,801,175,True
39,137,626,692,66,True
40,133,626,801,175,True
48,127,626,801,175,True
52,120,626,,,False
61,125,626,736,110,True
62,97,626,736,110,True
67,135,626,736,110,True
75,120,626,736,110,True
88,141,626,736,110,True
90,124,626,736,110,True
1,121,627,683,56,True
3,139,627,801,174,True
9,123,627,692,65,True
10,122,627,692,65,True
15,132,627,695,68,True
19,118,627,801,174,True
20,119,627,695,68,True
28,138,627,692,65,True
32,108,627,801,174,True
41,128,627,692,65,True
45,120,627,801,174,True
52,121,627,,,False
58,120,627,736,109,True
60,122,627,736,109,True
62,98,627,736,109,True
68,130,627,736,109,True
77,137,627,736,109,True
79,128,627,736,109,True
88,142,627,736,109,True
92,120,627,736,109,True
4,138,628,683,55,True
10,123,628,692,64,True
11,119,628,683,55,True
12,121,628,801,173,True
14,132,628,683,55,True
17,110,628,692,64,True
18,111,628,692,64,True
22,125,628,692,64,True
23,129,628,692,64,True
24,127,628,683,55,True
26,116,628,801,173,True
28,139,628,692,64,True
29,127,628,683,55,True
33,124,628,692,64,True
37,114,628,692,64,True
41,129,628,692,64,True
43,127,628,801,173,True
45,121,628,801,173,True
48,128,628,801,173,True
50,125,628,736,108,True
53,97,628,736,108,True
58,121,628,736,108,True
60,123,628,736,108,True
69,128,628,736,108,True
70,125,628,736,108,True
77,138,628,736,108,True
78,131,628,736,108,True
89,112,628,765,137,True
92,121,628,736,108,True
97,121,628,736,108,True
99,121,628,736,108,True
11,120,629,683,54,True
13,141,629,801,172,True
16,134,629,692,63,True
29,128,629,683,54,True
33,125,629,692,63,True
44,133,629,801,172,True
46,127,629,801,172,True
50,126,629,736,107,True
55,129,629,736,107,True
57,99,629,736,107,True
58,122,629,736,107,True
72,124,629,736,107,True
81,94,629,736,107,True
86,130,629,736,107,True
92,122,629,736,107,True
94,126,629,736,107,True
96,110,629,736,107,True
0,127,630,683,53,True
10,124,630,801,171,True
11,121,630,683,53,True
13,142,630,801,171,True
18,112,630,692,62,True
27,119,630,692,62,True
35,133,630,801,171,True
40,134,630,801,171,True
41,130,630,692,62,True
42,137,630,692,62,True
57,100,630,736,106,True
61,126,630,736,106,True
65,141,630,736,106,True
69,129,630,736,106,True
84,130,630,736,106,True
87,116,630,736,106,True
88,143,630,765,135,True
89,113,630,765,135,True
90,125,630,736,106,True
99,122,630,736,106,True
3,140,631,801,170,True
6,120,631,801,170,True
18,113,631,692,61,True
23,130,631,692,61,True
31,119,631,692,61,True
36,132,631,801,170,True
37,115,631,801,170,True
39,138,631,692,61,True
45,122,631,801,170,True
61,127,631,736,105,True
62,99,631,736,105,True
65,142,631,736,105,True
69,130,631,736,105,True
78,132,631,736,105,True
83,119,631,736,105,True
87,117,631,736,105,True
88,144,631,765,134,True
89,114,631,765,134,True
92,123,631,736,105,True
10,125,632,801,169,True
11,122,632,683,51,True
12,122,632,801,169,True
15,133,632,695,63,True
22,126,632,692,60,True
28,140,632,692,60,True
29,129,632,683,51,True
30,144,632,801,169,True
37,116,632,801,169,True
38,114,632,692,60,True
41,131,632,692,60,True
42,138,632,692,60,True
61,128,632,736,104,True
65,143,632,736,104,True
72,125,632,736,104,True
74,127,632,736,104,True
85,118,632,736,104,True
87,118,632,736,104,True
96,111,632,736,104,True
1,122,633,683,50,True
7,123,633,692,59,True
12,123,633,801,168,True
14,133,633,683,50,True
21,128,633,683,50,True
22,127,633,692,59,True
26,117,633,801,168,True
40,135,633,801,168,True
51,127,633,736,103,True
53,98,633,736,103,True
56,121,633,736,103,True
64,118,633,736,103,True
66,131,633,736,103,True
76,136,633,736,103,True
83,120,633,736,103,True
90,126,633,736,103,True
96,112,633,736,103,True
98,114,633,736,103,True
0,128,634,801,167,True
1,123,634,683,49,True
9,124,634,692,58,True
13,143,634,801,167,True
21,129,634,683,49,True
22,128,634,692,58,True
27,120,634,692,58,True
29,130,634,683,49,True
31,120,634,692,58,True
36,133,634,801,167,True
46,128,634,801,167,True
50,127,634,736,102,True
51,128,634,736,102,True
54,141,634,765,131,True
66,132,634,736,102,True
68,131,634,736,102,True
69,131,634,736,102,True
73,139,634,736,102,True
77,139,634,736,102,True
78,133,634,736,102,True
89,115,634,765,131,True
91,126,634,736,102,True
96,113,634,736,102,True
1,124,635,683,48,True
3,141,635,801,166,True
7,124,635,692,57,True
8,132,635,683,48,True
9,125,635,692,57,True
14,134,635,683,48,True
15,134,635,695,60,True
21,130,635,683,48,True
27,121,635,692,57,True
28,141,635,692,57,True
42,139,635,692,57,True
44,134,635,801,166,True
49,126,635,692,57,True
52,122,635,,,False
60,124,635,736,101,True
61,129,635,736,101,True
71,127,635,736,101,True
72,126,635,736,101,True
82,120,635,736,101,True
85,119,635,736,101,True
90,127,635,736,101,True
94,127,635,736,101,True
97,122,635,736,101,True
5,139,636,801,165,True
6,121,636,801,165,True
19,119,636,801,165,True
24,128,636,692,56,True
26,118,636,801,165,True
33,126,636,692,56,True
41,132,636,692,56,True
43,128,636,801,165,True
47,117,636,683,47,True
49,127,636,692,56,True
55,130,636,736,100,True
79,129,636,736,100,True
80,126,636,736,100,True
82,121,636,736,100,True
91,127,636,736,100,True
0,129,637,801,164,True
14,135,637,683,46,True
18,114,637,692,55,True
21,131,637,683,46,True
24,129,637,692,55,True
34,116,637,801,164,True
46,129,637,801,164,True
52,123,637,,,False
59,126,637,736,99,True
63,135,637,736,99,True
68,132,637,736,99,True
70,126,637,736,99,True
73,140,637,736,99,True
79,130,637,736,99,True
86,131,637,736,99,True
92,124,637,736,99,True
96,114,637,736,99,True
98,115,637,736,99,True
9,126,638,801,163,True
10,126,638,801,163,True
12,124,638,801,163,True
13,144,638,801,163,True
20,120,638,695,57,True
21,132,638,692,54,True
24,130,638,692,54,True
30,145,638,801,163,True
40,136,638,801,163,True
41,133,638,692,54,True
42,140,638,692,54,True
49,128,638,692,54,True
50,128,638,736,98,True
54,142,638,765,127,True
63,136,638,736,98,True
64,119,638,736,98,True
65,144,638,736,98,True
67,136,638,736,98,True
68,133,638,736,98,True
69,132,638,736,98,True
72,127,638,736,98,True
95,128,638,736,98,True
0,130,639,801,162,True
1,125,639,683,44,True
5,140,639,801,162,True
6,122,639,801,162,True
8,133,639,801,162,True
9,127,639,801,162,True
13,145,639,801,162,True
18,115,639,692,53,True
26,119,639,801,162,True
28,142,639,801,162,True
44,135,639,801,162,True
46,130,639,801,162,True
58,123,639,736,97,True
68,134,639,736,97,True
69,133,639,736,97,True
86,132,639,736,97,True
93,126,639,736,97,True
94,128,639,736,97,True
3,142,640,801,161,True
5,141,640,801,161,True
9,128,640,801,161,True
15,135,640,695,55,True
18,116,640,692,52,True
27,122,640,801,161,True
30,146,640,801,161,True
33,127,640,692,52,True
35,134,640,801,161,True
36,134,640,801,161,True
43,129,640,801,161,True
52,124,640,,,False
53,99,640,736,96,True
54,143,640,765,125,True
57,101,640,736,96,True
78,134,640,736,96,True
80,127,640,736,96,True
84,131,640,736,96,True
85,120,640,736,96,True
89,116,640,765,125,True
94,129,640,736,96,True
95,129,640,736,96,True
12,125,641,801,160,True
19,120,641,801,160,True
26,120,641,801,160,True
27,123,641,801,160,True
30,147,641,801,160,True
32,109,641,801,160,True
46,131,641,801,160,True
48,129,641,801,160,True
51,129,641,736,95,True
56,122,641,736,95,True
57,102,641,736,95,True
66,133,641,765,124,True
68,135,641,736,95,True
69,134,641,736,95,True
79,131,641,736,95,True
81,95,641,736,95,True
89,117,641,765,124,True
10,127,642,801,159,True
12,126,642,801,159,True
15,136,642,695,53,True
36,135,642,801,159,True
47,118,642,692,50,True
53,100,642,736,94,True
60,125,642,736,94,True
78,135,642,736,94,True
81,96,642,736,94,True
82,122,642,736,94,True
87,119,642,765,123,True
91,128,642,736,94,True
97,123,642,736,94,True
98,116,642,736,94,True
9,129,643,801,158,True
11,123,643,692,49,True
23,131,643,692,49,True
27,124,643,801,158,True
30,148,643,801,158,True
40,137,643,801,158,True
41,134,643,801,158,True
44,136,643,801,158,True
46,132,643,801,158,True
51,130,643,736,93,True
56,123,643,736,93,True
57,103,643,736,93,True
65,145,643,765,122,True
66,134,643,765,122,True
67,137,643,736,93,True
68,136,643,736,93,True
70,127,643,736,93,True
76,137,643,736,93,True
80,128,643,736,93,True
82,123,643,736,93,True
91,129,643,736,93,True
92,125,643,736,93,True
98,117,643,736,93,True
99,123,643,765,122,True
2,138,644,801,157,True
4,139,644,692,48,True
9,130,644,801,157,True
21,133,644,692,48,True
22,129,644,801,157,True
26,121,644,801,157,True
31,121,644,801,157,True
35,135,644,801,157,True
50,129,644,736,92,True
52,125,644,,,False
54,144,644,765,121,True
56,124,644,736,92,True
58,124,644,736,92,True
64,120,644,736,92,True
66,135,644,765,121,True
74,128,644,736,92,True
78,136,644,736,92,True
84,132,644,736,92,True
88,145,644,765,121,True
90,128,644,736,92,True
92,126,644,736,92,True
0,131,645,801,156,True
6,123,645,801,156,True
8,134,645,801,156,True
14,136,645,723,78,True
26,122,645,801,156,True
28,143,645,801,156,True
34,117,645,801,156,True
47,119,645,692,47,True
52,126,645,,,False
55,131,645,736,91,True
59,127,645,765,120,True
64,121,645,736,91,True
65,146,645,765,120,True
66,136,645,765,120,True
68,137,645,736,91,True
69,135,645,736,91,True
75,121,645,765,120,True
76,138,645,765,120,True
84,133,645,736,91,True
85,121,645,736,91,True
88,146,645,765,120,True
89,118,645,765,120,True
90,129,645,736,91,True
93,127,645,765,120,True
95,130,645,736,91,True
2,139,646,801,155,True
6,124,646,801,155,True
8,135,646,801,155,True
9,131,646,801,155,True
19,121,646,801,155,True
20,121,646,695,49,True
21,134,646,692,46,True
34,118,646,801,155,True
44,137,646,801,155,True
64,122,646,736,90,True
76,139,646,765,119,True
83,121,646,736,90,True
98,118,646,736,90,True
99,124,646,765,119,True
0,132,647,801,154,True
6,125,647,801,154,True
8,136,647,801,154,True
12,127,647,801,154,True
13,146,647,801,154,True
15,137,647,801,154,True
22,130,647,801,154,True
42,141,647,801,154,True
45,123,647,801,154,True
54,145,647,765,118,True
57,104,647,736,89,True
58,125,647,736,89,True
75,122,647,765,118,True
76,140,647,765,118,True
82,124,647,736,89,True
85,122,647,736,89,True
86,133,647,736,89,True
87,120,647,765,118,True
88,147,647,765,118,True
90,130,647,765,118,True
93,128,647,765,118,True
96,115,647,736,89,True
3,143,648,801,153,True
6,126,648,801,153,True
16,135,648,801,153,True
19,122,648,801,153,True
22,131,648,801,153,True
23,132,648,801,153,True
24,131,648,692,44,True
28,144,648,801,153,True
31,122,648,801,153,True
35,136,648,801,153,True
37,117,648,801,153,True
42,142,648,801,153,True
43,130,648,801,153,True
48,130,648,801,153,True
50,130,648,765,117,True
59,128,648,765,117,True
60,126,648,765,117,True
61,130,648,736,88,True
68,138,648,736,88,True
77,140,648,799,151,True
79,132,648,736,88,True
83,122,648,736,88,True
97,124,648,736,88,True
99,125,648,765,117,True
1,126,649,801,152,True
5,142,649,801,152,True
6,127,649,801,152,True
7,125,649,801,152,True
14,137,649,723,74,True
16,136,649,801,152,True
20,122,649,801,152,True
27,125,649,801,152,True
30,149,649,801,152,True
35,137,649,801,152,True
39,139,649,801,152,True
41,135,649,801,152,True
43,131,649,801,152,True
48,131,649,801,152,True
53,101,649,765,116,True
68,139,649,736,87,True
69,136,649,736,87,True
72,128,649,736,87,True
75,123,649,765,116,True
88,148,649,765,116,True
93,129,649,765,116,True
94,130,649,736,87,True
97,125,649,736,87,True
99,126,649,765,116,True
2,140,650,801,151,True
4,140,650,801,151,True
9,132,650,801,151,True
10,128,650,801,151,True
11,124,650,801,151,True
25,131,650,801,151,True
28,145,650,801,151,True
31,123,650,801,151,True
33,128,650,801,151,True
36,136,650,801,151,True
42,143,650,801,151,True
56,125,650,765,115,True
57,105,650,736,86,True
59,129,650,765,115,True
61,131,650,736,86,True
63,137,650,736,86,True
64,123,650,736,86,True
77,141,650,799,149,True
81,97,650,765,115,True
85,123,650,736,86,True
88,149,650,765,115,True
95,131,650,736,86,True
97,126,650,736,86,True
0,133,651,801,150,True
14,138,651,723,72,True
16,137,651,801,150,True
30,150,651,801,150,True
34,119,651,801,150,True
37,118,651,801,150,True
43,132,651,801,150,True
54,146,651,765,114,True
61,132,651,736,85,True
64,124,651,736,85,True
66,137,651,765,114,True
68,140,651,736,85,True
72,129,651,736,85,True
73,141,651,765,114,True
75,124,651,765,114,True
77,142,651,799,148,True
87,121,651,765,114,True
88,150,651,765,114,True
94,131,651,736,85,True
96,116,651,736,85,True
97,127,651,736,85,True
25,132,652,801,149,True
28,146,652,801,149,True
39,140,652,801,149,True
40,138,652,801,149,True
57,106,652,736,84,True
58,126,652,765,113,True
61,133,652,736,84,True
63,138,652,813,161,True
64,125,652,736,84,True
65,147,652,765,113,True
66,138,652,765,113,True
90,131,652,765,113,True
94,132,652,736,84,True
95,132,652,736,84,True
96,117,652,799,147,True
9,133,653,801,148,True
11,125,653,801,148,True
26,123,653,801,148,True
27,126,653,801,148,True
34,120,653,801,148,True
36,137,653,801,148,True
38,115,653,801,148,True
49,129,653,801,148,True
57,107,653,736,83,True
60,127,653,765,112,True
72,130,653,736,83,True
73,142,653,765,112,True
74,129,653,799,146,True
85,124,653,765,112,True
92,127,653,736,83,True
93,130,653,765,112,True
96,118,653,799,146,True
5,143,654,801,147,True
11,126,654,801,147,True
12,128,654,801,147,True
16,138,654,801,147,True
35,138,654,801,147,True
48,132,654,801,147,True
50,131,654,765,111,True
51,131,654,765,111,True
60,128,654,765,111,True
64,126,654,765,111,True
70,128,654,765,111,True
71,128,654,813,159,True
73,143,654,765,111,True
87,122,654,765,111,True
89,119,654,765,111,True
90,132,654,765,111,True
91,130,654,736,82,True
94,133,654,765,111,True
96,119,654,799,145,True
97,128,654,736,82,True
0,134,655,801,146,True
14,139,655,723,68,True
16,139,655,801,146,True
18,117,655,801,146,True
21,135,655,801,146,True
30,151,655,801,146,True
33,129,655,801,146,True
36,138,655,801,146,True
48,133,655,801,146,True
55,132,655,765,110,True
56,126,655,765,110,True
60,129,655,765,110,True
65,148,655,765,110,True
66,139,655,765,110,True
74,130,655,799,144,True
76,141,655,765,110,True
79,133,655,736,81,True
86,134,655,736,81,True
91,131,655,736,81,True
2,141,656,801,145,True
3,144,656,801,145,True
25,133,656,801,145,True
27,127,656,801,145,True
29,131,656,801,145,True
40,139,656,801,145,True
43,133,656,801,145,True
47,120,656,801,145,True
49,130,656,801,145,True
50,132,656,765,109,True
52,127,656,,,False
55,133,656,765,109,True
62,100,656,799,143,True
66,140,656,765,109,True
70,129,656,765,109,True
75,125,656,765,109,True
79,134,656,765,109,True
81,98,656,765,109,True
85,125,656,765,109,True
89,120,656,765,109,True
91,132,656,736,80,True
92,128,656,765,109,True
93,131,656,765,109,True
97,129,656,736,80,True
98,119,656,736,80,True
3,145,657,801,144,True
5,144,657,801,144,True
6,128,657,801,144,True
9,134,657,801,144,True
14,140,657,723,66,True
17,111,657,801,144,True
20,123,657,801,144,True
23,133,657,801,144,True
26,124,657,801,144,True
28,147,657,801,144,True
43,134,657,801,144,True
50,133,657,765,108,True
54,147,657,765,108,True
56,127,657,765,108,True
59,130,657,765,108,True
66,141,657,765,108,True
68,141,657,736,79,True
76,142,657,765,108,True
79,135,657,765,108,True
82,125,657,765,108,True
85,126,657,765,108,True
92,129,657,765,108,True
93,132,657,765,108,True
3,146,658,801,143,True
8,137,658,801,143,True
21,136,658,801,143,True
27,128,658,801,143,True
28,148,658,801,143,True
31,124,658,801,143,True
33,130,658,807,149,True
39,141,658,801,143,True
41,136,658,801,143,True
55,134,658,765,107,True
58,127,658,765,107,True
62,101,658,799,141,True
72,131,658,736,78,True
79,136,658,765,107,True
82,126,658,765,107,True
89,121,658,765,107,True
94,134,658,765,107,True
7,126,659,801,142,True
8,138,659,801,142,True
10,129,659,801,142,True
12,129,659,801,142,True
22,132,659,801,142,True
25,134,659,801,142,True
27,129,659,801,142,True
32,110,659,801,142,True
40,140,659,801,142,True
48,134,659,801,142,True
54,148,659,765,106,True
55,135,659,765,106,True
59,131,659,765,106,True
70,130,659,765,106,True
72,132,659,736,77,True
74,131,659,799,140,True
76,143,659,765,106,True
88,151,659,765,106,True
98,120,659,736,77,True
6,129,660,801,141,True
7,127,660,801,141,True
9,135,660,801,141,True
11,127,660,801,141,True
13,147,660,801,141,True
14,141,660,807,147,True
18,118,660,801,141,True
19,123,660,801,141,True
21,137,660,801,141,True
23,134,660,801,141,True
24,132,660,801,141,True
34,121,660,801,141,True
41,137,660,801,141,True
52,128,660,,,False
53,102,660,813,153,True
56,128,660,765,105,True
60,130,660,799,139,True
69,137,660,765,105,True
72,133,660,736,76,True
87,123,660,765,105,True
92,130,660,765,105,True
98,121,660,736,76,True
9,136,661,801,140,True
13,148,661,801,140,True
20,124,661,801,140,True
22,133,661,801,140,True
36,139,661,801,140,True
37,119,661,801,140,True
43,135,661,801,140,True
45,124,661,801,140,True
50,134,661,765,104,True
53,103,661,813,152,True
55,136,661,765,104,True
56,129,661,765,104,True
69,138,661,765,104,True
72,134,661,736,75,True
73,144,661,765,104,True
75,126,661,765,104,True
81,99,661,765,104,True
85,127,661,765,104,True
1,127,662,801,139,True
16,140,662,801,139,True
22,134,662,801,139,True
24,133,662,801,139,True
25,135,662,801,139,True
29,132,662,801,139,True
32,111,662,801,139,True
38,116,662,801,139,True
43,136,662,801,139,True
51,132,662,765,103,True
53,104,662,813,151,True
60,131,662,799,137,True
78,137,662,765,103,True
95,133,662,736,74,True
97,130,662,765,103,True
1,128,663,801,138,True
3,147,663,801,138,True
15,138,663,801,138,True
16,141,663,801,138,True
20,125,663,801,138,True
25,136,663,801,138,True
29,133,663,801,138,True
30,152,663,801,138,True
40,141,663,801,138,True
43,137,663,801,138,True
59,132,663,765,102,True
73,145,663,765,102,True
78,138,663,765,102,True
85,128,663,765,102,True
86,135,663,765,102,True
89,122,663,765,102,True
92,131,663,765,102,True
94,135,663,765,102,True
1,129,664,801,137,True
6,130,664,801,137,True
8,139,664,801,137,True
19,124,664,801,137,True
23,135,664,801,137,True
40,142,664,801,137,True
41,138,664,807,143,True
42,144,664,801,137,True
44,138,664,801,137,True
46,133,664,801,137,True
49,131,664,801,137,True
50,135,664,765,101,True
52,129,664,,,False
58,128,664,765,101,True
70,131,664,765,101,True
71,129,664,813,149,True
75,127,664,765,101,True
77,143,664,799,135,True
83,123,664,765,101,True
88,152,664,813,149,True
2,142,665,801,136,True
3,148,665,801,136,True
4,141,665,801,136,True
5,145,665,801,136,True
6,131,665,801,136,True
8,140,665,801,136,True
10,130,665,801,136,True
12,130,665,801,136,True
15,139,665,801,136,True
19,125,665,801,136,True
20,126,665,801,136,True
33,131,665,807,142,True
37,120,665,801,136,True
43,138,665,801,136,True
46,134,665,801,136,True
57,108,665,765,100,True
59,133,665,765,100,True
63,139,665,813,148,True
66,142,665,813,148,True
68,142,665,765,100,True
69,139,665,765,100,True
72,135,665,736,71,True
79,137,665,765,100,True
80,129,665,765,100,True
83,124,665,765,100,True
84,134,665,799,134,True
88,153,665,813,148,True
89,123,665,765,100,True
98,122,665,736,71,True
3,149,666,801,135,True
12,131,666,801,135,True
14,142,666,807,141,True
15,140,666,801,135,True
18,119,666,801,135,True
22,135,666,801,135,True
26,125,666,801,135,True
29,134,666,801,135,True
42,145,666,801,135,True
54,149,666,765,99,True
64,127,666,765,99,True
66,143,666,813,147,True
69,140,666,765,99,True
77,144,666,799,133,True
83,125,666,813,147,True
86,136,666,765,99,True
91,133,666,765,99,True
92,132,666,799,133,True
94,136,666,765,99,True
95,134,666,736,70,True
99,127,666,799,133,True
1,130,667,801,134,True
2,143,667,801,134,True
5,146,667,801,134,True
13,149,667,801,134,True
19,126,667,801,134,True
26,126,667,801,134,True
31,125,667,801,134,True
33,132,667,807,140,True
35,139,667,801,134,True
41,139,667,807,140,True
45,125,667,801,134,True
62,102,667,799,132,True
69,141,667,765,98,True
72,136,667,765,98,True
80,130,667,765,98,True
90,133,667,765,98,True
91,134,667,765,98,True
98,123,667,736,69,True
2,144,668,801,133,True
12,132,668,801,133,True
15,141,668,801,133,True
22,136,668,801,133,True
32,112,668,801,133,True
42,146,668,801,133,True
43,139,668,801,133,True
52,130,668,,,False
61,134,668,736,68,True
62,103,668,799,131,True
64,128,668,765,97,True
68,143,668,765,97,True
71,130,668,813,145,True
83,126,668,813,145,True
88,154,668,813,145,True
97,131,668,765,97,True
98,124,668,736,68,True
2,145,669,801,132,True
4,142,669,801,132,True
26,127,669,801,132,True
27,130,669,801,132,True
35,140,669,801,132,True
39,142,669,807,138,True
49,132,669,801,132,True
64,129,669,765,96,True
68,144,669,765,96,True
70,132,669,765,96,True
81,100,669,765,96,True
86,137,669,765,96,True
87,124,669,765,96,True
92,133,669,799,130,True
6,132,670,801,131,True
9,137,670,801,131,True
10,131,670,801,131,True
15,142,670,801,131,True
18,120,670,801,131,True
23,136,670,807,137,True
28,149,670,801,131,True
38,117,670,801,131,True
45,126,670,801,131,True
47,121,670,801,131,True
52,131,670,,,False
54,150,670,765,95,True
58,129,670,765,95,True
59,134,670,765,95,True
63,140,670,813,143,True
64,130,670,765,95,True
66,144,670,813,143,True
78,139,670,799,129,True
80,131,670,765,95,True
81,101,670,765,95,True
87,125,670,765,95,True
94,137,670,765,95,True
97,132,670,765,95,True
13,150,671,801,130,True
15,143,671,801,130,True
22,137,671,801,130,True
30,153,671,801,130,True
40,143,671,821,150,True
41,140,671,807,136,True
43,140,671,801,130,True
55,137,671,813,142,True
59,135,671,765,94,True
61,135,671,736,65,True
68,145,671,765,94,True
71,131,671,813,142,True
74,132,671,799,128,True
81,102,671,765,94,True
82,127,671,765,94,True
85,129,671,765,94,True
87,126,671,765,94,True
99,128,671,799,128,True
1,131,672,801,129,True
16,142,672,801,129,True
18,121,672,801,129,True
28,150,672,801,129,True
30,154,672,801,129,True
31,126,672,801,129,True
33,133,672,807,135,True
34,122,672,801,129,True
35,141,672,801,129,True
36,140,672,807,135,True
37,121,672,807,135,True
51,133,672,765,93,True
55,138,672,813,141,True
56,130,672,765,93,True
60,132,672,799,127,True
63,141,672,813,141,True
65,149,672,765,93,True
71,132,672,813,141,True
78,140,672,799,127,True
85,130,672,765,93,True
92,134,672,799,127,True
95,135,672,765,93,True
8,141,673,801,128,True
11,128,673,801,128,True
14,143,673,807,134,True
20,127,673,801,128,True
35,142,673,801,128,True
36,141,673,807,134,True
37,122,673,807,134,True
46,135,673,807,134,True
47,122,673,801,128,True
50,136,673,765,92,True
56,131,673,765,92,True
59,136,673,765,92,True
65,150,673,765,92,True
66,145,673,813,140,True
72,137,673,765,92,True
75,128,673,765,92,True
78,141,673,799,126,True
79,138,673,765,92,True
81,103,673,765,92,True
86,138,673,765,92,True
87,127,673,765,92,True
88,155,673,813,140,True
96,120,673,799,126,True
24,134,674,807,133,True
25,137,674,801,127,True
38,118,674,801,127,True
40,144,674,821,147,True
42,147,674,801,127,True
50,137,674,765,91,True
54,151,674,765,91,True
70,133,674,765,91,True
72,138,674,765,91,True
77,145,674,799,125,True
81,104,674,765,91,True
90,134,674,799,125,True
92,135,674,799,125,True
96,121,674,799,125,True
97,133,674,765,91,True
0,135,675,807,132,True
3,150,675,807,132,True
5,147,675,801,126,True
6,133,675,801,126,True
15,144,675,801,126,True
20,128,675,801,126,True
22,138,675,801,126,True
25,138,675,801,126,True
26,128,675,801,126,True
27,131,675,801,126,True
28,151,675,801,126,True
30,155,675,801,126,True
34,123,675,801,126,True
40,145,675,821,146,True
46,136,675,807,132,True
51,134,675,765,90,True
52,132,675,,,False
53,105,675,813,138,True
56,132,675,765,90,True
57,109,675,765,90,True
60,133,675,799,124,True
62,104,675,799,124,True
64,131,675,765,90,True
67,138,675,799,124,True
69,142,675,799,124,True
70,134,675,765,90,True
71,133,675,813,138,True
72,139,675,765,90,True
74,133,675,799,124,True
80,132,675,765,90,True
83,127,675,813,138,True
92,136,675,799,124,True
1,132,676,807,131,True
13,151,676,801,125,True
30,156,676,801,125,True
31,127,676,801,125,True
34,124,676,801,125,True
44,139,676,807,131,True
47,123,676,801,125,True
49,133,676,801,125,True
54,152,676,765,89,True
58,130,676,765,89,True
67,139,676,799,123,True
68,146,676,765,89,True
77,146,676,799,123,True
87,128,676,765,89,True
90,135,676,799,123,True
92,137,676,799,123,True
93,133,676,799,123,True
96,122,676,799,123,True
6,134,677,801,124,True
7,128,677,801,124,True
8,142,677,801,124,True
12,133,677,801,124,True
14,144,677,807,130,True
18,122,677,821,144,True
20,129,677,801,124,True
23,137,677,807,130,True
32,113,677,807,130,True
37,123,677,807,130,True
39,143,677,807,130,True
41,141,677,807,130,True
46,137,677,807,130,True
58,131,677,765,88,True
60,134,677,799,122,True
61,136,677,736,59,True
76,144,677,765,88,True
81,105,677,799,122,True
82,128,677,765,88,True
83,128,677,813,136,True
92,138,677,799,122,True
96,123,677,799,122,True
1,133,678,807,129,True
9,138,678,801,123,True
20,130,678,801,123,True
22,139,678,801,123,True
23,138,678,807,129,True
26,129,678,807,129,True
32,114,678,807,129,True
43,141,678,801,123,True
46,138,678,807,129,True
48,135,678,801,123,True
53,106,678,813,135,True
55,139,678,813,135,True
57,110,678,765,87,True
59,137,678,799,121,True
62,105,678,799,121,True
66,146,678,813,135,True
70,135,678,765,87,True
75,129,678,799,121,True
76,145,678,765,87,True
78,142,678,813,135,True
82,129,678,765,87,True
84,135,678,799,121,True
86,139,678,765,87,True
88,156,678,813,135,True
92,139,678,799,121,True
93,134,678,799,121,True
2,146,679,801,122,True
7,129,679,801,122,True
14,145,679,807,128,True
17,112,679,801,122,True
23,139,679,807,128,True
26,130,679,807,128,True
36,142,679,807,128,True
38,119,679,801,122,True
60,135,679,799,120,True
69,143,679,799,120,True
72,140,679,765,86,True
77,147,679,799,120,True
78,143,679,813,134,True
86,140,679,765,86,True
88,157,679,813,134,True
94,138,679,765,86,True
1,134,680,807,127,True
3,151,680,807,127,True
4,143,680,807,127,True
7,130,680,801,121,True
12,134,680,801,121,True
15,145,680,801,121,True
21,138,680,801,121,True
32,115,680,807,127,True
33,134,680,807,127,True
34,125,680,801,121,True
37,124,680,807,127,True
41,142,680,807,127,True
44,140,680,807,127,True
47,124,680,801,121,True
60,136,680,799,119,True
62,106,680,813,133,True
68,147,680,765,85,True
70,136,680,765,85,True
84,136,680,799,119,True
90,136,680,813,133,True
91,135,680,765,85,True
94,139,680,765,85,True
5,148,681,801,120,True
9,139,681,801,120,True
16,143,681,801,120,True
20,131,681,801,120,True
23,140,681,807,126,True
32,116,681,807,126,True
38,120,681,801,120,True
47,125,681,801,120,True
54,153,681,765,84,True
57,111,681,765,84,True
58,132,681,765,84,True
76,146,681,799,118,True
81,106,681,799,118,True
88,158,681,813,132,True
93,135,681,813,132,True
94,140,681,765,84,True
95,136,681,765,84,True
96,124,681,799,118,True
19,127,682,801,119,True
21,139,682,807,125,True
24,135,682,807,125,True
38,121,682,801,119,True
45,127,682,801,119,True
60,137,682,799,117,True
65,151,682,765,83,True
71,134,682,813,131,True
72,141,682,765,83,True
73,146,682,765,83,True
84,137,682,799,117,True
87,129,682,765,83,True
91,136,682,765,83,True
92,140,682,799,117,True
96,125,682,813,131,True
0,136,683,807,124,True
3,152,683,807,124,True
10,132,683,807,124,True
13,152,683,801,118,True
16,144,683,801,118,True
28,152,683,801,118,True
30,157,683,801,118,True
33,135,683,807,124,True
36,143,683,807,124,True
46,139,683,807,124,True
52,133,683,,,False
54,154,683,799,116,True
57,112,683,765,82,True
61,137,683,765,82,True
67,140,683,799,116,True
69,144,683,799,116,True
78,144,683,813,130,True
82,130,683,813,130,True
84,138,683,799,116,True
87,130,683,765,82,True
89,124,683,813,130,True
91,137,683,765,82,True
95,137,683,765,82,True
97,134,683,813,130,True
98,125,683,765,82,True
8,143,684,801,117,True
9,140,684,821,137,True
12,135,684,807,123,True
15,146,684,801,117,True
20,132,684,801,117,True
23,141,684,807,123,True
25,139,684,801,117,True
26,131,684,807,123,True
27,132,684,801,117,True
29,135,684,807,123,True
30,158,684,801,117,True
32,117,684,807,123,True
37,125,684,807,123,True
38,122,684,801,117,True
43,142,684,801,117,True
46,140,684,807,123,True
53,107,684,813,129,True
57,113,684,765,81,True
60,138,684,813,129,True
62,107,684,813,129,True
75,130,684,799,115,True
76,147,684,799,115,True
88,159,684,813,129,True
90,137,684,813,129,True
91,138,684,765,81,True
0,137,685,807,122,True
6,135,685,801,116,True
11,129,685,807,122,True
13,153,685,801,116,True
25,140,685,801,116,True
32,118,685,807,122,True
33,136,685,807,122,True
45,128,685,801,116,True
47,126,685,801,116,True
66,147,685,813,128,True
69,145,685,799,114,True
70,137,685,765,80,True
81,107,685,799,114,True
86,141,685,765,80,True
89,125,685,813,128,True
92,141,685,799,114,True
93,136,685,813,128,True
99,129,685,799,114,True
0,138,686,807,121,True
4,144,686,807,121,True
9,141,686,821,135,True
12,136,686,807,121,True
16,145,686,807,121,True
19,128,686,801,115,True
23,142,686,807,121,True
36,144,686,807,121,True
45,129,686,801,115,True
56,133,686,799,113,True
57,114,686,765,79,True
60,139,686,813,127,True
63,142,686,813,127,True
66,148,686,813,127,True
84,139,686,799,113,True
87,131,686,765,79,True
9,142,687,821,134,True
15,147,687,801,114,True
20,133,687,801,114,True
21,140,687,807,120,True
22,140,687,801,114,True
31,128,687,801,114,True
34,126,687,801,114,True
39,144,687,807,120,True
40,146,687,821,134,True
41,143,687,807,120,True
48,136,687,801,114,True
50,138,687,765,78,True
53,108,687,813,126,True
60,140,687,813,126,True
65,152,687,765,78,True
68,148,687,765,78,True
69,146,687,799,112,True
70,138,687,765,78,True
78,145,687,813,126,True
79,139,687,765,78,True
83,129,687,813,126,True
86,142,687,765,78,True
90,138,687,813,126,True
91,139,687,813,126,True
95,138,687,765,78,True
98,126,687,765,78,True
1,135,688,807,119,True
4,145,688,807,119,True
9,143,688,821,133,True
16,146,688,807,119,True
17,113,688,801,113,True
24,136,688,807,119,True
35,143,688,801,113,True
37,126,688,807,119,True
39,145,688,807,119,True
45,130,688,801,113,True
46,141,688,807,119,True
49,134,688,807,119,True
53,109,688,813,125,True
67,141,688,799,111,True
68,149,688,765,77,True
84,140,688,799,111,True
90,139,688,813,125,True
91,140,688,813,125,True
95,139,688,765,77,True
97,135,688,813,125,True
98,127,688,765,77,True
0,139,689,807,118,True
22,141,689,801,112,True
23,143,689,807,118,True
29,136,689,807,118,True
32,119,689,807,118,True
38,123,689,801,112,True
40,147,689,821,132,True
41,144,689,807,118,True
44,141,689,807,118,True
54,155,689,799,110,True
56,134,689,799,110,True
60,141,689,813,124,True
63,143,689,813,124,True
67,142,689,799,110,True
68,150,689,765,76,True
69,147,689,799,110,True
71,135,689,813,124,True
72,142,689,765,76,True
88,160,689,813,124,True
90,140,689,813,124,True
97,136,689,813,124,True
2,147,690,801,111,True
4,146,690,807,117,True
5,149,690,807,117,True
12,137,690,807,117,True
17,114,690,801,111,True
21,141,690,807,117,True
28,153,690,801,111,True
29,137,690,807,117,True
31,129,690,801,111,True
50,139,690,765,75,True
52,134,690,,,False
54,156,690,799,109,True
63,144,690,813,123,True
74,134,690,813,123,True
80,133,690,813,123,True
82,131,690,813,123,True
85,131,690,765,75,True
89,126,690,813,123,True
97,137,690,813,123,True
7,131,691,821,130,True
12,138,691,807,116,True
21,142,691,807,116,True
25,141,691,801,110,True
27,133,691,821,130,True
28,154,691,801,110,True
35,144,691,801,110,True
37,127,691,807,116,True
41,145,691,807,116,True
42,148,691,807,116,True
43,143,691,801,110,True
58,133,691,799,108,True
59,138,691,799,108,True
64,132,691,813,122,True
65,153,691,765,74,True
79,140,691,765,74,True
84,141,691,799,108,True
86,143,691,765,74,True
87,132,691,799,108,True
88,161,691,813,122,True
89,127,691,813,122,True
0,140,692,807,115,True
3,153,692,807,115,True
8,144,692,807,115,True
13,154,692,801,109,True
15,148,692,821,129,True
21,143,692,807,115,True
27,134,692,821,129,True
31,130,692,801,109,True
47,127,692,807,115,True
59,139,692,799,107,True
60,142,692,813,121,True
65,154,692,765,73,True
66,149,692,813,121,True
83,130,692,813,121,True
87,133,692,799,107,True
88,162,692,813,121,True
96,126,692,813,121,True
6,136,693,801,108,True
7,132,693,821,128,True
8,145,693,807,114,True
9,144,693,821,128,True
10,133,693,807,114,True
13,155,693,801,108,True
15,149,693,821,128,True
23,144,693,807,114,True
26,132,693,807,114,True
34,127,693,801,108,True
35,145,693,801,108,True
37,128,693,807,114,True
49,135,693,807,114,True
50,140,693,765,72,True
67,143,693,813,120,True
77,148,693,799,106,True
85,132,693,799,106,True
88,163,693,813,120,True
94,141,693,813,120,True
6,137,694,807,113,True
10,134,694,807,113,True
12,139,694,807,113,True
17,115,694,801,107,True
18,123,694,821,127,True
23,145,694,807,113,True
31,131,694,801,107,True
33,137,694,807,113,True
38,124,694,801,107,True
39,146,694,807,113,True
41,146,694,807,113,True
42,149,694,807,113,True
48,137,694,801,107,True
49,136,694,807,113,True
51,135,694,813,119,True
57,115,694,765,71,True
62,108,694,813,119,True
64,133,694,813,119,True
66,150,694,813,119,True
69,148,694,813,119,True
78,146,694,813,119,True
85,133,694,799,105,True
86,144,694,765,71,True
87,134,694,799,105,True
94,142,694,813,119,True
98,128,694,813,119,True
0,141,695,807,112,True
9,145,695,821,126,True
13,156,695,801,106,True
15,150,695,821,126,True
18,124,695,821,126,True
21,144,695,807,112,True
26,133,695,807,112,True
27,135,695,821,126,True
31,132,695,801,106,True
33,138,695,807,112,True
36,145,695,807,112,True
48,138,695,801,106,True
55,140,695,813,118,True
58,134,695,799,104,True
62,109,695,813,118,True
63,145,695,813,118,True
79,141,695,799,104,True
83,131,695,813,118,True
84,142,695,799,104,True
89,128,695,813,118,True
90,141,695,813,118,True
94,143,695,813,118,True
95,140,695,813,118,True
5,150,696,807,111,True
16,147,696,807,111,True
18,125,696,821,125,True
22,142,696,801,105,True
40,148,696,821,125,True
41,147,696,807,111,True
48,139,696,801,105,True
49,137,696,807,111,True
58,135,696,799,103,True
69,149,696,813,117,True
92,142,696,799,103,True
0,142,697,807,110,True
6,138,697,807,110,True
11,130,697,807,110,True
15,151,697,821,124,True
17,116,697,801,104,True
19,129,697,801,104,True
24,137,697,807,110,True
26,134,697,807,110,True
27,136,697,821,124,True
31,133,697,821,124,True
32,120,697,807,110,True
44,142,697,807,110,True
45,131,697,801,104,True
57,116,697,765,68,True
58,136,697,799,102,True
67,144,697,813,116,True
76,148,697,799,102,True
85,134,697,799,102,True
99,130,697,799,102,True
14,146,698,807,109,True
18,126,698,821,123,True
26,135,698,807,109,True
27,137,698,821,123,True
36,146,698,807,109,True
48,140,698,801,103,True
71,136,698,813,115,True
72,143,698,765,67,True
74,135,698,813,115,True
78,147,698,813,115,True
79,142,698,799,101,True
89,129,698,813,115,True
97,138,698,813,115,True
98,129,698,813,115,True
7,133,699,821,122,True
10,135,699,807,108,True
12,140,699,807,108,True
17,117,699,821,122,True
20,134,699,801,102,True
27,138,699,821,122,True
33,139,699,807,108,True
49,138,699,807,108,True
56,135,699,799,100,True
59,140,699,813,114,True
64,134,699,813,114,True
67,145,699,813,114,True
81,108,699,813,114,True
82,132,699,813,114,True
84,143,699,799,100,True
99,131,699,813,114,True
2,148,700,821,121,True
8,146,700,807,107,True
37,129,700,807,107,True
42,150,700,807,107,True
46,142,700,807,107,True
49,139,700,807,107,True
50,141,700,799,99,True
54,157,700,799,99,True
62,110,700,813,113,True
70,139,700,799,99,True
78,148,700,813,113,True
89,130,700,813,113,True
95,141,700,813,113,True
97,139,700,813,113,True
98,130,700,813,113,True
99,132,700,813,113,True
1,136,701,807,106,True
16,148,701,807,106,True
19,130,701,801,100,True
20,135,701,801,100,True
21,145,701,807,106,True
22,143,701,801,100,True
26,136,701,807,106,True
34,128,701,801,100,True
40,149,701,821,120,True
41,148,701,807,106,True
45,132,701,807,106,True
51,136,701,813,112,True
59,141,701,813,112,True
62,111,701,813,112,True
63,146,701,813,112,True
65,155,701,799,98,True
66,151,701,813,112,True
83,132,701,813,112,True
85,135,701,799,98,True
95,142,701,813,112,True
1,137,702,807,105,True
5,151,702,807,105,True
6,139,702,807,105,True
9,146,702,821,119,True
10,136,702,807,105,True
22,144,702,801,99,True
25,142,702,801,99,True
33,140,702,807,105,True
36,147,702,875,173,True
42,151,702,807,105,True
43,144,702,821,119,True
44,143,702,807,105,True
45,133,702,807,105,True
57,117,702,765,63,True
64,135,702,813,111,True
69,150,702,813,111,True
70,140,702,799,97,True
78,149,702,813,111,True
83,133,702,813,111,True
97,140,702,813,111,True
3,154,703,807,104,True
4,147,703,807,104,True
7,134,703,821,118,True
9,147,703,821,118,True
15,152,703,821,118,True
18,127,703,821,118,True
46,143,703,807,104,True
55,141,703,813,110,True
59,142,703,813,110,True
64,136,703,813,110,True
70,141,703,799,96,True
71,137,703,813,110,True
79,143,703,799,96,True
82,133,703,813,110,True
87,135,703,799,96,True
91,141,703,813,110,True
96,127,703,813,110,True
12,141,704,807,103,True
14,147,704,807,103,True
16,149,704,807,103,True
17,118,704,821,117,True
18,128,704,821,117,True
28,155,704,801,97,True
29,138,704,807,103,True
32,121,704,821,117,True
33,141,704,807,103,True
37,130,704,807,103,True
42,152,704,807,103,True
46,144,704,807,103,True
47,128,704,807,103,True
66,152,704,813,109,True
67,146,704,813,109,True
73,147,704,799,95,True
79,144,704,799,95,True
80,134,704,813,109,True
83,134,704,813,109,True
85,136,704,799,95,True
86,145,704,799,95,True
88,164,704,813,109,True
97,141,704,813,109,True
98,131,704,813,109,True
1,138,705,807,102,True
2,149,705,821,116,True
3,155,705,807,102,True
14,148,705,807,102,True
22,145,705,821,116,True
35,146,705,801,96,True
40,150,705,821,116,True
42,153,705,807,102,True
52,135,705,,,False
60,143,705,813,108,True
68,151,705,813,108,True
73,148,705,799,94,True
80,135,705,813,108,True
83,135,705,813,108,True
90,142,705,813,108,True
91,142,705,813,108,True
95,143,705,813,108,True
96,128,705,813,108,True
1,139,706,807,101,True
7,135,706,821,115,True
11,131,706,807,101,True
17,119,706,821,115,True
22,146,706,821,115,True
23,146,706,807,101,True
30,159,706,807,101,True
35,147,706,801,95,True
37,131,706,807,101,True
61,138,706,799,93,True
62,112,706,813,107,True
68,152,706,813,107,True
69,151,706,813,107,True
78,150,706,813,107,True
81,109,706,813,107,True
82,134,706,813,107,True
83,136,706,813,107,True
89,131,706,813,107,True
92,143,706,813,107,True
95,144,706,813,107,True
2,150,707,821,114,True
7,136,707,821,114,True
9,148,707,821,114,True
11,132,707,807,100,True
13,157,707,821,114,True
15,153,707,821,114,True
24,138,707,807,100,True
25,143,707,801,94,True
26,137,707,807,100,True
35,148,707,801,94,True
39,147,707,807,100,True
41,149,707,807,100,True
45,134,707,821,114,True
50,142,707,799,92,True
57,118,707,808,101,True
61,139,707,799,92,True
68,153,707,813,106,True
72,144,707,799,92,True
76,149,707,799,92,True
80,136,707,813,106,True
82,135,707,813,106,True
83,137,707,813,106,True
93,137,707,813,106,True
97,142,707,813,106,True
2,151,708,821,113,True
6,140,708,821,113,True
8,147,708,807,99,True
19,131,708,821,113,True
24,139,708,807,99,True
28,156,708,821,113,True
31,134,708,821,113,True
32,122,708,821,113,True
34,129,708,821,113,True
40,151,708,821,113,True
50,143,708,799,91,True
52,136,708,,,False
58,137,708,813,105,True
60,144,708,813,105,True
62,113,708,813,105,True
63,147,708,813,105,True
71,138,708,813,105,True
76,150,708,799,91,True
82,136,708,813,105,True
86,146,708,799,91,True
98,132,708,813,105,True
4,148,709,807,98,True
11,133,709,807,98,True
33,142,709,807,98,True
39,148,709,807,98,True
44,144,709,807,98,True
46,145,709,807,98,True
54,158,709,813,104,True
58,138,709,813,104,True
60,145,709,813,104,True
67,147,709,813,104,True
71,139,709,813,104,True
75,131,709,813,104,True
77,149,709,813,104,True
81,110,709,813,104,True
86,147,709,799,90,True
91,143,709,813,104,True
7,137,710,821,111,True
35,149,710,801,91,True
36,148,710,875,165,True
38,125,710,821,111,True
55,142,710,813,103,True
56,136,710,813,103,True
64,137,710,813,103,True
82,137,710,813,103,True
89,132,710,813,103,True
93,138,710,813,103,True
94,144,710,813,103,True
96,129,710,813,103,True
13,158,711,821,110,True
23,147,711,807,96,True
29,139,711,807,96,True
42,154,711,807,96,True
47,129,711,807,96,True
50,144,711,813,102,True
52,137,711,,,False
54,159,711,813,102,True
58,139,711,813,102,True
70,142,711,799,88,True
86,148,711,799,88,True
87,136,711,813,102,True
90,143,711,813,102,True
91,144,711,813,102,True
94,145,711,813,102,True
95,145,711,813,102,True
0,143,712,807,95,True
7,138,712,821,109,True
10,137,712,821,109,True
20,136,712,801,89,True
24,140,712,821,109,True
28,157,712,821,109,True
30,160,712,807,95,True
39,149,712,807,95,True
52,138,712,,,False
59,143,712,813,101,True
63,148,712,813,101,True
71,140,712,813,101,True
75,132,712,813,101,True
78,151,712,813,101,True
94,146,712,813,101,True
5,152,713,807,94,True
10,138,713,821,108,True
16,150,713,807,94,True
17,120,713,821,108,True
28,158,713,821,108,True
46,146,713,807,94,True
51,137,713,813,100,True
63,149,713,813,100,True
68,154,713,813,100,True
69,152,713,813,100,True
70,143,713,799,86,True
74,136,713,813,100,True
77,150,713,813,100,True
84,144,713,813,100,True
85,137,713,813,100,True
90,144,713,813,100,True
95,146,713,813,100,True
3,156,714,807,93,True
5,153,714,807,93,True
6,141,714,821,107,True
7,139,714,821,107,True
11,134,714,807,93,True
24,141,714,821,107,True
25,144,714,821,107,True
27,139,714,821,107,True
35,150,714,801,87,True
38,126,714,821,107,True
60,146,714,813,99,True
63,150,714,813,99,True
67,148,714,813,99,True
70,144,714,799,85,True
76,151,714,799,85,True
79,145,714,808,94,True
84,145,714,813,99,True
87,137,714,813,99,True
89,133,714,813,99,True
91,145,714,813,99,True
97,143,714,813,99,True
98,133,714,813,99,True
8,148,715,807,92,True
11,135,715,807,92,True
12,142,715,807,92,True
14,149,715,807,92,True
21,146,715,807,92,True
23,148,715,807,92,True
36,149,715,875,160,True
37,132,715,807,92,True
40,152,715,821,106,True
52,139,715,,,False
53,110,715,813,98,True
54,160,715,813,98,True
57,119,715,808,93,True
60,147,715,813,98,True
65,156,715,813,98,True
81,111,715,813,98,True
85,138,715,813,98,True
94,147,715,813,98,True
98,134,715,813,98,True
5,154,716,807,91,True
20,137,716,821,105,True
26,138,716,821,105,True
27,140,716,821,105,True
32,123,716,821,105,True
42,155,716,807,91,True
46,147,716,807,91,True
51,138,716,813,97,True
55,143,716,821,105,True
56,137,716,813,97,True
69,153,716,860,144,True
75,133,716,813,97,True
93,139,716,813,97,True
97,144,716,813,97,True
1,140,717,807,90,True
3,157,717,821,104,True
8,149,717,807,90,True
10,139,717,821,104,True
17,121,717,821,104,True
25,145,717,821,104,True
30,161,717,821,104,True
38,127,717,821,104,True
39,150,717,821,104,True
63,151,717,813,96,True
73,149,717,813,96,True
81,112,717,813,96,True
84,146,717,813,96,True
85,139,717,813,96,True
87,138,717,813,96,True
91,146,717,813,96,True
95,147,717,813,96,True
23,149,718,807,89,True
24,142,718,821,103,True
31,135,718,821,103,True
37,133,718,807,89,True
43,145,718,821,103,True
45,135,718,821,103,True
46,148,718,807,89,True
48,141,718,821,103,True
52,140,718,,,False
54,161,718,813,95,True
61,140,718,801,83,True
63,152,718,813,95,True
64,138,718,813,95,True
72,145,718,799,81,True
77,151,718,813,95,True
83,138,718,813,95,True
91,147,718,813,95,True
98,135,718,813,95,True
2,152,719,821,102,True
4,149,719,821,102,True
20,138,719,821,102,True
21,147,719,807,88,True
29,140,719,807,88,True
32,124,719,821,102,True
38,128,719,821,102,True
40,153,719,821,102,True
48,142,719,821,102,True
53,111,719,821,102,True
55,144,719,821,102,True
58,140,719,813,94,True
65,157,719,813,94,True
70,145,719,801,82,True
74,137,719,813,94,True
76,152,719,813,94,True
81,113,719,813,94,True
82,138,719,813,94,True
3,158,720,821,101,True
6,142,720,821,101,True
9,149,720,821,101,True
15,154,720,821,101,True
19,132,720,821,101,True
30,162,720,821,101,True
33,143,720,807,87,True
35,151,720,821,101,True
60,148,720,813,93,True
62,114,720,813,93,True
77,152,720,813,93,True
79,146,720,808,88,True
81,114,720,813,93,True
82,139,720,813,93,True
85,140,720,813,93,True
89,134,720,813,93,True
92,144,720,813,93,True
93,140,720,813,93,True
98,136,720,813,93,True
99,133,720,813,93,True
0,144,721,807,86,True
1,141,721,807,86,True
10,140,721,821,100,True
11,136,721,821,100,True
14,150,721,807,86,True
32,125,721,821,100,True
51,139,721,813,92,True
52,141,721,,,False
56,138,721,813,92,True
57,120,721,808,87,True
58,141,721,813,92,True
61,141,721,801,80,True
73,150,721,813,92,True
97,145,721,813,92,True
99,134,721,813,92,True
0,145,722,807,85,True
2,153,722,821,99,True
8,150,722,807,85,True
16,151,722,875,153,True
21,148,722,807,85,True
38,129,722,821,99,True
49,140,722,807,85,True
52,142,722,,,False
59,144,722,813,91,True
78,152,722,813,91,True
79,147,722,808,86,True
81,115,722,813,91,True
92,145,722,813,91,True
2,154,723,821,98,True
3,159,723,821,98,True
4,150,723,821,98,True
12,143,723,807,84,True
13,159,723,821,98,True
15,155,723,821,98,True
17,122,723,821,98,True
21,149,723,807,84,True
24,143,723,821,98,True
25,146,723,821,98,True
34,130,723,821,98,True
44,145,723,807,84,True
45,136,723,821,98,True
48,143,723,821,98,True
51,140,723,813,90,True
54,162,723,813,90,True
57,121,723,808,85,True
63,153,723,871,148,True
67,149,723,813,90,True
73,151,723,813,90,True
79,148,723,813,90,True
80,137,723,813,90,True
90,145,723,813,90,True
97,146,723,813,90,True
99,135,723,813,90,True
1,142,724,807,83,True
8,151,724,807,83,True
12,144,724,807,83,True
24,144,724,821,97,True
27,141,724,821,97,True
32,126,724,821,97,True
36,150,724,875,151,True
39,151,724,821,97,True
40,154,724,821,97,True
42,156,724,821,97,True
44,146,724,821,97,True
53,112,724,821,97,True
62,115,724,813,89,True
68,155,724,813,89,True
73,152,724,813,89,True
74,138,724,813,89,True
76,153,724,813,89,True
83,139,724,821,97,True
88,165,724,813,89,True
90,146,724,813,89,True
8,152,725,807,82,True
12,145,725,807,82,True
13,160,725,821,96,True
15,156,725,821,96,True
24,145,725,821,96,True
28,159,725,821,96,True
45,137,725,821,96,True
48,144,725,821,96,True
56,139,725,813,88,True
57,122,725,808,83,True
59,145,725,813,88,True
63,154,725,871,146,True
69,154,725,860,135,True
79,149,725,813,88,True
85,141,725,813,88,True
86,149,725,813,88,True
93,141,725,813,88,True
94,148,725,821,96,True
6,143,726,821,95,True
11,137,726,821,95,True
23,150,726,821,95,True
37,134,726,821,95,True
41,150,726,821,95,True
46,149,726,821,95,True
48,145,726,821,95,True
57,123,726,808,82,True
61,142,726,801,75,True
62,116,726,813,87,True
68,156,726,813,87,True
72,146,726,808,82,True
75,134,726,813,87,True
76,154,726,813,87,True
82,140,726,821,95,True
90,147,726,813,87,True
92,146,726,813,87,True
95,148,726,821,95,True
0,146,727,807,80,True
1,143,727,807,80,True
9,150,727,821,94,True
10,141,727,821,94,True
14,151,727,807,80,True
22,147,727,821,94,True
25,147,727,821,94,True
29,141,727,807,80,True
30,163,727,821,94,True
34,131,727,821,94,True
36,151,727,875,148,True
46,150,727,821,94,True
47,130,727,821,94,True
58,142,727,813,86,True
62,117,727,813,86,True
68,157,727,813,86,True
69,155,727,860,133,True
70,146,727,801,74,True
73,153,727,813,86,True
75,135,727,813,86,True
89,135,727,813,86,True
3,160,728,821,93,True
4,151,728,821,93,True
7,140,728,821,93,True
10,142,728,821,93,True
16,152,728,875,147,True
18,129,728,821,93,True
22,148,728,821,93,True
25,148,728,821,93,True
31,136,728,821,93,True
33,144,728,807,79,True
42,157,728,821,93,True
49,141,728,807,79,True
51,141,728,821,93,True
52,143,728,,,False
59,146,728,813,85,True
61,143,728,801,73,True
63,155,728,871,143,True
64,139,728,813,85,True
67,150,728,813,85,True
70,147,728,813,85,True
81,116,728,813,85,True
85,142,728,813,85,True
87,139,728,813,85,True
89,136,728,813,85,True
93,142,728,813,85,True
95,149,728,821,93,True
97,147,728,813,85,True
1,144,729,807,78,True
14,152,729,807,78,True
17,123,729,821,92,True
21,150,729,807,78,True
22,149,729,821,92,True
31,137,729,821,92,True
37,135,729,821,92,True
39,152,729,821,92,True
46,151,729,821,92,True
48,146,729,821,92,True
53,113,729,821,92,True
54,163,729,813,84,True
58,143,729,813,84,True
59,147,729,813,84,True
71,141,729,813,84,True
79,150,729,813,84,True
80,138,729,813,84,True
85,143,729,813,84,True
86,150,729,813,84,True
88,166,729,813,84,True
90,148,729,813,84,True
91,148,729,821,92,True
5,155,730,875,145,True
8,153,730,821,91,True
10,143,730,821,91,True
12,146,730,821,91,True
14,153,730,807,77,True
20,139,730,821,91,True
31,138,730,875,145,True
35,152,730,821,91,True
40,155,730,821,91,True
42,158,730,821,91,True
47,131,730,821,91,True
57,124,730,808,78,True
58,144,730,813,83,True
71,142,730,813,83,True
80,139,730,821,91,True
89,137,730,813,83,True
0,147,731,807,76,True
4,152,731,821,90,True
5,156,731,875,144,True
7,141,731,821,90,True
11,138,731,821,90,True
21,151,731,807,76,True
22,150,731,821,90,True
25,149,731,821,90,True
29,142,731,807,76,True
32,127,731,821,90,True
35,153,731,821,90,True
37,136,731,821,90,True
45,138,731,821,90,True
47,132,731,821,90,True
52,144,731,,,False
56,140,731,813,82,True
57,125,731,808,77,True
68,158,731,813,82,True
70,148,731,813,82,True
72,147,731,813,82,True
73,154,731,813,82,True
88,167,731,813,82,True
92,147,731,813,82,True
97,148,731,813,82,True
3,161,732,821,89,True
8,154,732,821,89,True
11,139,732,821,89,True
13,161,732,821,89,True
16,153,732,875,143,True
18,130,732,821,89,True
20,140,732,821,89,True
30,164,732,821,89,True
33,145,732,807,75,True
34,132,732,821,89,True
35,154,732,821,89,True
36,152,732,875,143,True
48,147,732,821,89,True
50,145,732,813,81,True
54,164,732,813,81,True
73,155,732,813,81,True
84,147,732,813,81,True
86,151,732,813,81,True
87,140,732,813,81,True
96,130,732,813,81,True
5,157,733,875,142,True
13,162,733,821,88,True
14,154,733,807,74,True
19,133,733,821,88,True
20,141,733,821,88,True
22,151,733,821,88,True
24,146,733,821,88,True
28,160,733,821,88,True
31,139,733,875,142,True
33,146,733,807,74,True
39,153,733,821,88,True
40,156,733,821,88,True
42,159,733,821,88,True
48,148,733,821,88,True
50,146,733,813,80,True
51,142,733,821,88,True
52,145,733,,,False
55,145,733,821,88,True
58,145,733,813,80,True
62,118,733,813,80,True
63,156,733,871,138,True
68,159,733,821,88,True
71,143,733,813,80,True
74,139,733,813,80,True
75,136,733,813,80,True
76,155,733,813,80,True
81,117,733,813,80,True
94,149,733,821,88,True
0,148,734,807,73,True
3,162,734,821,87,True
6,144,734,821,87,True
9,151,734,821,87,True
11,140,734,821,87,True
19,134,734,821,87,True
20,142,734,821,87,True
27,142,734,821,87,True
29,143,734,821,87,True
33,147,734,807,73,True
34,133,734,821,87,True
37,137,734,875,141,True
38,130,734,875,141,True
49,142,734,821,87,True
51,143,734,821,87,True
54,165,734,813,79,True
56,141,734,813,79,True
57,126,734,808,74,True
58,146,734,813,79,True
64,140,734,813,79,True
69,156,734,860,126,True
72,148,734,813,79,True
77,153,734,813,79,True
83,140,734,821,87,True
87,141,734,813,79,True
90,149,734,813,79,True
92,148,734,813,79,True
93,143,734,813,79,True
98,137,734,813,79,True
4,153,735,821,86,True
5,158,735,875,140,True
7,142,735,821,86,True
13,163,735,821,86,True
14,155,735,807,72,True
22,152,735,821,86,True
35,155,735,821,86,True
41,151,735,821,86,True
42,160,735,821,86,True
44,147,735,821,86,True
48,149,735,821,86,True
51,144,735,821,86,True
56,142,735,813,78,True
58,147,735,813,78,True
65,158,735,813,78,True
73,156,735,813,78,True
76,156,735,813,78,True
78,153,735,871,136,True
80,140,735,821,86,True
97,149,735,821,86,True
98,138,735,813,78,True
3,163,736,821,85,True
5,159,736,875,139,True
6,145,736,821,85,True
8,155,736,821,85,True
10,144,736,821,85,True
11,141,736,821,85,True
17,124,736,875,139,True
22,153,736,821,85,True
26,139,736,821,85,True
29,144,736,821,85,True
33,148,736,807,71,True
34,134,736,821,85,True
35,156,736,821,85,True
38,131,736,875,139,True
43,146,736,821,85,True
45,139,736,821,85,True
47,133,736,821,85,True
69,157,736,860,124,True
73,157,736,813,77,True
76,157,736,813,77,True
80,141,736,821,85,True
83,141,736,821,85,True
98,139,736,813,77,True
0,149,737,821,84,True
8,156,737,821,84,True
9,152,737,821,84,True
16,154,737,875,138,True
20,143,737,821,84,True
24,147,737,821,84,True
28,161,737,875,138,True
32,128,737,821,84,True
33,149,737,821,84,True
36,153,737,875,138,True
43,147,737,821,84,True
47,134,737,821,84,True
57,127,737,808,71,True
84,148,737,813,76,True
97,150,737,871,134,True
99,136,737,813,76,True
8,157,738,821,83,True
21,152,738,821,83,True
22,154,738,821,83,True
40,157,738,875,137,True
41,152,738,821,83,True
44,148,738,821,83,True
53,114,738,821,83,True
55,146,738,821,83,True
57,128,738,808,70,True
62,119,738,813,75,True
69,158,738,860,122,True
72,149,738,813,75,True
77,154,738,813,75,True
81,118,738,813,75,True
82,141,738,821,83,True
85,144,738,813,75,True
87,142,738,813,75,True
93,144,738,813,75,True
2,155,739,821,82,True
15,157,739,821,82,True
17,125,739,875,136,True
30,165,739,821,82,True
31,140,739,875,136,True
37,138,739,875,136,True
38,132,739,875,136,True
41,153,739,821,82,True
43,148,739,821,82,True
51,145,739,821,82,True
52,146,739,,,False
55,147,739,821,82,True
65,159,739,813,74,True
67,151,739,813,74,True
95,150,739,821,82,True
3,164,740,821,81,True
7,143,740,875,135,True
9,153,740,821,81,True
10,145,740,875,135,True
12,147,740,821,81,True
13,164,740,821,81,True
18,131,740,821,81,True
21,153,740,821,81,True
31,141,740,875,135,True
34,135,740,821,81,True
35,157,740,821,81,True
40,158,740,875,135,True
46,152,740,875,135,True
49,143,740,821,81,True
51,146,740,821,81,True
62,120,740,813,73,True
68,160,740,821,81,True
69,159,740,860,120,True
77,155,740,813,73,True
78,154,740,871,131,True
80,142,740,821,81,True
83,142,740,821,81,True
85,145,740,813,73,True
86,152,740,813,73,True
93,145,740,813,73,True
0,150,741,821,80,True
2,156,741,821,80,True
11,142,741,821,80,True
15,158,741,821,80,True
22,155,741,875,134,True
23,151,741,821,80,True
30,166,741,821,80,True
37,139,741,875,134,True
38,133,741,875,134,True
40,159,741,875,134,True
42,161,741,821,80,True
56,143,741,813,72,True
57,129,741,808,67,True
59,148,741,813,72,True
67,152,741,813,72,True
72,150,741,813,72,True
81,119,741,813,72,True
83,143,741,821,80,True
97,151,741,871,130,True
98,140,741,813,72,True
0,151,742,821,79,True
2,157,742,821,79,True
3,165,742,821,79,True
16,155,742,875,133,True
19,135,742,821,79,True
25,150,742,875,133,True
28,162,742,875,133,True
35,158,742,821,79,True
54,166,742,813,71,True
59,149,742,813,71,True
64,141,742,813,71,True
66,153,742,821,79,True
67,153,742,813,71,True
68,161,742,821,79,True
73,158,742,813,71,True
75,137,742,813,71,True
87,143,742,813,71,True
88,168,742,813,71,True
95,151,742,871,129,True
98,141,742,813,71,True
99,137,742,813,71,True
2,158,743,821,78,True
6,146,743,821,78,True
8,158,743,821,78,True
16,156,743,875,132,True
23,152,743,821,78,True
28,163,743,875,132,True
30,167,743,821,78,True
31,142,743,875,132,True
32,129,743,821,78,True
42,162,743,875,132,True
50,147,743,813,70,True
53,115,743,871,128,True
54,167,743,813,70,True
58,148,743,813,70,True
63,157,743,871,128,True
66,154,743,821,78,True
72,151,743,813,70,True
74,140,743,813,70,True
75,138,743,813,70,True
77,156,743,813,70,True
81,120,743,813,70,True
85,146,743,813,70,True
88,169,743,813,70,True
89,138,743,860,117,True
92,149,743,813,70,True
0,152,744,821,77,True
28,164,744,875,131,True
33,150,744,821,77,True
37,140,744,875,131,True
57,130,744,821,77,True
70,149,744,813,69,True
71,144,744,860,116,True
78,155,744,871,127,True
80,143,744,821,77,True
83,144,744,821,77,True
90,150,744,871,127,True
91,149,744,821,77,True
92,150,744,813,69,True
97,152,744,871,127,True
7,144,745,875,130,True
8,159,745,821,76,True
10,146,745,875,130,True
11,143,745,821,76,True
18,132,745,875,130,True
21,154,745,912,167,True
32,130,745,875,130,True
43,149,745,875,130,True
49,144,745,821,76,True
54,168,745,813,68,True
56,144,745,813,68,True
61,144,745,813,68,True
92,151,745,813,68,True
97,153,745,871,126,True
6,147,746,821,75,True
10,147,746,875,129,True
13,165,746,821,75,True
14,156,746,821,75,True
16,157,746,875,129,True
18,133,746,875,129,True
21,155,746,912,166,True
25,151,746,875,129,True
29,145,746,821,75,True
45,140,746,846,100,True
48,150,746,875,129,True
53,116,746,871,125,True
54,169,746,813,67,True
57,131,746,821,75,True
60,149,746,813,67,True
65,160,746,813,67,True
69,160,746,860,114,True
77,157,746,813,67,True
81,121,746,813,67,True
83,145,746,821,75,True
94,150,746,871,125,True
3,166,747,875,128,True
7,145,747,875,128,True
8,160,747,912,165,True
18,134,747,875,128,True
20,144,747,846,99,True
22,156,747,875,128,True
25,152,747,875,128,True
27,143,747,875,128,True
30,168,747,821,74,True
44,149,747,821,74,True
49,145,747,821,74,True
52,147,747,,,False
57,132,747,821,74,True
60,150,747,860,113,True
61,145,747,813,66,True
63,158,747,871,124,True
67,154,747,813,66,True
73,159,747,813,66,True
75,139,747,813,66,True
78,156,747,871,124,True
84,149,747,813,66,True
95,152,747,871,124,True
98,142,747,813,66,True
1,145,748,821,73,True
7,146,748,875,127,True
12,148,748,821,73,True
14,157,748,821,73,True
19,136,748,875,127,True
24,148,748,875,127,True
25,153,748,875,127,True
27,144,748,875,127,True
29,146,748,821,73,True
32,131,748,875,127,True
34,136,748,821,73,True
45,141,748,846,98,True
46,153,748,875,127,True
56,145,748,813,65,True
58,149,748,813,65,True
59,150,748,813,65,True
64,142,748,821,73,True
68,162,748,821,73,True
69,161,748,860,112,True
71,145,748,860,112,True
75,140,748,813,65,True
82,142,748,821,73,True
85,147,748,813,65,True
89,139,748,860,112,True
96,131,748,893,145,True
0,153,749,821,72,True
10,148,749,875,126,True
11,144,749,821,72,True
15,159,749,846,97,True
19,137,749,875,126,True
27,145,749,875,126,True
34,137,749,821,72,True
35,159,749,821,72,True
43,150,749,875,126,True
47,135,749,821,72,True
54,170,749,813,64,True
57,133,749,821,72,True
59,151,749,813,64,True
63,159,749,871,122,True
65,161,749,813,64,True
68,163,749,821,72,True
76,158,749,813,64,True
83,146,749,821,72,True
84,150,749,813,64,True
93,146,749,871,122,True
6,148,750,821,71,True
7,147,750,875,125,True
16,158,750,875,125,True
17,126,750,875,125,True
19,138,750,875,125,True
23,153,750,821,71,True
35,160,750,821,71,True
63,160,750,871,121,True
64,143,750,821,71,True
65,162,750,813,63,True
69,162,750,860,110,True
72,152,750,821,71,True
75,141,750,813,63,True
80,144,750,821,71,True
82,143,750,821,71,True
85,148,750,813,63,True
90,151,750,871,121,True
94,151,750,871,121,True
95,153,750,871,121,True
0,154,751,821,70,True
10,149,751,875,124,True
13,166,751,875,124,True
18,135,751,875,124,True
22,157,751,875,124,True
25,154,751,875,124,True
27,146,751,875,124,True
28,165,751,875,124,True
31,143,751,875,124,True
41,154,751,875,124,True
42,163,751,875,124,True
47,136,751,821,70,True
52,148,751,,,False
58,150,751,813,62,True
60,151,751,860,109,True
61,146,751,821,70,True
64,144,751,821,70,True
73,160,751,813,62,True
75,142,751,813,62,True
82,144,751,821,70,True
83,147,751,821,70,True
92,152,751,871,120,True
93,147,751,871,120,True
0,155,752,821,69,True
1,146,752,821,69,True
10,150,752,875,123,True
18,136,752,875,123,True
24,149,752,875,123,True
25,155,752,875,123,True
31,144,752,875,123,True
38,134,752,875,123,True
39,154,752,875,123,True
40,160,752,875,123,True
50,148,752,813,61,True
52,149,752,,,False
58,151,752,813,61,True
73,161,752,813,61,True
74,141,752,813,61,True
77,158,752,813,61,True
81,122,752,813,61,True
82,145,752,821,69,True
87,144,752,860,108,True
89,140,752,860,108,True
92,153,752,871,119,True
93,148,752,871,119,True
97,154,752,871,119,True
98,143,752,813,61,True
0,156,753,821,68,True
6,149,753,821,68,True
15,160,753,846,93,True
16,159,753,875,122,True
22,158,753,875,122,True
23,154,753,875,122,True
24,150,753,875,122,True
31,145,753,875,122,True
32,132,753,875,122,True
41,155,753,875,122,True
42,164,753,875,122,True
43,151,753,875,122,True
45,142,753,846,93,True
49,146,753,821,68,True
50,149,753,813,60,True
53,117,753,871,118,True
58,152,753,813,60,True
61,147,753,821,68,True
66,155,753,871,118,True
78,157,753,871,118,True
95,154,753,871,118,True
0,157,754,821,67,True
11,145,754,821,67,True
13,167,754,875,121,True
17,127,754,875,121,True
26,140,754,875,121,True
34,138,754,821,67,True
40,161,754,875,121,True
44,150,754,875,121,True
49,147,754,821,67,True
53,118,754,871,117,True
58,153,754,813,59,True
59,152,754,813,59,True
63,161,754,871,117,True
69,163,754,860,106,True
76,159,754,813,59,True
77,159,754,813,59,True
81,123,754,813,59,True
82,146,754,821,67,True
88,170,754,860,106,True
3,167,755,875,120,True
4,154,755,875,120,True
7,148,755,875,120,True
8,161,755,912,157,True
11,146,755,912,157,True
15,161,755,846,91,True
16,160,755,875,120,True
18,137,755,875,120,True
20,145,755,846,91,True
22,159,755,875,120,True
25,156,755,875,120,True
32,133,755,875,120,True
34,139,755,846,91,True
46,154,755,875,120,True
50,150,755,813,58,True
59,153,755,813,58,True
65,163,755,860,105,True
69,164,755,860,105,True
71,146,755,871,116,True
74,142,755,860,105,True
81,124,755,813,58,True
85,149,755,813,58,True
86,153,755,821,66,True
93,149,755,871,116,True
94,152,755,871,116,True
98,144,755,813,58,True
0,158,756,821,65,True
3,168,756,875,119,True
7,149,756,875,119,True
10,151,756,875,119,True
22,160,756,875,119,True
27,147,756,875,119,True
37,141,756,875,119,True
59,154,756,813,57,True
65,164,756,860,104,True
67,155,756,813,57,True
82,147,756,821,65,True
87,145,756,860,104,True
91,150,756,821,65,True
97,155,756,871,115,True
0,159,757,821,64,True
2,159,757,875,118,True
5,160,757,875,118,True
11,147,757,912,155,True
13,168,757,875,118,True
15,162,757,846,89,True
16,161,757,875,118,True
23,155,757,875,118,True
34,140,757,846,89,True
39,155,757,875,118,True
52,150,757,,,False
53,119,757,871,114,True
65,165,757,860,103,True
72,153,757,821,64,True
78,158,757,871,114,True
79,151,757,813,56,True
81,125,757,813,56,True
86,154,757,821,64,True
88,171,757,860,103,True
94,153,757,871,114,True
97,156,757,871,114,True
5,161,758,875,117,True
12,149,758,821,63,True
29,147,758,821,63,True
31,146,758,875,117,True
36,154,758,875,117,True
37,142,758,875,117,True
39,156,758,875,117,True
41,156,758,875,117,True
44,151,758,875,117,True
46,155,758,875,117,True
48,151,758,875,117,True
52,151,758,,,False
54,171,758,813,55,True
55,148,758,871,113,True
57,134,758,821,63,True
59,155,758,813,55,True
60,152,758,860,102,True
61,148,758,821,63,True
64,145,758,821,63,True
66,156,758,871,113,True
67,156,758,813,55,True
68,164,758,821,63,True
79,152,758,813,55,True
80,145,758,871,113,True
85,150,758,813,55,True
88,172,758,860,102,True
89,141,758,893,135,True
94,154,758,871,113,True
97,157,758,871,113,True
4,155,759,875,116,True
11,148,759,912,153,True
13,169,759,875,116,True
14,158,759,821,62,True
17,128,759,875,116,True
19,139,759,875,116,True
22,161,759,912,153,True
23,156,759,875,116,True
36,155,759,875,116,True
50,151,759,860,101,True
53,120,759,871,112,True
55,149,759,871,112,True
58,154,759,813,54,True
59,156,759,813,54,True
65,166,759,860,101,True
68,165,759,821,62,True
74,143,759,860,101,True
75,143,759,813,54,True
83,148,759,871,112,True
88,173,759,860,101,True
90,152,759,871,112,True
95,155,759,871,112,True
98,145,759,821,62,True
1,147,760,821,61,True
6,150,760,875,115,True
23,157,760,875,115,True
25,157,760,875,115,True
29,148,760,821,61,True
37,143,760,875,115,True
41,157,760,875,115,True
42,165,760,875,115,True
49,148,760,821,61,True
62,121,760,871,111,True
65,167,760,860,100,True
66,157,760,871,111,True
73,162,760,813,53,True
75,144,760,813,53,True
89,142,760,893,133,True
99,138,760,871,111,True
13,170,761,875,114,True
15,163,761,846,85,True
17,129,761,875,114,True
27,148,761,875,114,True
28,166,761,875,114,True
31,147,761,875,114,True
39,157,761,875,114,True
47,137,761,821,60,True
48,152,761,875,114,True
49,149,761,912,151,True
54,172,761,813,52,True
60,153,761,860,99,True
62,122,761,871,110,True
72,154,761,821,60,True
79,153,761,813,52,True
86,155,761,821,60,True
88,174,761,860,99,True
90,153,761,871,110,True
91,151,761,821,60,True
96,132,761,893,132,True
1,148,762,821,59,True
2,160,762,875,113,True
6,151,762,875,113,True
7,150,762,875,113,True
8,162,762,912,150,True
10,152,762,875,113,True
12,150,762,821,59,True
14,159,762,821,59,True
18,138,762,875,113,True
22,162,762,912,150,True
28,167,762,875,113,True
30,169,762,875,113,True
31,148,762,875,113,True
34,141,762,846,84,True
35,161,762,875,113,True
40,162,762,875,113,True
43,152,762,875,113,True
51,147,762,871,109,True
55,150,762,871,109,True
56,146,762,813,51,True
58,155,762,871,109,True
61,149,762,821,59,True
67,157,762,871,109,True
69,165,762,860,98,True
73,163,762,860,98,True
78,159,762,871,109,True
83,149,762,871,109,True
86,156,762,821,59,True
87,146,762,860,98,True
90,154,762,871,109,True
92,154,762,871,109,True
5,162,763,875,112,True
7,151,763,875,112,True
10,153,763,875,112,True
13,171,763,875,112,True
17,130,763,875,112,True
23,158,763,875,112,True
27,149,763,875,112,True
38,135,763,875,112,True
40,163,763,875,112,True
52,152,763,,,False
55,151,763,871,108,True
59,157,763,813,50,True
60,154,763,860,97,True
61,150,763,821,58,True
75,145,763,813,50,True
77,160,763,860,97,True
80,146,763,871,108,True
86,157,763,821,58,True
94,155,763,871,108,True
99,139,763,871,108,True
4,156,764,875,111,True
7,152,764,875,111,True
13,172,764,875,111,True
26,141,764,875,111,True
28,168,764,875,111,True
29,149,764,821,57,True
49,150,764,912,148,True
51,148,764,871,107,True
54,173,764,813,49,True
63,162,764,871,107,True
64,146,764,821,57,True
67,158,764,871,107,True
78,160,764,871,107,True
84,151,764,871,107,True
95,156,764,871,107,True
96,133,764,893,129,True
97,158,764,871,107,True
3,169,765,875,110,True
5,163,765,875,110,True
7,153,765,875,110,True
13,173,765,875,110,True
15,164,765,846,81,True
27,150,765,912,147,True
31,149,765,875,110,True
37,144,765,875,110,True
44,152,765,875,110,True
45,143,765,875,110,True
48,153,765,875,110,True
57,135,765,821,56,True
58,156,765,871,106,True
60,155,765,860,95,True
62,123,765,871,106,True
63,163,765,871,106,True
76,160,765,860,95,True
77,161,765,860,95,True
78,161,765,871,106,True
79,154,765,813,48,True
83,150,765,871,106,True
86,158,765,821,56,True
87,147,765,860,95,True
92,155,765,871,106,True
97,159,765,871,106,True
1,149,766,821,55,True
5,164,766,875,109,True
15,165,766,846,80,True
16,162,766,875,109,True
19,140,766,875,109,True
25,158,766,875,109,True
37,145,766,875,109,True
42,166,766,875,109,True
49,151,766,912,146,True
62,124,766,871,105,True
65,168,766,860,94,True
66,158,766,871,105,True
71,147,766,871,105,True
72,155,766,821,55,True
73,164,766,860,94,True
74,144,766,893,127,True
84,152,766,871,105,True
94,156,766,871,105,True
95,157,766,871,105,True
96,134,766,893,127,True
3,170,767,875,108,True
5,165,767,875,108,True
17,131,767,875,108,True
23,159,767,875,108,True
32,134,767,875,108,True
34,142,767,875,108,True
44,153,767,875,108,True
48,154,767,912,145,True
53,121,767,871,104,True
54,174,767,871,104,True
74,145,767,893,126,True
79,155,767,813,46,True
80,147,767,871,104,True
82,148,767,871,104,True
88,175,767,860,93,True
98,146,767,846,79,True
0,160,768,821,53,True
4,157,768,875,107,True
6,152,768,875,107,True
8,163,768,912,144,True
16,163,768,875,107,True
19,141,768,875,107,True
26,142,768,875,107,True
31,150,768,875,107,True
40,164,768,875,107,True
43,153,768,875,107,True
45,144,768,875,107,True
48,155,768,912,144,True
49,152,768,912,144,True
53,122,768,871,103,True
55,152,768,871,103,True
62,125,768,871,103,True
69,166,768,871,103,True
70,150,768,846,78,True
74,146,768,893,125,True
78,162,768,871,103,True
79,156,768,813,45,True
85,151,768,813,45,True
88,176,768,860,92,True
95,158,768,871,103,True
3,171,769,875,106,True
8,164,769,912,143,True
10,154,769,875,106,True
12,151,769,875,106,True
13,174,769,875,106,True
19,142,769,875,106,True
22,163,769,912,143,True
29,150,769,821,52,True
40,165,769,912,143,True
43,154,769,875,106,True
51,149,769,871,102,True
57,136,769,821,52,True
63,164,769,871,102,True
64,147,769,821,52,True
66,159,769,871,102,True
72,156,769,821,52,True
73,165,769,860,91,True
82,149,769,871,102,True
86,159,769,821,52,True
89,143,769,893,124,True
91,152,769,871,102,True
92,156,769,871,102,True
94,157,769,871,102,True
99,140,769,871,102,True
0,161,770,821,51,True
4,158,770,875,105,True
5,166,770,875,105,True
19,143,770,875,105,True
22,164,770,912,142,True
26,143,770,875,105,True
28,169,770,875,105,True
31,151,770,875,105,True
40,166,770,912,142,True
54,175,770,871,101,True
61,151,770,846,76,True
71,148,770,871,101,True
72,157,770,821,51,True
85,152,770,813,43,True
91,153,770,871,101,True
92,157,770,871,101,True
97,160,770,871,101,True
98,147,770,846,76,True
13,175,771,875,104,True
19,144,771,875,104,True
26,144,771,875,104,True
29,151,771,912,141,True
31,152,771,875,104,True
33,151,771,912,141,True
45,145,771,875,104,True
51,150,771,871,100,True
59,158,771,871,100,True
62,126,771,871,100,True
75,146,771,860,89,True
80,148,771,871,100,True
83,151,771,871,100,True
84,153,771,871,100,True
87,148,771,871,100,True
89,144,771,893,122,True
90,155,771,871,100,True
94,158,771,871,100,True
96,135,771,893,122,True
99,141,771,871,100,True
2,161,772,875,103,True
4,159,772,875,103,True
7,154,772,875,103,True
11,149,772,912,140,True
22,165,772,912,140,True
28,170,772,875,103,True
31,153,772,875,103,True
34,143,772,875,103,True
39,158,772,875,103,True
41,158,772,875,103,True
45,146,772,875,103,True
48,156,772,912,140,True
49,153,772,912,140,True
68,166,772,871,99,True
80,149,772,871,99,True
84,154,772,871,99,True
85,153,772,813,41,True
86,160,772,821,49,True
96,136,772,893,121,True
1,150,773,912,139,True
4,160,773,875,102,True
6,153,773,912,139,True
10,155,773,912,139,True
18,139,773,875,102,True
23,160,773,875,102,True
32,135,773,875,102,True
33,152,773,912,139,True
38,136,773,875,102,True
44,154,773,875,102,True
60,156,773,893,120,True
65,169,773,860,87,True
84,155,773,871,98,True
88,177,773,860,87,True
89,145,773,893,120,True
90,156,773,871,98,True
6,154,774,912,138,True
14,160,774,821,47,True
17,132,774,912,138,True
20,146,774,846,72,True
21,156,774,912,138,True
24,151,774,912,138,True
36,156,774,912,138,True
43,155,774,875,101,True
45,147,774,875,101,True
50,152,774,860,86,True
58,157,774,871,97,True
67,159,774,871,97,True
70,151,774,871,97,True
71,149,774,871,97,True
75,147,774,860,86,True
76,161,774,860,86,True
78,163,774,893,119,True
84,156,774,871,97,True
85,154,774,813,39,True
87,149,774,871,97,True
97,161,774,871,97,True
2,162,775,912,137,True
4,161,775,875,100,True
12,152,775,875,100,True
18,140,775,875,100,True
20,147,775,846,71,True
24,152,775,912,137,True
30,170,775,875,100,True
35,162,775,875,100,True
39,159,775,875,100,True
44,155,775,875,100,True
45,148,775,875,100,True
47,138,775,912,137,True
54,176,775,871,96,True
58,158,775,871,96,True
60,157,775,893,118,True
62,127,775,871,96,True
70,152,775,871,96,True
73,166,775,860,85,True
96,137,775,893,118,True
7,155,776,912,136,True
11,150,776,912,136,True
13,176,776,875,99,True
18,141,776,875,99,True
20,148,776,846,70,True
25,159,776,875,99,True
28,171,776,875,99,True
38,137,776,875,99,True
39,160,776,875,99,True
41,159,776,875,99,True
42,167,776,875,99,True
49,154,776,912,136,True
58,159,776,871,95,True
61,152,776,846,70,True
64,148,776,821,45,True
76,162,776,860,84,True
77,162,776,893,117,True
83,152,776,893,117,True
84,157,776,871,95,True
92,158,776,871,95,True
97,162,776,871,95,True
98,148,776,846,70,True
0,162,777,912,135,True
11,151,777,912,135,True
16,164,777,912,135,True
17,133,777,912,135,True
22,166,777,912,135,True
36,157,777,912,135,True
43,156,777,875,98,True
60,158,777,893,116,True
75,148,777,860,83,True
82,150,777,871,94,True
90,157,777,871,94,True
5,167,778,912,134,True
6,155,778,912,134,True
16,165,778,912,134,True
30,171,778,875,97,True
32,136,778,912,134,True
36,158,778,912,134,True
40,167,778,912,134,True
42,168,778,875,97,True
45,149,778,875,97,True
46,156,778,912,134,True
49,155,778,912,134,True
50,153,778,860,82,True
61,153,778,846,68,True
74,147,778,893,115,True
77,163,778,893,115,True
88,178,778,968,190,True
97,163,778,871,93,True
8,165,779,912,133,True
10,156,779,912,133,True
13,177,779,875,96,True
16,166,779,912,133,True
24,153,779,912,133,True
25,160,779,875,96,True
29,152,779,912,133,True
31,154,779,875,96,True
32,137,779,912,133,True
37,146,779,912,133,True
48,157,779,912,133,True
54,177,779,871,92,True
55,153,779,893,114,True
56,147,779,871,92,True
58,160,779,871,92,True
59,159,779,893,114,True
68,167,779,871,92,True
70,153,779,871,92,True
75,149,779,860,81,True
79,157,779,860,81,True
81,126,779,893,114,True
99,142,779,871,92,True
0,163,780,912,132,True
1,151,780,912,132,True
16,167,780,912,132,True
38,138,780,875,95,True
39,161,780,875,95,True
46,157,780,912,132,True
49,156,780,912,132,True
50,154,780,860,80,True
54,178,780,871,91,True
63,165,780,871,91,True
73,167,780,860,80,True
76,163,780,860,80,True
77,164,780,893,113,True
96,138,780,893,113,True
21,157,781,912,131,True
22,167,781,912,131,True
23,161,781,875,94,True
32,138,781,912,131,True
36,159,781,912,131,True
39,162,781,912,131,True
43,157,781,875,94,True
45,150,781,875,94,True
56,148,781,871,90,True
68,168,781,893,112,True
70,154,781,871,90,True
71,150,781,893,112,True
75,150,781,871,90,True
77,165,781,893,112,True
85,155,781,871,90,True
90,158,781,871,90,True
3,172,782,912,130,True
5,168,782,912,130,True
6,156,782,912,130,True
17,134,782,912,130,True
20,149,782,846,64,True
21,158,782,912,130,True
23,162,782,875,93,True
27,151,782,912,130,True
35,163,782,875,93,True
46,158,782,912,130,True
47,139,782,912,130,True
50,155,782,860,78,True
51,151,782,893,111,True
59,160,782,893,111,True
61,154,782,846,64,True
72,158,782,860,78,True
99,143,782,871,89,True
7,156,783,912,129,True
9,154,783,912,129,True
17,135,783,912,129,True
21,159,783,912,129,True
25,161,783,875,92,True
33,153,783,912,129,True
38,139,783,875,92,True
41,160,783,912,129,True
45,151,783,875,92,True
46,159,783,912,129,True
47,140,783,912,129,True
56,149,783,871,88,True
62,128,783,871,88,True
63,166,783,871,88,True
65,170,783,893,110,True
67,160,783,871,88,True
70,155,783,871,88,True
72,159,783,860,77,True
73,168,783,860,77,True
83,153,783,893,110,True
95,159,783,871,88,True
6,157,784,912,128,True
11,152,784,912,128,True
12,153,784,912,128,True
14,161,784,912,128,True
20,150,784,846,62,True
45,152,784,875,91,True
50,156,784,860,76,True
55,154,784,893,109,True
58,161,784,871,87,True
68,169,784,893,109,True
72,160,784,860,76,True
76,164,784,860,76,True
77,166,784,893,109,True
78,164,784,893,109,True
83,154,784,893,109,True
84,158,784,871,87,True
95,160,784,871,87,True
96,139,784,893,109,True
0,164,785,912,127,True
2,163,785,912,127,True
11,153,785,912,127,True
13,178,785,912,127,True
14,162,785,912,127,True
18,142,785,912,127,True
20,151,785,846,61,True
26,145,785,912,127,True
56,150,785,871,86,True
58,162,785,871,86,True
60,159,785,893,108,True
66,160,785,893,108,True
69,167,785,871,86,True
71,151,785,893,108,True
77,167,785,893,108,True
78,165,785,893,108,True
87,150,785,871,86,True
90,159,785,871,86,True
91,154,785,871,86,True
92,159,785,893,108,True
6,158,786,912,126,True
13,179,786,912,126,True
21,160,786,912,126,True
23,163,786,912,126,True
26,146,786,912,126,True
27,152,786,912,126,True
29,153,786,912,126,True
37,147,786,912,126,True
38,140,786,912,126,True
42,169,786,912,126,True
46,160,786,912,126,True
48,158,786,912,126,True
64,149,786,871,85,True
65,171,786,893,107,True
78,166,786,893,107,True
85,156,786,871,85,True
86,161,786,860,74,True
95,161,786,893,107,True
0,165,787,912,125,True
11,154,787,912,125,True
12,154,787,912,125,True
15,166,787,875,88,True
20,152,787,846,59,True
22,168,787,912,125,True
26,147,787,912,125,True
28,172,787,912,125,True
29,154,787,912,125,True
31,155,787,912,125,True
35,164,787,875,88,True
37,148,787,912,125,True
40,168,787,912,125,True
48,159,787,912,125,True
50,157,787,860,73,True
51,152,787,893,106,True
53,123,787,893,106,True
61,155,787,871,84,True
62,129,787,871,84,True
68,170,787,893,106,True
69,168,787,871,84,True
75,151,787,968,181,True
77,168,787,893,106,True
83,155,787,893,106,True
86,162,787,860,73,True
87,151,787,871,84,True
89,146,787,968,181,True
94,159,787,893,106,True
96,140,787,893,106,True
8,166,788,912,124,True
21,161,788,912,124,True
22,169,788,912,124,True
24,154,788,912,124,True
27,153,788,912,124,True
29,155,788,912,124,True
37,149,788,912,124,True
52,153,788,,,False
53,124,788,893,105,True
55,155,788,893,105,True
58,163,788,871,83,True
62,130,788,871,83,True
63,167,788,893,105,True
76,165,788,860,72,True
82,151,788,893,105,True
96,141,788,893,105,True
0,166,789,912,123,True
1,152,789,912,123,True
3,173,789,912,123,True
4,162,789,875,86,True
6,159,789,912,123,True
7,157,789,912,123,True
16,168,789,912,123,True
28,173,789,912,123,True
38,141,789,912,123,True
46,161,789,912,123,True
50,158,789,860,71,True
51,153,789,893,104,True
53,125,789,893,104,True
59,161,789,893,104,True
64,150,789,871,82,True
70,156,789,871,82,True
71,152,789,893,104,True
75,152,789,968,179,True
77,169,789,893,104,True
85,157,789,871,82,True
92,160,789,893,104,True
1,153,790,912,122,True
5,169,790,912,122,True
6,160,790,912,122,True
10,157,790,912,122,True
18,143,790,912,122,True
22,170,790,912,122,True
29,156,790,912,122,True
32,139,790,912,122,True
46,162,790,912,122,True
49,157,790,912,122,True
52,154,790,,,False
57,137,790,860,70,True
58,164,790,871,81,True
72,161,790,860,70,True
73,169,790,860,70,True
74,148,790,893,103,True
77,170,790,893,103,True
81,127,790,893,103,True
83,156,790,893,103,True
92,161,790,893,103,True
94,160,790,893,103,True
95,162,790,893,103,True
99,144,790,893,103,True
12,155,791,912,121,True
13,180,791,912,121,True
15,167,791,875,84,True
18,144,791,912,121,True
19,145,791,912,121,True
20,153,791,875,84,True
22,171,791,912,121,True
25,162,791,912,121,True
26,148,791,912,121,True
29,157,791,912,121,True
30,172,791,875,84,True
31,156,791,912,121,True
39,163,791,912,121,True
46,163,791,912,121,True
48,160,791,912,121,True
57,138,791,860,69,True
59,162,791,893,102,True
63,168,791,893,102,True
70,157,791,871,80,True
76,166,791,871,80,True
85,158,791,871,80,True
86,163,791,871,80,True
89,147,791,968,177,True
92,162,791,893,102,True
3,174,792,912,120,True
6,161,792,912,120,True
8,167,792,912,120,True
13,181,792,912,120,True
17,136,792,912,120,True
21,162,792,912,120,True
24,155,792,912,120,True
30,173,792,875,83,True
31,157,792,912,120,True
32,140,792,912,120,True
34,144,792,875,83,True
70,158,792,871,79,True
73,170,792,871,79,True
80,150,792,893,101,True
81,128,792,893,101,True
85,159,792,871,79,True
0,167,793,912,119,True
2,164,793,912,119,True
5,170,793,912,119,True
8,168,793,912,119,True
17,137,793,912,119,True
21,163,793,912,119,True
25,163,793,912,119,True
33,154,793,912,119,True
34,145,793,875,82,True
36,160,793,912,119,True
37,150,793,912,119,True
46,164,793,912,119,True
47,141,793,912,119,True
50,159,793,860,67,True
51,154,793,893,100,True
56,151,793,893,100,True
59,163,793,893,100,True
63,169,793,893,100,True
66,161,793,893,100,True
70,159,793,871,78,True
71,153,793,893,100,True
72,162,793,860,67,True
74,149,793,893,100,True
88,179,793,968,175,True
90,160,793,893,100,True
92,163,793,893,100,True
93,150,793,893,100,True
1,154,794,912,118,True
8,169,794,912,118,True
14,163,794,912,118,True
17,138,794,912,118,True
19,146,794,912,118,True
20,154,794,875,81,True
23,164,794,912,118,True
26,149,794,912,118,True
31,158,794,912,118,True
34,146,794,875,81,True
37,151,794,912,118,True
40,169,794,912,118,True
41,161,794,912,118,True
44,156,794,912,118,True
46,165,794,912,118,True
49,158,794,912,118,True
55,156,794,893,99,True
59,164,794,893,99,True
67,161,794,893,99,True
73,171,794,871,77,True
74,150,794,893,99,True
75,153,794,968,174,True
77,171,794,893,99,True
78,167,794,968,174,True
89,148,794,968,174,True
91,155,794,893,99,True
92,164,794,893,99,True
95,163,794,893,99,True
2,165,795,912,117,True
7,158,795,912,117,True
9,155,795,912,117,True
15,168,795,875,80,True
26,150,795,912,117,True
29,158,795,912,117,True
31,159,795,912,117,True
36,161,795,912,117,True
38,142,795,912,117,True
58,165,795,893,98,True
62,131,795,893,98,True
63,170,795,893,98,True
67,162,795,893,98,True
69,169,795,893,98,True
72,163,795,860,65,True
74,151,795,893,98,True
85,160,795,871,76,True
92,165,795,893,98,True
93,151,795,893,98,True
2,166,796,912,116,True
3,175,796,912,116,True
6,162,796,912,116,True
8,170,796,912,116,True
9,156,796,912,116,True
14,164,796,912,116,True
19,147,796,912,116,True
25,164,796,912,116,True
27,154,796,912,116,True
28,174,796,912,116,True
39,164,796,912,116,True
47,142,796,912,116,True
53,126,796,893,97,True
56,152,796,893,97,True
57,139,796,860,64,True
59,165,796,893,97,True
66,162,796,893,97,True
73,172,796,871,75,True
80,151,796,893,97,True
81,129,796,893,97,True
83,157,796,893,97,True
86,164,796,871,75,True
87,152,796,893,97,True
91,156,796,893,97,True
94,161,796,893,97,True
95,164,796,893,97,True
96,142,796,893,97,True
97,164,796,893,97,True
98,149,796,871,75,True
3,176,797,912,115,True
12,156,797,912,115,True
17,139,797,912,115,True
18,145,797,912,115,True
27,155,797,912,115,True
31,160,797,912,115,True
32,141,797,912,115,True
50,160,797,893,96,True
55,157,797,893,96,True
61,156,797,871,74,True
66,163,797,893,96,True
70,160,797,871,74,True
79,158,797,871,74,True
81,130,797,893,96,True
84,159,797,968,171,True
90,161,797,893,96,True
91,157,797,893,96,True
92,166,797,893,96,True
4,163,798,912,114,True
14,165,798,912,114,True
17,140,798,912,114,True
31,161,798,912,114,True
34,147,798,875,77,True
36,162,798,912,114,True
37,152,798,912,114,True
41,162,798,912,114,True
44,157,798,912,114,True
45,153,798,875,77,True
51,155,798,893,95,True
60,160,798,893,95,True
64,151,798,871,73,True
65,172,798,893,95,True
78,168,798,968,170,True
88,180,798,968,170,True
92,167,798,893,95,True
94,162,798,893,95,True
95,165,798,893,95,True
98,150,798,871,73,True
2,167,799,912,113,True
3,177,799,912,113,True
5,171,799,912,113,True
12,157,799,912,113,True
18,146,799,912,113,True
22,172,799,912,113,True
31,162,799,912,113,True
35,165,799,912,113,True
39,165,799,912,113,True
43,158,799,912,113,True
45,154,799,875,76,True
46,166,799,912,113,True
48,161,799,969,170,True
49,159,799,912,113,True
50,161,799,893,94,True
82,152,799,893,94,True
89,149,799,968,169,True
90,162,799,893,94,True
94,163,799,893,94,True
95,166,799,893,94,True
97,165,799,893,94,True
98,151,799,871,72,True
16,169,800,912,112,True
17,141,800,912,112,True
19,148,800,912,112,True
25,165,800,912,112,True
26,151,800,912,112,True
27,156,800,912,112,True
31,163,800,912,112,True
35,166,800,912,112,True
39,166,800,912,112,True
40,170,800,912,112,True
50,162,800,893,93,True
52,155,800,,,False
55,158,800,893,93,True
64,152,800,871,71,True
65,173,800,893,93,True
72,164,800,871,71,True
73,173,800,893,93,True
76,167,800,921,121,True
79,159,800,921,121,True
93,152,800,893,93,True
94,164,800,893,93,True
97,166,800,893,93,True
2,168,801,912,111,True
12,158,801,912,111,True
13,182,801,912,111,True
22,173,801,912,111,True
29,159,801,912,111,True
33,155,801,912,111,True
36,163,801,912,111,True
44,158,801,912,111,True
47,143,801,912,111,True
50,163,801,893,92,True
60,161,801,893,92,True
61,157,801,871,70,True
62,132,801,968,167,True
69,170,801,893,92,True
76,168,801,921,120,True
84,160,801,968,167,True
89,150,801,968,167,True
93,153,801,893,92,True
94,165,801,893,92,True
98,152,801,871,70,True
1,155,802,912,110,True
5,172,802,912,110,True
6,163,802,912,110,True
14,166,802,912,110,True
18,147,802,912,110,True
24,156,802,912,110,True
25,166,802,912,110,True
35,167,802,912,110,True
41,163,802,912,110,True
42,170,802,912,110,True
43,159,802,912,110,True
50,164,802,893,91,True
51,156,802,893,91,True
55,159,802,968,166,True
56,153,802,968,166,True
57,140,802,875,73,True
58,166,802,968,166,True
59,166,802,893,91,True
64,153,802,871,69,True
65,174,802,893,91,True
66,164,802,893,91,True
74,152,802,893,91,True
91,158,802,893,91,True
95,167,802,893,91,True
0,168,803,912,109,True
5,173,803,912,109,True
10,158,803,912,109,True
11,155,803,912,109,True
13,183,803,912,109,True
14,167,803,912,109,True
15,169,803,875,72,True
16,170,803,912,109,True
17,142,803,912,109,True
18,148,803,912,109,True
21,164,803,912,109,True
41,164,803,912,109,True
44,159,803,912,109,True
47,144,803,912,109,True
53,127,803,893,90,True
54,179,803,893,90,True
87,153,803,893,90,True
89,151,803,968,165,True
93,154,803,893,90,True
94,166,803,893,90,True
99,145,803,893,90,True
0,169,804,912,108,True
10,159,804,912,108,True
18,149,804,912,108,True
20,155,804,875,71,True
22,174,804,912,108,True
24,157,804,912,108,True
27,157,804,912,108,True
31,164,804,912,108,True
42,171,804,912,108,True
54,180,804,893,89,True
56,154,804,968,164,True
58,167,804,968,164,True
59,167,804,893,89,True
60,162,804,968,164,True
62,133,804,968,164,True
64,154,804,871,67,True
69,171,804,893,89,True
78,169,804,968,164,True
85,161,804,893,89,True
89,152,804,968,164,True
98,153,804,871,67,True
99,146,804,893,89,True
4,164,805,912,107,True
9,157,805,912,107,True
12,159,805,912,107,True
13,184,805,912,107,True
23,165,805,912,107,True
24,158,805,912,107,True
38,143,805,912,107,True
44,160,805,912,107,True
45,155,805,875,70,True
49,160,805,912,107,True
54,181,805,893,88,True
58,168,805,968,163,True
75,154,805,968,163,True
77,172,805,893,88,True
79,160,805,921,116,True
80,152,805,893,88,True
86,165,805,893,88,True
91,159,805,893,88,True
93,155,805,968,163,True
95,168,805,893,88,True
98,154,805,871,66,True
1,156,806,912,106,True
9,158,806,912,106,True
26,152,806,912,106,True
36,164,806,912,106,True
37,153,806,912,106,True
38,144,806,912,106,True
40,171,806,912,106,True
41,165,806,912,106,True
45,156,806,875,69,True
46,167,806,912,106,True
47,145,806,912,106,True
52,156,806,,,False
56,155,806,968,162,True
58,169,806,968,162,True
59,168,806,893,87,True
62,134,806,968,162,True
64,155,806,871,65,True
68,171,806,893,87,True
70,161,806,871,65,True
76,169,806,921,115,True
78,170,806,968,162,True
80,153,806,893,87,True
87,154,806,893,87,True
90,163,806,893,87,True
93,156,806,968,162,True
99,147,806,893,87,True
0,170,807,912,105,True
2,169,807,912,105,True
3,178,807,912,105,True
9,159,807,912,105,True
12,160,807,912,105,True
21,165,807,912,105,True
27,158,807,912,105,True
29,160,807,912,105,True
31,165,807,912,105,True
34,148,807,875,68,True
38,145,807,912,105,True
40,172,807,912,105,True
42,172,807,912,105,True
50,165,807,893,86,True
58,170,807,968,161,True
60,163,807,968,161,True
63,171,807,893,86,True
65,175,807,921,114,True
73,174,807,893,86,True
77,173,807,893,86,True
81,131,807,893,86,True
89,153,807,968,161,True
92,168,807,893,86,True
99,148,807,893,86,True
2,170,808,912,104,True
7,159,808,912,104,True
18,150,808,912,104,True
20,156,808,875,67,True
30,174,808,912,104,True
32,142,808,912,104,True
33,156,808,912,104,True
35,168,808,912,104,True
36,165,808,912,104,True
39,167,808,912,104,True
42,173,808,912,104,True
43,160,808,912,104,True
48,162,808,969,161,True
65,176,808,921,113,True
67,163,808,968,160,True
72,165,808,875,67,True
86,166,808,893,85,True
88,181,808,968,160,True
89,154,808,968,160,True
94,167,808,893,85,True
97,167,808,893,85,True
7,160,809,912,103,True
8,171,809,912,103,True
14,168,809,912,103,True
16,171,809,912,103,True
21,166,809,912,103,True
26,153,809,912,103,True
30,175,809,912,103,True
32,143,809,912,103,True
33,157,809,912,103,True
38,146,809,912,103,True
39,168,809,912,103,True
58,171,809,968,159,True
66,165,809,893,84,True
67,164,809,968,159,True
81,132,809,893,84,True
85,162,809,893,84,True
90,164,809,893,84,True
91,160,809,893,84,True
94,168,809,893,84,True
2,171,810,912,102,True
6,164,810,912,102,True
18,151,810,912,102,True
24,159,810,912,102,True
37,154,810,912,102,True
39,169,810,912,102,True
41,166,810,912,102,True
42,174,810,912,102,True
54,182,810,893,83,True
55,160,810,968,158,True
60,164,810,968,158,True
61,158,810,875,65,True
69,172,810,968,158,True
74,153,810,968,158,True
79,161,810,921,111,True
80,154,810,893,83,True
82,153,810,893,83,True
91,161,810,893,83,True
93,157,810,968,158,True
99,149,810,893,83,True
4,165,811,912,101,True
6,165,811,912,101,True
8,172,811,912,101,True
9,160,811,912,101,True
15,170,811,875,64,True
20,157,811,875,64,True
21,167,811,912,101,True
22,175,811,912,101,True
32,144,811,912,101,True
34,149,811,912,101,True
43,161,811,912,101,True
46,168,811,969,158,True
47,146,811,912,101,True
54,183,811,893,82,True
65,177,811,921,110,True
68,172,811,893,82,True
70,162,811,893,82,True
74,154,811,968,157,True
75,155,811,968,157,True
77,174,811,893,82,True
79,162,811,921,110,True
87,155,811,893,82,True
91,162,811,893,82,True
94,169,811,893,82,True
99,150,811,893,82,True
17,143,812,912,100,True
19,149,812,912,100,True
27,159,812,912,100,True
30,176,812,912,100,True
32,145,812,912,100,True
33,158,812,912,100,True
39,170,812,912,100,True
44,161,812,912,100,True
47,147,812,912,100,True
54,184,812,968,156,True
55,161,812,968,156,True
63,172,812,893,81,True
65,178,812,921,109,True
70,163,812,893,81,True
76,170,812,921,109,True
79,163,812,921,109,True
82,154,812,893,81,True
85,163,812,893,81,True
86,167,812,893,81,True
98,155,812,871,59,True
2,172,813,912,99,True
5,174,813,969,156,True
6,166,813,912,99,True
8,173,813,912,99,True
22,176,813,912,99,True
28,175,813,912,99,True
34,150,813,912,99,True
39,171,813,912,99,True
42,175,813,912,99,True
49,161,813,912,99,True
52,157,813,,,False
59,169,813,893,80,True
62,135,813,968,155,True
67,165,813,968,155,True
78,171,813,968,155,True
83,158,813,893,80,True
87,156,813,893,80,True
94,170,813,968,155,True
98,156,813,871,58,True
4,166,814,912,98,True
20,158,814,875,61,True
26,154,814,912,98,True
32,146,814,912,98,True
34,151,814,912,98,True
35,169,814,912,98,True
46,169,814,969,155,True
60,165,814,968,154,True
65,179,814,921,107,True
67,166,814,968,154,True
69,173,814,968,154,True
75,156,814,968,154,True
85,164,814,893,79,True
87,157,814,968,154,True
90,165,814,893,79,True
92,169,814,893,79,True
95,169,814,893,79,True
0,171,815,912,97,True
1,157,815,912,97,True
5,175,815,969,154,True
7,161,815,912,97,True
8,174,815,912,97,True
13,185,815,912,97,True
30,177,815,912,97,True
34,152,815,912,97,True
45,157,815,875,60,True
49,162,815,912,97,True
51,157,815,893,78,True
54,185,815,968,153,True
55,162,815,968,153,True
59,170,815,968,153,True
61,159,815,875,60,True
67,167,815,968,153,True
68,173,815,893,78,True
81,133,815,968,153,True
89,155,815,968,153,True
1,158,816,912,96,True
6,167,816,969,153,True
14,169,816,912,96,True
16,172,816,912,96,True
19,150,816,912,96,True
22,177,816,912,96,True
43,162,816,912,96,True
56,156,816,968,152,True
59,171,816,968,152,True
60,166,816,968,152,True
62,136,816,968,152,True
68,174,816,893,77,True
69,174,816,968,152,True
72,166,816,875,59,True
79,164,816,921,105,True
82,155,816,893,77,True
87,158,816,968,152,True
92,170,816,968,152,True
0,172,817,912,95,True
5,176,817,969,152,True
7,162,817,912,95,True
10,160,817,912,95,True
18,152,817,912,95,True
19,151,817,912,95,True
21,168,817,912,95,True
25,167,817,912,95,True
31,166,817,912,95,True
37,155,817,912,95,True
42,176,817,912,95,True
46,170,817,969,152,True
57,141,817,912,95,True
62,137,817,968,151,True
67,168,817,968,151,True
69,175,817,968,151,True
82,156,817,893,76,True
83,159,817,893,76,True
84,161,817,968,151,True
85,165,817,893,76,True
92,171,817,968,151,True
93,158,817,968,151,True
96,143,817,968,151,True
0,173,818,912,94,True
3,179,818,912,94,True
9,161,818,912,94,True
13,186,818,969,151,True
23,166,818,912,94,True
29,161,818,912,94,True
33,159,818,912,94,True
40,173,818,912,94,True
46,171,818,969,151,True
48,163,818,969,151,True
50,166,818,921,103,True
55,163,818,968,150,True
56,157,818,968,150,True
66,166,818,968,150,True
70,164,818,893,75,True
76,171,818,921,103,True
77,175,818,968,150,True
79,165,818,921,103,True
83,160,818,893,75,True
98,157,818,893,75,True
7,163,819,912,93,True
10,161,819,912,93,True
13,187,819,969,150,True
14,170,819,912,93,True
15,171,819,912,93,True
17,144,819,912,93,True
23,167,819,912,93,True
25,168,819,912,93,True
32,147,819,912,93,True
37,156,819,912,93,True
42,177,819,912,93,True
47,148,819,912,93,True
52,158,819,,,False
57,142,819,912,93,True
58,172,819,968,149,True
61,160,819,875,56,True
64,156,819,875,56,True
68,175,819,893,74,True
77,176,819,968,149,True
80,155,819,893,74,True
83,161,819,893,74,True
96,144,819,968,149,True
98,158,819,893,74,True
10,162,820,912,92,True
13,188,820,969,149,True
20,159,820,912,92,True
22,178,820,969,149,True
23,168,820,912,92,True
27,160,820,912,92,True
35,170,820,912,92,True
37,157,820,912,92,True
43,163,820,912,92,True
48,164,820,969,149,True
50,167,820,921,101,True
53,128,820,968,148,True
58,173,820,968,148,True
61,161,820,875,55,True
62,138,820,968,148,True
64,157,820,875,55,True
66,167,820,968,148,True
71,154,820,968,148,True
73,175,820,921,101,True
76,172,820,921,101,True
78,172,820,968,148,True
81,134,820,968,148,True
4,167,821,912,91,True
6,168,821,969,148,True
12,161,821,912,91,True
14,171,821,912,91,True
18,153,821,912,91,True
19,152,821,912,91,True
20,160,821,912,91,True
25,169,821,912,91,True
30,178,821,912,91,True
39,172,821,912,91,True
53,129,821,968,147,True
59,172,821,968,147,True
64,158,821,893,72,True
67,169,821,968,147,True
71,155,821,968,147,True
79,166,821,921,100,True
80,156,821,893,72,True
83,162,821,893,72,True
86,168,821,893,72,True
87,159,821,968,147,True
90,166,821,968,147,True
92,172,821,968,147,True
14,172,822,912,90,True
17,145,822,912,90,True
22,179,822,969,147,True
24,160,822,912,90,True
27,161,822,912,90,True
32,148,822,912,90,True
38,147,822,912,90,True
43,164,822,912,90,True
45,158,822,912,90,True
55,164,822,968,146,True
63,173,822,968,146,True
77,177,822,968,146,True
91,163,822,893,71,True
93,159,822,968,146,True
94,171,822,968,146,True
95,170,822,893,71,True
98,159,822,893,71,True
2,173,823,912,89,True
5,177,823,969,146,True
6,169,823,969,146,True
11,156,823,912,89,True
12,162,823,912,89,True
16,173,823,912,89,True
19,153,823,912,89,True
22,180,823,969,146,True
27,162,823,912,89,True
32,149,823,912,89,True
40,174,823,912,89,True
45,159,823,912,89,True
52,159,823,,,False
53,130,823,968,145,True
70,165,823,893,70,True
71,156,823,968,145,True
16,174,824,912,88,True
17,146,824,912,88,True
27,163,824,912,88,True
31,167,824,912,88,True
34,153,824,912,88,True
38,148,824,912,88,True
44,162,824,969,145,True
57,143,824,912,88,True
63,174,824,968,144,True
65,180,824,921,97,True
80,157,824,968,144,True
81,135,824,968,144,True
90,167,824,968,144,True
91,164,824,893,69,True
92,173,824,968,144,True
94,172,824,968,144,True
99,151,824,968,144,True
3,180,825,969,144,True
6,170,825,969,144,True
33,160,825,912,87,True
38,149,825,912,87,True
42,178,825,912,87,True
43,165,825,912,87,True
57,144,825,912,87,True
60,167,825,968,143,True
65,181,825,921,96,True
66,168,825,968,143,True
67,170,825,968,143,True
69,176,825,968,143,True
84,162,825,968,143,True
88,182,825,968,143,True
91,165,825,968,143,True
1,159,826,912,86,True
7,164,826,969,143,True
9,162,826,912,86,True
11,157,826,912,86,True
18,154,826,969,143,True
27,164,826,912,86,True
33,161,826,912,86,True
41,167,826,912,86,True
46,172,826,969,143,True
47,149,826,912,86,True
48,165,826,969,143,True
55,165,826,968,142,True
59,173,826,968,142,True
60,168,826,968,142,True
66,169,826,968,142,True
67,171,826,968,142,True
68,176,826,893,67,True
72,167,826,893,67,True
79,167,826,921,95,True
83,163,826,968,142,True
86,169,826,893,67,True
88,183,826,968,142,True
96,145,826,968,142,True
4,168,827,912,85,True
10,163,827,912,85,True
18,155,827,969,142,True
25,170,827,912,85,True
26,155,827,912,85,True
28,176,827,912,85,True
31,168,827,912,85,True
34,154,827,969,142,True
35,171,827,912,85,True
36,166,827,912,85,True
39,173,827,912,85,True
41,168,827,912,85,True
44,163,827,969,142,True
47,150,827,912,85,True
50,168,827,921,94,True
51,158,827,893,66,True
54,186,827,968,141,True
57,145,827,912,85,True
60,169,827,968,141,True
69,177,827,968,141,True
70,166,827,893,66,True
71,157,827,968,141,True
73,176,827,921,94,True
74,155,827,968,141,True
75,157,827,968,141,True
78,173,827,968,141,True
80,158,827,968,141,True
82,157,827,968,141,True
83,164,827,968,141,True
86,170,827,893,66,True
87,160,827,968,141,True
90,168,827,968,141,True
3,181,828,969,141,True
4,169,828,912,84,True
6,171,828,969,141,True
14,173,828,912,84,True
18,156,828,969,141,True
20,161,828,912,84,True
24,161,828,969,141,True
28,177,828,912,84,True
29,162,828,912,84,True
30,179,828,969,141,True
35,172,828,912,84,True
40,175,828,912,84,True
51,159,828,893,65,True
63,175,828,968,140,True
65,182,828,921,93,True
66,170,828,968,140,True
70,167,828,893,65,True
76,173,828,921,93,True
78,174,828,968,140,True
86,171,828,893,65,True
89,156,828,968,140,True
8,175,829,912,83,True
12,163,829,912,83,True
15,172,829,912,83,True
16,175,829,912,83,True
19,154,829,969,140,True
22,181,829,969,140,True
29,163,829,912,83,True
38,150,829,969,140,True
39,174,829,912,83,True
41,169,829,912,83,True
45,160,829,912,83,True
50,169,829,921,92,True
55,166,829,968,139,True
59,174,829,968,139,True
60,170,829,968,139,True
70,168,829,893,64,True
72,168,829,893,64,True
93,160,829,968,139,True
96,146,829,968,139,True
99,152,829,968,139,True
6,172,830,969,139,True
11,158,830,912,82,True
12,164,830,912,82,True
25,171,830,912,82,True
36,167,830,969,139,True
38,151,830,969,139,True
40,176,830,912,82,True
44,164,830,969,139,True
46,173,830,969,139,True
49,163,830,912,82,True
63,176,830,968,138,True
65,183,830,921,91,True
70,169,830,893,63,True
74,156,830,968,138,True
75,158,830,968,138,True
85,166,830,968,138,True
86,172,830,893,63,True
88,184,830,968,138,True
94,173,830,968,138,True
2,174,831,969,138,True
13,189,831,969,138,True
16,176,831,969,138,True
17,147,831,912,81,True
23,169,831,912,81,True
27,165,831,912,81,True
34,155,831,969,138,True
43,166,831,969,138,True
53,131,831,968,137,True
56,158,831,968,137,True
68,177,831,893,62,True
70,170,831,896,65,True
74,157,831,968,137,True
2,175,832,969,137,True
5,178,832,969,137,True
6,173,832,969,137,True
10,164,832,912,80,True
15,173,832,912,80,True
16,177,832,969,137,True
22,182,832,969,137,True
24,162,832,969,137,True
25,172,832,912,80,True
28,178,832,912,80,True
45,161,832,912,80,True
48,166,832,969,137,True
50,170,832,921,89,True
53,132,832,968,136,True
55,167,832,968,136,True
59,175,832,968,136,True
63,177,832,968,136,True
64,159,832,893,61,True
71,158,832,968,136,True
72,169,832,893,61,True
79,168,832,921,89,True
91,166,832,968,136,True
94,174,832,968,136,True
96,147,832,968,136,True
3,182,833,969,136,True
6,174,833,969,136,True
8,176,833,969,136,True
16,178,833,969,136,True
20,162,833,912,79,True
22,183,833,969,136,True
25,173,833,912,79,True
26,156,833,912,79,True
36,168,833,969,136,True
37,158,833,969,136,True
42,179,833,969,136,True
43,167,833,969,136,True
52,160,833,,,False
53,133,833,968,135,True
57,146,833,912,79,True
72,170,833,893,60,True
82,158,833,968,135,True
85,167,833,968,135,True
92,174,833,968,135,True
94,175,833,968,135,True
98,160,833,893,60,True
8,177,834,969,135,True
21,169,834,912,78,True
24,163,834,969,135,True
27,166,834,912,78,True
35,173,834,912,78,True
37,159,834,969,135,True
42,180,834,969,135,True
44,165,834,969,135,True
47,151,834,912,78,True
48,167,834,969,135,True
56,159,834,968,134,True
63,178,834,968,134,True
80,159,834,968,134,True
81,136,834,968,134,True
87,161,834,968,134,True
93,161,834,968,134,True
96,148,834,968,134,True
0,174,835,912,77,True
6,175,835,969,134,True
9,163,835,912,77,True
11,159,835,912,77,True
15,174,835,912,77,True
20,163,835,912,77,True
22,184,835,969,134,True
46,174,835,969,134,True
49,164,835,912,77,True
50,171,835,921,86,True
54,187,835,968,133,True
61,162,835,912,77,True
76,174,835,921,86,True
82,159,835,968,133,True
96,149,835,968,133,True
97,168,835,968,133,True
1,160,836,912,76,True
4,170,836,912,76,True
7,165,836,969,133,True
9,164,836,912,76,True
11,160,836,912,76,True
16,179,836,969,133,True
21,170,836,912,76,True
31,169,836,912,76,True
38,152,836,969,133,True
40,177,836,912,76,True
46,175,836,969,133,True
49,165,836,912,76,True
57,147,836,912,76,True
59,176,836,968,132,True
73,177,836,921,85,True
74,158,836,968,132,True
80,160,836,968,132,True
82,160,836,968,132,True
86,173,836,921,85,True
5,179,837,969,132,True
26,157,837,912,75,True
27,167,837,912,75,True
32,150,837,969,132,True
35,174,837,912,75,True
36,169,837,969,132,True
39,175,837,969,132,True
40,178,837,969,132,True
45,162,837,912,75,True
46,176,837,969,132,True
49,166,837,912,75,True
56,160,837,968,131,True
62,139,837,968,131,True
65,184,837,921,84,True
66,171,837,968,131,True
67,172,837,968,131,True
72,171,837,912,75,True
76,175,837,921,84,True
78,175,837,968,131,True
80,161,837,968,131,True
82,161,837,968,131,True
89,157,837,968,131,True
91,167,837,968,131,True
96,150,837,968,131,True
99,153,837,968,131,True
1,161,838,912,74,True
5,180,838,969,131,True
9,165,838,912,74,True
20,164,838,912,74,True
33,162,838,912,74,True
40,179,838,969,131,True
42,181,838,969,131,True
47,152,838,912,74,True
54,188,838,968,130,True
59,177,838,968,130,True
60,171,838,968,130,True
65,185,838,921,83,True
70,171,838,896,58,True
71,159,838,968,130,True
73,178,838,921,83,True
75,159,838,968,130,True
81,137,838,968,130,True
85,168,838,968,130,True
89,158,838,968,130,True
98,161,838,893,55,True
99,154,838,968,130,True
5,181,839,969,130,True
9,166,839,969,130,True
10,165,839,969,130,True
14,174,839,912,73,True
17,148,839,969,130,True
18,157,839,969,130,True
20,165,839,912,73,True
27,168,839,912,73,True
37,160,839,969,130,True
38,153,839,969,130,True
49,167,839,912,73,True
50,172,839,921,82,True
56,161,839,968,129,True
57,148,839,912,73,True
58,174,839,968,129,True
64,160,839,921,82,True
68,178,839,968,129,True
75,160,839,968,129,True
76,176,839,921,82,True
78,176,839,968,129,True
88,185,839,968,129,True
2,176,840,969,129,True
7,166,840,969,129,True
14,175,840,912,72,True
19,155,840,969,129,True
22,185,840,969,129,True
24,164,840,969,129,True
28,179,840,969,129,True
35,175,840,912,72,True
36,170,840,969,129,True
42,182,840,969,129,True
43,168,840,969,129,True
49,168,840,912,72,True
51,160,840,968,128,True
56,162,840,968,128,True
59,178,840,968,128,True
60,172,840,968,128,True
63,179,840,968,128,True
74,159,840,968,128,True
80,162,840,968,128,True
81,138,840,968,128,True
84,163,840,968,128,True
94,176,840,968,128,True
98,162,840,968,128,True
0,175,841,912,71,True
11,161,841,969,128,True
12,165,841,912,71,True
16,180,841,969,128,True
27,169,841,969,128,True
31,170,841,912,71,True
36,171,841,969,128,True
45,163,841,912,71,True
47,153,841,912,71,True
48,168,841,969,128,True
54,189,841,968,127,True
57,149,841,912,71,True
59,179,841,968,127,True
71,160,841,1013,172,True
74,160,841,968,127,True
76,177,841,921,80,True
78,177,841,968,127,True
82,162,841,968,127,True
92,175,841,968,127,True
93,162,841,968,127,True
98,163,841,968,127,True
5,182,842,969,127,True
11,162,842,969,127,True
16,181,842,969,127,True
28,180,842,969,127,True
49,169,842,912,70,True
50,173,842,921,79,True
52,161,842,,,False
54,190,842,968,126,True
55,168,842,968,126,True
67,173,842,968,126,True
74,161,842,968,126,True
83,165,842,968,126,True
88,186,842,1032,190,True
91,168,842,968,126,True
93,163,842,968,126,True
24,165,843,969,126,True
31,171,843,912,69,True
37,161,843,969,126,True
42,183,843,969,126,True
47,154,843,912,69,True
48,169,843,969,126,True
55,169,843,968,125,True
62,140,843,968,125,True
63,180,843,968,125,True
68,179,843,968,125,True
84,164,843,968,125,True
85,169,843,968,125,True
86,174,843,968,125,True
88,187,843,1032,189,True
92,176,843,968,125,True
97,169,843,968,125,True
1,162,844,912,68,True
3,183,844,969,125,True
8,178,844,969,125,True
9,167,844,969,125,True
26,158,844,969,125,True
44,166,844,969,125,True
46,177,844,969,125,True
47,155,844,912,68,True
48,170,844,969,125,True
49,170,844,912,68,True
53,134,844,968,124,True
59,180,844,968,124,True
62,141,844,968,124,True
64,161,844,921,77,True
65,186,844,921,77,True
67,174,844,968,124,True
70,172,844,896,52,True
75,161,844,968,124,True
78,178,844,968,124,True
79,169,844,921,77,True
81,139,844,968,124,True
82,163,844,968,124,True
93,164,844,1013,169,True
96,151,844,968,124,True
97,170,844,968,124,True
0,176,845,912,67,True
2,177,845,969,124,True
5,183,845,969,124,True
10,166,845,969,124,True
27,170,845,969,124,True
28,181,845,969,124,True
33,163,845,912,67,True
44,167,845,969,124,True
48,171,845,969,124,True
63,181,845,968,123,True
73,179,845,921,76,True
74,162,845,968,123,True
96,152,845,968,123,True
3,184,846,969,123,True
7,167,846,969,123,True
18,158,846,969,123,True
31,172,846,969,123,True
38,154,846,969,123,True
49,171,846,912,66,True
54,191,846,968,122,True
58,175,846,968,122,True
61,163,846,912,66,True
62,142,846,968,122,True
64,162,846,921,75,True
69,178,846,968,122,True
82,164,846,968,122,True
90,169,846,968,122,True
4,171,847,969,122,True
9,168,847,969,122,True
13,190,847,969,122,True
16,182,847,969,122,True
17,149,847,969,122,True
19,156,847,969,122,True
22,186,847,969,122,True
23,170,847,969,122,True
25,174,847,969,122,True
37,162,847,969,122,True
38,155,847,969,122,True
53,135,847,968,121,True
57,150,847,912,65,True
66,172,847,968,121,True
67,175,847,968,121,True
73,180,847,921,74,True
74,163,847,968,121,True
75,162,847,968,121,True
80,163,847,968,121,True
82,165,847,968,121,True
83,166,847,968,121,True
86,175,847,968,121,True
90,170,847,968,121,True
92,177,847,968,121,True
95,171,847,968,121,True
97,171,847,968,121,True
5,184,848,969,121,True
9,169,848,969,121,True
11,163,848,969,121,True
13,191,848,969,121,True
15,175,848,969,121,True
17,150,848,969,121,True
29,164,848,912,64,True
35,176,848,969,121,True
36,172,848,969,121,True
37,163,848,969,121,True
45,164,848,937,89,True
46,178,848,969,121,True
47,156,848,912,64,True
48,172,848,969,121,True
68,180,848,968,120,True
72,172,848,937,89,True
75,163,848,968,120,True
76,178,848,968,120,True
77,178,848,968,120,True
92,178,848,968,120,True
9,170,849,969,120,True
14,176,849,912,63,True
17,151,849,969,120,True
20,166,849,937,88,True
25,175,849,969,120,True
28,182,849,969,120,True
38,156,849,969,120,True
42,184,849,969,120,True
44,168,849,969,120,True
45,165,849,937,88,True
46,179,849,969,120,True
49,172,849,912,63,True
50,174,849,968,119,True
59,181,849,968,119,True
86,176,849,968,119,True
90,171,849,968,119,True
93,165,849,1013,164,True
94,177,849,1032,183,True
97,172,849,968,119,True
99,155,849,968,119,True
1,163,850,912,62,True
5,185,850,969,119,True
10,167,850,969,119,True
11,164,850,969,119,True
12,166,850,969,119,True
20,167,850,937,87,True
33,164,850,969,119,True
37,164,850,969,119,True
39,176,850,969,119,True
42,185,850,969,119,True
49,173,850,969,119,True
51,161,850,968,118,True
53,136,850,968,118,True
54,192,850,968,118,True
55,170,850,968,118,True
62,143,850,968,118,True
72,173,850,937,87,True
78,179,850,1013,163,True
81,140,850,968,118,True
87,162,850,968,118,True
3,185,851,969,118,True
7,168,851,969,118,True
8,179,851,969,118,True
11,165,851,969,118,True
14,177,851,912,61,True
15,176,851,969,118,True
23,171,851,969,118,True
34,156,851,969,118,True
37,165,851,969,118,True
40,180,851,969,118,True
43,169,851,969,118,True
47,157,851,912,61,True
54,193,851,968,117,True
60,173,851,968,117,True
62,144,851,968,117,True
83,167,851,968,117,True
88,188,851,1032,181,True
90,172,851,968,117,True
91,169,851,968,117,True
93,166,851,1013,162,True
1,164,852,912,60,True
8,180,852,969,117,True
12,167,852,969,117,True
13,192,852,969,117,True
16,183,852,969,117,True
20,168,852,937,85,True
22,187,852,969,117,True
27,171,852,969,117,True
48,173,852,969,117,True
50,175,852,968,116,True
55,171,852,968,116,True
56,163,852,968,116,True
58,176,852,968,116,True
61,164,852,968,116,True
66,173,852,968,116,True
67,176,852,968,116,True
68,181,852,968,116,True
70,173,852,912,60,True
75,164,852,968,116,True
76,179,852,968,116,True
86,177,852,968,116,True
91,170,852,968,116,True
92,179,852,968,116,True
93,167,852,1013,161,True
98,164,852,968,116,True
99,156,852,968,116,True
4,172,853,969,116,True
16,184,853,969,116,True
26,159,853,969,116,True
42,186,853,969,116,True
44,169,853,969,116,True
53,137,853,968,115,True
57,151,853,912,59,True
59,182,853,968,115,True
62,145,853,968,115,True
64,163,853,921,68,True
67,177,853,968,115,True
69,179,853,1013,160,True
70,174,853,912,59,True
71,161,853,1013,160,True
73,181,853,968,115,True
81,141,853,968,115,True
84,165,853,968,115,True
88,189,853,1032,179,True
89,159,853,968,115,True
10,168,854,969,115,True
12,168,854,969,115,True
21,171,854,969,115,True
22,188,854,969,115,True
25,176,854,969,115,True
31,173,854,969,115,True
33,165,854,969,115,True
35,177,854,969,115,True
37,166,854,969,115,True
41,170,854,969,115,True
44,170,854,969,115,True
46,180,854,969,115,True
47,158,854,969,115,True
49,174,854,969,115,True
57,152,854,912,58,True
69,180,854,1013,159,True
71,162,854,1013,159,True
78,180,854,1013,159,True
91,171,854,968,114,True
92,180,854,968,114,True
97,173,854,968,114,True
0,177,855,969,114,True
1,165,855,969,114,True
7,169,855,969,114,True
8,181,855,969,114,True
25,177,855,969,114,True
27,172,855,969,114,True
28,183,855,969,114,True
29,165,855,912,57,True
34,157,855,969,114,True
35,178,855,969,114,True
62,146,855,968,113,True
71,163,855,1013,158,True
76,180,855,968,113,True
84,166,855,968,113,True
95,172,855,968,113,True
97,174,855,968,113,True
5,186,856,969,113,True
12,169,856,969,113,True
15,177,856,969,113,True
21,172,856,969,113,True
25,178,856,969,113,True
27,173,856,969,113,True
28,184,856,969,113,True
32,151,856,969,113,True
36,173,856,969,113,True
37,167,856,969,113,True
41,171,856,969,113,True
42,187,856,969,113,True
46,181,856,969,113,True
51,162,856,968,112,True
52,162,856,,,False
60,174,856,968,112,True
79,170,856,921,65,True
80,164,856,968,112,True
83,168,856,968,112,True
86,178,856,968,112,True
87,163,856,968,112,True
91,172,856,968,112,True
94,178,856,1032,176,True
95,173,856,968,112,True
97,175,856,968,112,True
2,178,857,969,112,True
5,187,857,969,112,True
18,159,857,969,112,True
20,169,857,937,80,True
31,174,857,969,112,True
33,166,857,969,112,True
37,168,857,969,112,True
40,181,857,969,112,True
45,166,857,969,112,True
59,183,857,968,111,True
60,175,857,968,111,True
66,174,857,968,111,True
71,164,857,1013,156,True
73,182,857,968,111,True
83,169,857,968,111,True
84,167,857,968,111,True
86,179,857,968,111,True
89,160,857,1032,175,True
97,176,857,968,111,True
0,178,858,969,111,True
2,179,858,969,111,True
4,173,858,969,111,True
7,170,858,969,111,True
21,173,858,969,111,True
22,189,858,969,111,True
27,174,858,969,111,True
38,157,858,969,111,True
40,182,858,969,111,True
43,170,858,969,111,True
50,176,858,968,110,True
62,147,858,968,110,True
63,182,858,968,110,True
65,187,858,921,63,True
72,174,858,937,79,True
82,166,858,968,110,True
83,170,858,968,110,True
85,170,858,1013,155,True
88,190,858,1032,174,True
95,174,858,968,110,True
4,174,859,969,110,True
8,182,859,969,110,True
10,169,859,969,110,True
13,193,859,969,110,True
22,190,859,969,110,True
23,172,859,969,110,True
25,179,859,969,110,True
27,175,859,969,110,True
30,180,859,969,110,True
34,158,859,969,110,True
38,158,859,969,110,True
44,171,859,969,110,True
47,159,859,969,110,True
55,172,859,968,109,True
60,176,859,1013,154,True
61,165,859,968,109,True
64,164,859,921,62,True
70,175,859,921,62,True
93,168,859,1013,154,True
99,157,859,968,109,True
3,186,860,969,109,True
4,175,860,969,109,True
20,170,860,969,109,True
25,180,860,969,109,True
30,181,860,969,109,True
38,159,860,969,109,True
39,177,860,969,109,True
40,183,860,969,109,True
46,182,860,969,109,True
48,174,860,969,109,True
50,177,860,968,108,True
59,184,860,968,108,True
60,177,860,1013,153,True
63,183,860,968,108,True
64,165,860,921,61,True
66,175,860,968,108,True
69,181,860,1013,153,True
74,164,860,1013,153,True
75,165,860,968,108,True
82,167,860,968,108,True
85,171,860,1013,153,True
0,179,861,969,108,True
4,176,861,969,108,True
10,170,861,969,108,True
12,170,861,969,108,True
14,178,861,969,108,True
22,191,861,969,108,True
34,159,861,969,108,True
42,188,861,969,108,True
43,171,861,969,108,True
46,183,861,969,108,True
57,153,861,937,76,True
60,178,861,1013,152,True
97,177,861,968,107,True
1,166,862,969,107,True
2,180,862,969,107,True
3,187,862,969,107,True
11,166,862,969,107,True
13,194,862,969,107,True
23,173,862,969,107,True
25,181,862,969,107,True
26,160,862,969,107,True
33,167,862,969,107,True
46,184,862,969,107,True
50,178,862,968,106,True
68,182,862,968,106,True
69,182,862,1013,151,True
74,165,862,1013,151,True
78,181,862,1013,151,True
81,142,862,1013,151,True
82,168,862,968,106,True
83,171,862,968,106,True
87,164,862,1013,151,True
91,173,862,968,106,True
94,179,862,1032,170,True
0,180,863,969,106,True
1,167,863,969,106,True
4,177,863,969,106,True
7,171,863,969,106,True
8,183,863,969,106,True
9,171,863,969,106,True
15,178,863,969,106,True
16,185,863,969,106,True
17,152,863,969,106,True
19,157,863,969,106,True
30,182,863,969,106,True
33,168,863,969,106,True
37,169,863,969,106,True
38,160,863,969,106,True
41,172,863,969,106,True
42,189,863,969,106,True
50,179,863,968,105,True
51,163,863,968,105,True
52,163,863,,,False
58,177,863,1013,150,True
73,183,863,968,105,True
80,165,863,968,105,True
86,180,863,968,105,True
87,165,863,1013,150,True
88,191,863,1032,169,True
89,161,863,1032,169,True
92,181,863,968,105,True
94,180,863,1032,169,True
99,158,863,968,105,True
7,172,864,1040,176,True
8,184,864,969,105,True
11,167,864,969,105,True
14,179,864,969,105,True
29,166,864,969,105,True
40,184,864,969,105,True
42,190,864,969,105,True
43,172,864,969,105,True
49,175,864,969,105,True
50,180,864,968,104,True
54,194,864,968,104,True
57,154,864,937,73,True
60,179,864,1013,149,True
65,188,864,921,57,True
67,178,864,968,104,True
73,184,864,968,104,True
76,181,864,968,104,True
78,182,864,1013,149,True
79,171,864,921,57,True
84,168,864,968,104,True
87,166,864,1013,149,True
15,179,865,969,104,True
23,174,865,969,104,True
29,167,865,969,104,True
34,160,865,969,104,True
37,170,865,969,104,True
42,191,865,969,104,True
51,164,865,968,103,True
66,176,865,968,103,True
69,183,865,1013,148,True
70,176,865,968,103,True
75,166,865,968,103,True
80,166,865,968,103,True
89,162,865,1032,167,True
90,173,865,968,103,True
91,174,865,968,103,True
93,169,865,1013,148,True
0,181,866,969,103,True
21,174,866,969,103,True
29,168,866,969,103,True
32,152,866,969,103,True
35,179,866,969,103,True
49,176,866,969,103,True
53,138,866,968,102,True
54,195,866,968,102,True
55,173,866,968,102,True
62,148,866,968,102,True
64,166,866,937,71,True
67,179,866,968,102,True
71,165,866,1013,147,True
74,166,866,1013,147,True
76,182,866,968,102,True
98,165,866,968,102,True
7,173,867,1040,173,True
16,186,867,969,102,True
22,192,867,969,102,True
36,174,867,969,102,True
37,171,867,1040,173,True
42,192,867,969,102,True
45,167,867,969,102,True
46,185,867,969,102,True
48,175,867,969,102,True
49,177,867,969,102,True
59,185,867,968,101,True
61,166,867,968,101,True
67,180,867,968,101,True
72,175,867,968,101,True
76,183,867,968,101,True
78,183,867,1013,146,True
80,167,867,968,101,True
97,178,867,969,102,True
0,182,868,969,101,True
4,178,868,969,101,True
5,188,868,969,101,True
8,185,868,969,101,True
16,187,868,969,101,True
19,158,868,1040,172,True
23,175,868,969,101,True
27,176,868,969,101,True
31,175,868,969,101,True
33,169,868,969,101,True
38,161,868,969,101,True
45,168,868,969,101,True
46,186,868,969,101,True
49,178,868,969,101,True
55,174,868,968,100,True
58,178,868,1013,145,True
65,189,868,968,100,True
67,181,868,968,100,True
71,166,868,1013,145,True
79,172,868,1013,145,True
81,143,868,1013,145,True
82,169,868,968,100,True
91,175,868,968,100,True
95,175,868,968,100,True
11,168,869,969,100,True
12,171,869,969,100,True
15,180,869,1013,144,True
20,171,869,969,100,True
22,193,869,969,100,True
27,177,869,969,100,True
34,161,869,969,100,True
36,175,869,969,100,True
40,185,869,1040,171,True
50,181,869,968,99,True
53,139,869,968,99,True
58,179,869,1013,144,True
75,167,869,1013,144,True
77,179,869,1013,144,True
79,173,869,1013,144,True
86,181,869,968,99,True
90,174,869,968,99,True
94,181,869,1032,163,True
95,176,869,968,99,True
1,168,870,969,99,True
4,179,870,969,99,True
5,189,870,969,99,True
20,172,870,969,99,True
22,194,870,969,99,True
27,178,870,969,99,True
37,172,870,1040,170,True
40,186,870,1040,170,True
41,173,870,969,99,True
45,169,870,969,99,True
55,175,870,968,98,True
58,180,870,1013,143,True
64,167,870,937,67,True
68,183,870,968,98,True
80,168,870,968,98,True
91,176,870,968,98,True
14,180,871,969,98,True
15,181,871,1013,142,True
18,160,871,969,98,True
19,159,871,1040,169,True
24,166,871,969,98,True
25,182,871,969,98,True
26,161,871,969,98,True
27,179,871,969,98,True
29,169,871,969,98,True
31,176,871,969,98,True
32,153,871,969,98,True
34,162,871,969,98,True
36,176,871,969,98,True
37,173,871,1040,169,True
40,187,871,1040,169,True
41,174,871,969,98,True
44,172,871,969,98,True
54,196,871,968,97,True
65,190,871,968,97,True
67,182,871,968,97,True
76,184,871,1013,142,True
77,180,871,1013,142,True
78,184,871,1013,142,True
89,163,871,1032,161,True
93,170,871,1013,142,True
96,153,871,1032,161,True
97,179,871,969,98,True
98,166,871,968,97,True
2,181,872,969,97,True
11,169,872,969,97,True
12,172,872,969,97,True
25,183,872,969,97,True
30,183,872,969,97,True
40,188,872,1040,168,True
49,179,872,969,97,True
52,164,872,,,False
54,197,872,968,96,True
56,164,872,968,96,True
68,184,872,968,96,True
81,144,872,1013,141,True
84,169,872,968,96,True
87,167,872,1013,141,True
89,164,872,1032,160,True
99,159,872,1013,141,True
0,183,873,969,96,True
2,182,873,1040,167,True
9,172,873,969,96,True
25,184,873,969,96,True
29,170,873,969,96,True
31,177,873,969,96,True
32,154,873,969,96,True
36,177,873,969,96,True
50,182,873,968,95,True
51,165,873,968,95,True
53,140,873,968,95,True
57,155,873,969,96,True
59,186,873,1013,140,True
62,149,873,968,95,True
94,182,873,1032,159,True
2,183,874,1040,166,True
4,180,874,969,95,True
13,195,874,969,95,True
17,153,874,969,95,True
21,175,874,969,95,True
22,195,874,969,95,True
25,185,874,969,95,True
30,184,874,969,95,True
32,155,874,969,95,True
49,180,874,969,95,True
51,166,874,968,94,True
52,165,874,,,False
64,168,874,968,94,True
74,167,874,1013,139,True
75,168,874,1013,139,True
89,165,874,1032,158,True
90,175,874,968,94,True
91,177,874,968,94,True
93,171,874,1013,139,True
95,177,874,968,94,True
97,180,874,969,95,True
6,176,875,969,94,True
13,196,875,969,94,True
14,181,875,969,94,True
16,188,875,969,94,True
18,161,875,969,94,True
19,160,875,1040,165,True
20,173,875,969,94,True
25,186,875,969,94,True
28,185,875,1040,165,True
36,178,875,969,94,True
37,174,875,1040,165,True
39,178,875,969,94,True
45,170,875,969,94,True
53,141,875,968,93,True
56,165,875,1013,138,True
57,156,875,969,94,True
59,187,875,1013,138,True
60,180,875,1013,138,True
63,184,875,968,93,True
64,169,875,968,93,True
76,185,875,1013,138,True
83,172,875,968,93,True
6,177,876,969,93,True
11,170,876,969,93,True
12,173,876,969,93,True
13,197,876,969,93,True
18,162,876,969,93,True
24,167,876,969,93,True
25,187,876,969,93,True
31,178,876,969,93,True
34,163,876,969,93,True
53,142,876,968,92,True
57,157,876,969,93,True
59,188,876,1013,137,True
64,170,876,968,92,True
67,183,876,968,92,True
68,185,876,968,92,True
74,168,876,1013,137,True
76,186,876,1013,137,True
81,145,876,1013,137,True
84,170,876,968,92,True
92,182,876,1013,137,True
9,173,877,969,92,True
10,171,877,969,92,True
16,189,877,969,92,True
19,161,877,1040,163,True
23,176,877,969,92,True
37,175,877,1040,163,True
39,179,877,969,92,True
42,193,877,969,92,True
44,173,877,969,92,True
49,181,877,969,92,True
55,176,877,968,91,True
59,189,877,1013,136,True
61,167,877,969,92,True
62,150,877,1013,136,True
65,191,877,968,91,True
66,177,877,968,91,True
70,177,877,968,91,True
72,176,877,968,91,True
76,187,877,1013,136,True
80,169,877,968,91,True
82,170,877,968,91,True
83,173,877,968,91,True
89,166,877,1032,155,True
90,176,877,968,91,True
92,183,877,1013,136,True
96,154,877,1032,155,True
3,188,878,969,91,True
7,174,878,1040,162,True
13,198,878,969,91,True
14,182,878,969,91,True
16,190,878,969,91,True
20,174,878,969,91,True
34,164,878,969,91,True
41,175,878,969,91,True
43,173,878,969,91,True
47,160,878,969,91,True
56,166,878,1013,135,True
63,185,878,968,90,True
65,192,878,968,90,True
81,146,878,1013,135,True
83,174,878,968,90,True
84,171,878,968,90,True
86,182,878,968,90,True
97,181,878,969,91,True
6,178,879,969,90,True
10,172,879,969,90,True
16,191,879,969,90,True
17,154,879,969,90,True
22,196,879,969,90,True
23,177,879,969,90,True
26,162,879,969,90,True
33,170,879,969,90,True
36,179,879,969,90,True
41,176,879,969,90,True
53,143,879,968,89,True
56,167,879,1013,134,True
57,158,879,969,90,True
66,178,879,968,89,True
67,184,879,1013,134,True
70,178,879,968,89,True
80,170,879,968,89,True
87,168,879,1013,134,True
90,177,879,1013,134,True
92,184,879,1013,134,True
93,172,879,1013,134,True
5,190,880,1040,160,True
15,182,880,1013,133,True
20,175,880,969,89,True
31,179,880,969,89,True
43,174,880,969,89,True
45,171,880,969,89,True
49,182,880,969,89,True
50,183,880,1013,133,True
51,167,880,968,88,True
55,177,880,968,88,True
62,151,880,1013,133,True
65,193,880,968,88,True
75,169,880,1013,133,True
81,147,880,1013,133,True
89,167,880,1032,152,True
90,178,880,1013,133,True
3,189,881,1040,159,True
11,171,881,1040,159,True
14,183,881,1040,159,True
21,176,881,969,88,True
22,197,881,969,88,True
28,186,881,1040,159,True
34,165,881,969,88,True
42,194,881,969,88,True
47,161,881,969,88,True
49,183,881,969,88,True
50,184,881,1013,132,True
60,181,881,1013,132,True
65,194,881,968,87,True
67,185,881,1013,132,True
68,186,881,968,87,True
72,177,881,968,87,True
96,155,881,1032,151,True
2,184,882,1040,158,True
3,190,882,1040,158,True
7,175,882,1040,158,True
8,186,882,1040,158,True
9,174,882,1040,158,True
13,199,882,969,87,True
14,184,882,1040,158,True
15,183,882,1013,131,True
16,192,882,1040,158,True
21,177,882,969,87,True
23,178,882,969,87,True
28,187,882,1040,158,True
31,180,882,969,87,True
37,176,882,1040,158,True
39,180,882,969,87,True
47,162,882,969,87,True
51,168,882,968,86,True
66,179,882,968,86,True
67,186,882,1013,131,True
68,187,882,968,86,True
78,185,882,1013,131,True
80,171,882,968,86,True
0,184,883,969,86,True
16,193,883,1040,157,True
17,155,883,1040,157,True
22,198,883,969,86,True
25,188,883,969,86,True
30,185,883,969,86,True
31,181,883,969,86,True
34,166,883,969,86,True
35,180,883,969,86,True
51,169,883,968,85,True
53,144,883,1032,149,True
54,198,883,1013,130,True
55,178,883,1032,149,True
61,168,883,969,86,True
67,187,883,1013,130,True
73,185,883,1013,130,True
75,170,883,1013,130,True
77,181,883,1013,130,True
78,186,883,1013,130,True
79,174,883,1013,130,True
89,168,883,1032,149,True
90,179,883,1013,130,True
92,185,883,1013,130,True
96,156,883,1032,149,True
6,179,884,969,85,True
12,174,884,969,85,True
13,200,884,969,85,True
30,186,884,969,85,True
33,171,884,969,85,True
35,181,884,969,85,True
38,162,884,969,85,True
44,174,884,969,85,True
50,185,884,1013,129,True
51,170,884,968,84,True
68,188,884,968,84,True
71,167,884,1032,148,True
76,188,884,1013,129,True
77,182,884,1013,129,True
81,148,884,1013,129,True
82,171,884,968,84,True
87,169,884,1013,129,True
88,192,884,1032,148,True
9,175,885,1040,155,True
13,201,885,969,84,True
15,184,885,1013,128,True
22,199,885,969,84,True
23,179,885,969,84,True
31,182,885,969,84,True
39,181,885,1040,155,True
40,189,885,1040,155,True
45,172,885,969,84,True
47,163,885,1040,155,True
73,186,885,1013,128,True
79,175,885,1013,128,True
87,170,885,1013,128,True
90,180,885,1013,128,True
5,191,886,1040,154,True
9,176,886,1040,154,True
14,185,886,1040,154,True
17,156,886,1040,154,True
19,162,886,1040,154,True
20,176,886,969,83,True
25,189,886,969,83,True
28,188,886,1040,154,True
47,164,886,1040,154,True
49,184,886,969,83,True
54,199,886,1013,127,True
57,159,886,969,83,True
62,152,886,1013,127,True
63,186,886,968,82,True
72,178,886,968,82,True
81,149,886,1013,127,True
84,172,886,1013,127,True
91,178,886,968,82,True
92,186,886,1013,127,True
95,178,886,968,82,True
96,157,886,1032,146,True
12,175,887,969,82,True
17,157,887,1040,153,True
34,167,887,969,82,True
36,180,887,969,82,True
45,173,887,969,82,True
46,187,887,1040,153,True
49,185,887,969,82,True
51,171,887,968,81,True
55,179,887,1032,145,True
57,160,887,969,82,True
63,187,887,968,81,True
86,183,887,1013,126,True
92,187,887,1013,126,True
96,158,887,1032,145,True
0,185,888,969,81,True
4,181,888,1040,152,True
7,176,888,1040,152,True
10,173,888,1040,152,True
27,180,888,1040,152,True
28,189,888,1040,152,True
31,183,888,969,81,True
45,174,888,969,81,True
51,172,888,968,80,True
58,181,888,1013,125,True
73,187,888,1013,125,True
79,176,888,1013,125,True
87,171,888,1013,125,True
93,173,888,1013,125,True
0,186,889,969,80,True
9,177,889,1040,151,True
19,163,889,1040,151,True
23,180,889,1040,151,True
28,190,889,1040,151,True
35,182,889,969,80,True
40,190,889,1040,151,True
52,166,889,,,False
60,182,889,1013,124,True
63,188,889,1032,143,True
68,189,889,968,79,True
73,188,889,1013,124,True
78,187,889,1013,124,True
81,150,889,1013,124,True
84,173,889,1013,124,True
85,172,889,1013,124,True
88,193,889,1032,143,True
92,188,889,1013,124,True
95,179,889,969,80,True
96,159,889,1032,143,True
99,160,889,1013,124,True
0,187,890,969,79,True
7,177,890,1040,150,True
15,185,890,1013,123,True
19,164,890,1040,150,True
26,163,890,1040,150,True
31,184,890,969,79,True
34,168,890,969,79,True
45,175,890,969,79,True
54,200,890,1013,123,True
55,180,890,1032,142,True
56,168,890,1013,123,True
57,161,890,969,79,True
64,171,890,1013,123,True
71,168,890,1032,142,True
83,175,890,968,78,True
2,185,891,1040,149,True
3,191,891,1040,149,True
10,174,891,1040,149,True
13,202,891,969,78,True
15,186,891,1013,122,True
18,163,891,969,78,True
24,168,891,969,78,True
27,181,891,1040,149,True
34,169,891,969,78,True
39,182,891,1040,149,True
40,191,891,1040,149,True
54,201,891,1013,122,True
55,181,891,1032,141,True
62,153,891,1013,122,True
69,184,891,1032,141,True
71,169,891,1032,141,True
80,172,891,969,78,True
84,174,891,1013,122,True
85,173,891,1013,122,True
89,169,891,1032,141,True
90,181,891,1013,122,True
93,174,891,1013,122,True
0,188,892,1040,148,True
2,186,892,1040,148,True
4,182,892,1040,148,True
19,165,892,1040,148,True
29,171,892,1040,148,True
45,176,892,969,77,True
48,176,892,1040,148,True
53,145,892,1032,140,True
55,182,892,1032,140,True
58,182,892,1013,121,True
59,190,892,1013,121,True
67,188,892,1013,121,True
84,175,892,1013,121,True
86,184,892,1013,121,True
87,172,892,1013,121,True
96,160,892,1032,140,True
1,169,893,1040,147,True
5,192,893,1040,147,True
12,176,893,969,76,True
15,187,893,1013,120,True
20,177,893,969,76,True
22,200,893,1040,147,True
23,181,893,1040,147,True
24,169,893,969,76,True
26,164,893,1040,147,True
29,172,893,1040,147,True
48,177,893,1040,147,True
50,186,893,1013,120,True
56,169,893,1013,120,True
57,162,893,969,76,True
58,183,893,1013,120,True
69,185,893,1032,139,True
71,170,893,1032,139,True
72,179,893,969,76,True
73,189,893,1013,120,True
77,183,893,1013,120,True
81,151,893,1013,120,True
87,173,893,1013,120,True
91,179,893,1032,139,True
94,183,893,1032,139,True
95,180,893,969,76,True
0,189,894,1040,146,True
10,175,894,1040,146,True
11,172,894,1040,146,True
15,188,894,1013,119,True
19,166,894,1040,146,True
20,178,894,969,75,True
23,182,894,1040,146,True
25,190,894,969,75,True
26,165,894,1040,146,True
38,163,894,1040,146,True
40,192,894,1040,146,True
44,175,894,1040,146,True
49,186,894,969,75,True
51,173,894,969,75,True
52,167,894,,,False
59,191,894,1013,119,True
60,183,894,1013,119,True
61,169,894,969,75,True
63,189,894,1032,138,True
64,172,894,1013,119,True
73,190,894,1013,119,True
77,184,894,1013,119,True
80,173,894,969,75,True
85,174,894,1013,119,True
86,185,894,1013,119,True
90,182,894,1013,119,True
91,180,894,1032,138,True
93,175,894,1013,119,True
97,182,894,969,75,True
98,167,894,968,74,True
11,173,895,1040,145,True
12,177,895,969,74,True
15,189,895,1013,118,True
31,185,895,969,74,True
42,195,895,969,74,True
46,188,895,1040,145,True
48,178,895,1040,145,True
54,202,895,1013,118,True
57,163,895,969,74,True
59,192,895,1013,118,True
62,154,895,1013,118,True
72,180,895,969,74,True
85,175,895,1013,118,True
95,181,895,969,74,True
1,170,896,1040,144,True
5,193,896,1040,144,True
7,178,896,1040,144,True
11,174,896,1040,144,True
12,178,896,969,73,True
13,203,896,969,73,True
22,201,896,1040,144,True
27,182,896,1040,144,True
29,173,896,1040,144,True
33,172,896,1040,144,True
49,187,896,1040,144,True
51,174,896,1032,136,True
57,164,896,969,73,True
58,184,896,1013,117,True
62,155,896,1013,117,True
68,190,896,969,73,True
72,181,896,1013,117,True
73,191,896,1013,117,True
75,171,896,1013,117,True
76,189,896,1013,117,True
82,172,896,1032,136,True
83,176,896,1032,136,True
87,174,896,1013,117,True
96,161,896,1032,136,True
98,168,896,968,72,True
11,175,897,1040,143,True
12,179,897,1040,143,True
15,190,897,1013,116,True
17,158,897,1040,143,True
20,179,897,969,72,True
23,183,897,1040,143,True
26,166,897,1040,143,True
40,193,897,1040,143,True
41,177,897,1040,143,True
53,146,897,1032,135,True
65,195,897,1013,116,True
68,191,897,969,72,True
74,169,897,1013,116,True
83,177,897,1032,135,True
89,170,897,1032,135,True
91,181,897,1032,135,True
93,176,897,1013,116,True
96,162,897,1032,135,True
98,169,897,969,72,True
1,171,898,1040,142,True
2,187,898,1040,142,True
6,180,898,969,71,True
12,180,898,1040,142,True
23,184,898,1040,142,True
24,170,898,969,71,True
25,191,898,1040,142,True
26,167,898,1040,142,True
39,183,898,1040,142,True
51,175,898,1032,134,True
53,147,898,1032,134,True
55,183,898,1032,134,True
56,170,898,1032,134,True
66,180,898,1032,134,True
90,183,898,1013,115,True
92,189,898,1013,115,True
93,177,898,1013,115,True
94,184,898,1032,134,True
97,183,898,1032,134,True
98,170,898,969,71,True
12,181,899,1040,141,True
13,204,899,969,70,True
19,167,899,1040,141,True
21,178,899,1040,141,True
22,202,899,1040,141,True
23,185,899,1040,141,True
27,183,899,1040,141,True
29,174,899,1040,141,True
34,170,899,969,70,True
40,194,899,1040,141,True
42,196,899,969,70,True
47,165,899,1040,141,True
54,203,899,1013,114,True
57,165,899,969,70,True
62,156,899,1013,114,True
65,196,899,1013,114,True
66,181,899,1032,133,True
72,182,899,1013,114,True
84,176,899,1013,114,True
87,175,899,1013,114,True
88,194,899,1032,133,True
93,178,899,1032,133,True
98,171,899,969,70,True
9,178,900,1040,140,True
10,176,900,1040,140,True
13,205,900,1040,140,True
17,159,900,1040,140,True
18,164,900,969,69,True
19,168,900,1040,140,True
23,186,900,1040,140,True
31,186,900,969,69,True
33,173,900,1040,140,True
34,171,900,969,69,True
37,177,900,1040,140,True
39,184,900,1040,140,True
43,175,900,1040,140,True
44,176,900,1040,140,True
45,177,900,1013,113,True
55,184,900,1032,132,True
60,184,900,1032,132,True
69,186,900,1032,132,True
71,171,900,1032,132,True
75,172,900,1013,113,True
79,177,900,1013,113,True
83,178,900,1032,132,True
86,186,900,1013,113,True
89,171,900,1032,132,True
94,185,900,1032,132,True
0,190,901,1040,139,True
2,188,901,1040,139,True
14,186,901,1040,139,True
18,165,901,969,68,True
20,180,901,969,68,True
31,187,901,969,68,True
32,156,901,1040,139,True
35,183,901,969,68,True
38,164,901,1040,139,True
42,197,901,1040,139,True
64,173,901,1013,112,True
65,197,901,1013,112,True
73,192,901,1013,112,True
75,173,901,1013,112,True
76,190,901,1013,112,True
97,184,901,1032,131,True
7,179,902,1040,138,True
17,160,902,1040,138,True
22,203,902,1040,138,True
24,171,902,969,67,True
32,157,902,1040,138,True
38,165,902,1040,138,True
46,189,902,1040,138,True
48,179,902,1040,138,True
52,168,902,,,False
56,171,902,1032,130,True
57,166,902,969,67,True
63,190,902,1032,130,True
64,174,902,1013,111,True
65,198,902,1013,111,True
71,172,902,1032,130,True
78,188,902,1032,130,True
84,177,902,1013,111,True
91,182,902,1032,130,True
1,172,903,1040,137,True
12,182,903,1040,137,True
15,191,903,1013,110,True
22,204,903,1040,137,True
23,187,903,1040,137,True
26,168,903,1040,137,True
30,187,903,1013,110,True
37,178,903,1040,137,True
38,166,903,1040,137,True
44,177,903,1040,137,True
55,185,903,1032,129,True
57,167,903,1040,137,True
59,193,903,1032,129,True
61,170,903,969,66,True
69,187,903,1032,129,True
74,170,903,1013,110,True
75,174,903,1013,110,True
77,185,903,1013,110,True
78,189,903,1032,129,True
96,163,903,1032,129,True
97,185,903,1032,129,True
14,187,904,1040,136,True
19,169,904,1040,136,True
22,205,904,1040,136,True
23,188,904,1040,136,True
24,172,904,1040,136,True
29,175,904,1040,136,True
32,158,904,1040,136,True
37,179,904,1040,136,True
39,185,904,1040,136,True
41,178,904,1040,136,True
44,178,904,1040,136,True
46,190,904,1040,136,True
47,166,904,1040,136,True
48,180,904,1040,136,True
53,148,904,1032,128,True
60,185,904,1032,128,True
61,171,904,969,65,True
64,175,904,1013,109,True
66,182,904,1032,128,True
68,192,904,1032,128,True
69,188,904,1032,128,True
74,171,904,1013,109,True
80,174,904,1032,128,True
84,178,904,1013,109,True
85,176,904,1013,109,True
89,172,904,1032,128,True
94,186,904,1032,128,True
95,182,904,1013,109,True
97,186,904,1032,128,True
0,191,905,1040,135,True
6,181,905,1040,135,True
7,180,905,1040,135,True
10,177,905,1040,135,True
15,192,905,1013,108,True
25,192,905,1040,135,True
30,188,905,1013,108,True
33,174,905,1040,135,True
40,195,905,1040,135,True
47,167,905,1040,135,True
51,176,905,1032,127,True
74,172,905,1013,108,True
79,178,905,1013,108,True
80,175,905,1032,127,True
90,184,905,1032,127,True
98,172,905,1013,108,True
5,194,906,1040,134,True
17,161,906,1040,134,True
23,189,906,1040,134,True
31,188,906,1040,134,True
34,172,906,1013,107,True
36,181,906,1040,134,True
37,180,906,1040,134,True
41,179,906,1040,134,True
46,191,906,1040,134,True
49,188,906,1040,134,True
60,186,906,1032,126,True
85,177,906,1013,107,True
86,187,906,1013,107,True
91,183,906,1032,126,True
93,179,906,1032,126,True
11,176,907,1040,133,True
12,183,907,1040,133,True
14,188,907,1040,133,True
22,206,907,1040,133,True
33,175,907,1040,133,True
38,167,907,1040,133,True
39,186,907,1040,133,True
43,176,907,1040,133,True
44,179,907,1040,133,True
49,189,907,1040,133,True
58,185,907,1032,125,True
60,187,907,1032,125,True
62,157,907,1032,125,True
82,173,907,1032,125,True
84,179,907,1013,106,True
85,178,907,1013,106,True
91,184,907,1032,125,True
92,190,907,1013,106,True
96,164,907,1032,125,True
97,187,907,1032,125,True
2,189,908,1040,132,True
3,192,908,1040,132,True
4,183,908,1040,132,True
11,177,908,1040,132,True
12,184,908,1040,132,True
14,189,908,1040,132,True
17,162,908,1040,132,True
18,166,908,1040,132,True
22,207,908,1040,132,True
25,193,908,1040,132,True
30,189,908,1013,105,True
35,184,908,969,61,True
40,196,908,1040,132,True
41,180,908,1040,132,True
49,190,908,1040,132,True
51,177,908,1032,124,True
54,204,908,1013,105,True
56,172,908,1032,124,True
59,194,908,1032,124,True
60,188,908,1032,124,True
62,158,908,1032,124,True
63,191,908,1032,124,True
74,173,908,1013,105,True
75,175,908,1032,124,True
81,152,908,1013,105,True
85,179,908,1013,105,True
89,173,908,1032,124,True
90,185,908,1032,124,True
5,195,909,1040,131,True
7,181,909,1040,131,True
17,163,909,1040,131,True
19,170,909,1040,131,True
33,176,909,1040,131,True
35,185,909,969,60,True
39,187,909,1040,131,True
40,197,909,1040,131,True
46,192,909,1040,131,True
51,178,909,1032,123,True
62,159,909,1032,123,True
69,189,909,1032,123,True
77,186,909,1013,104,True
84,180,909,1032,123,True
86,188,909,1013,104,True
90,186,909,1032,123,True
91,185,909,1032,123,True
92,191,909,1013,104,True
1,173,910,1040,130,True
3,193,910,1040,130,True
4,184,910,1040,130,True
19,171,910,1040,130,True
24,173,910,1040,130,True
32,159,910,1040,130,True
34,173,910,1013,103,True
36,182,910,1040,130,True
37,181,910,1040,130,True
38,168,910,1040,130,True
47,168,910,1040,130,True
63,192,910,1032,122,True
64,176,910,1013,103,True
71,173,910,1032,122,True
73,193,910,1013,103,True
76,191,910,1013,103,True
83,179,910,1032,122,True
86,189,910,1013,103,True
91,186,910,1032,122,True
92,192,910,1013,103,True
96,165,910,1032,122,True
99,161,910,1032,122,True
11,178,911,1040,129,True
13,206,911,1040,129,True
22,208,911,1040,129,True
23,190,911,1040,129,True
30,190,911,1013,102,True
33,177,911,1040,129,True
34,174,911,1013,102,True
45,178,911,1013,102,True
46,193,911,1040,129,True
49,191,911,1040,129,True
50,187,911,1032,121,True
51,179,911,1032,121,True
52,169,911,,,False
55,186,911,1032,121,True
61,172,911,969,58,True
62,160,911,1032,121,True
68,193,911,1032,121,True
69,190,911,1032,121,True
70,179,911,1013,102,True
72,183,911,1013,102,True
75,176,911,1032,121,True
76,192,911,1013,102,True
77,187,911,1013,102,True
81,153,911,1032,121,True
85,180,911,1013,102,True
89,174,911,1032,121,True
90,187,911,1032,121,True
95,183,911,1032,121,True
96,166,911,1032,121,True
97,188,911,1032,121,True
98,173,911,1013,102,True
2,190,912,1040,128,True
3,194,912,1040,128,True
4,185,912,1040,128,True
12,185,912,1040,128,True
18,167,912,1040,128,True
33,178,912,1040,128,True
36,183,912,1040,128,True
37,182,912,1040,128,True
41,181,912,1040,128,True
44,180,912,1040,128,True
45,179,912,1013,101,True
49,192,912,1040,128,True
53,149,912,1032,120,True
56,173,912,1032,120,True
58,186,912,1032,120,True
60,189,912,1032,120,True
62,161,912,1032,120,True
70,180,912,1013,101,True
72,184,912,1013,101,True
76,193,912,1013,101,True
78,190,912,1032,120,True
82,174,912,1032,120,True
85,181,912,1013,101,True
87,176,912,1013,101,True
89,175,912,1032,120,True
91,187,912,1032,120,True
92,193,912,1013,101,True
96,167,912,1032,120,True
98,174,912,1013,101,True
1,174,913,1040,127,True
7,182,913,1040,127,True
25,194,913,1040,127,True
27,184,913,1040,127,True
42,198,913,1040,127,True
47,169,913,1040,127,True
49,193,913,1040,127,True
50,188,913,1032,119,True
58,187,913,1032,119,True
61,173,913,969,56,True
79,179,913,1032,119,True
89,176,913,1032,119,True
93,180,913,1032,119,True
95,184,913,1032,119,True
10,178,914,1040,126,True
14,190,914,1040,126,True
15,193,914,1013,99,True
23,191,914,1040,126,True
28,191,914,1040,126,True
34,175,914,1013,99,True
35,186,914,1040,126,True
48,181,914,1040,126,True
50,189,914,1032,118,True
51,180,914,1032,118,True
58,188,914,1032,118,True
70,181,914,1013,99,True
75,177,914,1032,118,True
90,188,914,1032,118,True
92,194,914,1013,99,True
95,185,914,1032,118,True
96,168,914,1032,118,True
97,189,914,1032,118,True
98,175,914,1013,99,True
4,186,915,1040,125,True
11,179,915,1040,125,True
12,186,915,1040,125,True
15,194,915,1013,98,True
20,181,915,1013,98,True
22,209,915,1040,125,True
24,174,915,1040,125,True
31,189,915,1040,125,True
32,160,915,1040,125,True
49,194,915,1040,125,True
56,174,915,1032,117,True
59,195,915,1032,117,True
71,174,915,1032,117,True
72,185,915,1013,98,True
80,176,915,1032,117,True
88,195,915,1032,117,True
89,177,915,1032,117,True
95,186,915,1032,117,True
99,162,915,1032,117,True
20,182,916,1013,97,True
21,179,916,1040,124,True
26,169,916,1040,124,True
27,185,916,1040,124,True
29,176,916,1040,124,True
37,183,916,1040,124,True
41,182,916,1040,124,True
46,194,916,1040,124,True
49,195,916,1040,124,True
55,187,916,1032,116,True
57,168,916,1040,124,True
63,193,916,1032,116,True
66,183,916,1032,116,True
68,194,916,1032,116,True
76,194,916,1013,97,True
80,177,916,1032,116,True
87,177,916,1013,97,True
88,196,916,1032,116,True
91,188,916,1032,116,True
92,195,916,1032,116,True
11,180,917,1040,123,True
15,195,917,1013,96,True
27,186,917,1040,123,True
28,192,917,1040,123,True
33,179,917,1040,123,True
40,198,917,1040,123,True
41,183,917,1040,123,True
49,196,917,1040,123,True
50,190,917,1032,115,True
71,175,917,1032,115,True
73,194,917,1013,96,True
5,196,918,1040,122,True
9,179,918,1040,122,True
10,179,918,1040,122,True
11,181,918,1040,122,True
14,191,918,1040,122,True
23,192,918,1040,122,True
24,175,918,1040,122,True
26,170,918,1040,122,True
28,193,918,1040,122,True
29,177,918,1040,122,True
31,190,918,1040,122,True
39,188,918,1040,122,True
43,177,918,1040,122,True
64,177,918,1013,95,True
68,195,918,1032,114,True
73,195,918,1013,95,True
75,178,918,1032,114,True
76,195,918,1013,95,True
79,180,918,1032,114,True
80,178,918,1032,114,True
87,178,918,1013,95,True
88,197,918,1032,114,True
90,189,918,1032,114,True
1,175,919,1040,121,True
14,192,919,1040,121,True
20,183,919,1013,94,True
25,195,919,1040,121,True
32,161,919,1040,121,True
34,176,919,1013,94,True
36,184,919,1040,121,True
41,184,919,1040,121,True
43,178,919,1040,121,True
48,182,919,1040,121,True
57,169,919,1040,121,True
59,196,919,1032,113,True
60,190,919,1032,113,True
73,196,919,1013,94,True
74,174,919,1032,113,True
76,196,919,1032,113,True
78,191,919,1032,113,True
81,154,919,1032,113,True
82,175,919,1032,113,True
86,190,919,1013,94,True
88,198,919,1032,113,True
91,189,919,1032,113,True
94,187,919,1032,113,True
0,192,920,1040,120,True
3,195,920,1040,120,True
4,187,920,1040,120,True
11,182,920,1040,120,True
20,184,920,1013,93,True
21,180,920,1040,120,True
23,193,920,1040,120,True
30,191,920,1040,120,True
41,185,920,1040,120,True
45,180,920,1013,93,True
46,195,920,1040,120,True
49,197,920,1040,120,True
55,188,920,1032,112,True
56,175,920,1032,112,True
62,162,920,1032,112,True
69,191,920,1032,112,True
70,182,920,1013,93,True
78,192,920,1032,112,True
79,181,920,1032,112,True
95,187,920,1032,112,True
98,176,920,1013,93,True
2,191,921,1040,119,True
5,197,921,1040,119,True
15,196,921,1013,92,True
18,168,921,1040,119,True
19,172,921,1040,119,True
29,178,921,1040,119,True
35,187,921,1040,119,True
36,185,921,1040,119,True
44,181,921,1040,119,True
45,181,921,1013,92,True
49,198,921,1040,119,True
50,191,921,1032,111,True
51,181,921,1032,111,True
57,170,921,1040,119,True
59,197,921,1032,111,True
60,191,921,1032,111,True
64,178,921,1013,92,True
65,199,921,1032,111,True
67,189,921,1032,111,True
71,176,921,1032,111,True
84,181,921,1032,111,True
86,191,921,1013,92,True
91,190,921,1032,111,True
1,176,922,1040,118,True
6,182,922,1040,118,True
7,183,922,1040,118,True
12,187,922,1040,118,True
15,197,922,1013,91,True
17,164,922,1040,118,True
38,169,922,1040,118,True
42,199,922,1040,118,True
52,170,922,,,False
53,150,922,1032,110,True
70,183,922,1013,91,True
72,186,922,1013,91,True
76,197,922,1032,110,True
77,188,922,1032,110,True
79,182,922,1032,110,True
81,155,922,1032,110,True
85,182,922,1013,91,True
89,178,922,1032,110,True
91,191,922,1032,110,True
98,177,922,1013,91,True
9,180,923,1040,117,True
17,165,923,1040,117,True
23,194,923,1040,117,True
26,171,923,1040,117,True
27,187,923,1040,117,True
30,192,923,1040,117,True
33,180,923,1040,117,True
36,186,923,1040,117,True
45,182,923,1013,90,True
52,171,923,,,False
54,205,923,1032,109,True
55,189,923,1032,109,True
64,179,923,1013,90,True
67,190,923,1032,109,True
73,197,923,1032,109,True
79,183,923,1032,109,True
88,199,923,1032,109,True
0,193,924,1040,116,True
3,196,924,1040,116,True
9,181,924,1040,116,True
15,198,924,1013,89,True
18,169,924,1040,116,True
26,172,924,1040,116,True
37,184,924,1040,116,True
38,170,924,1040,116,True
41,186,924,1040,116,True
54,206,924,1032,108,True
66,184,924,1032,108,True
68,196,924,1032,108,True
69,192,924,1032,108,True
83,180,924,1032,108,True
91,192,924,1032,108,True
4,188,925,1040,115,True
19,173,925,1040,115,True
29,179,925,1040,115,True
31,191,925,1040,115,True
33,181,925,1040,115,True
36,187,925,1040,115,True
38,171,925,1040,115,True
45,183,925,1013,88,True
64,180,925,1013,88,True
70,184,925,1013,88,True
75,179,925,1032,107,True
81,156,925,1032,107,True
82,176,925,1032,107,True
86,192,925,1013,88,True
89,179,925,1032,107,True
90,190,925,1032,107,True
96,169,925,1032,107,True
98,178,925,1013,88,True
4,189,926,1040,114,True
9,182,926,1040,114,True
10,180,926,1040,114,True
12,188,926,1040,114,True
14,193,926,1040,114,True
21,181,926,1040,114,True
25,196,926,1040,114,True
41,187,926,1040,114,True
46,196,926,1040,114,True
49,199,926,1040,114,True
51,182,926,1032,106,True
59,198,926,1032,106,True
62,163,926,1032,106,True
66,185,926,1032,106,True
67,191,926,1032,106,True
72,187,926,1013,87,True
73,198,926,1032,106,True
90,191,926,1032,106,True
91,193,926,1032,106,True
1,177,927,1040,113,True
2,192,927,1040,113,True
8,187,927,1040,113,True
10,181,927,1040,113,True
13,207,927,1040,113,True
16,194,927,1040,113,True
18,170,927,1040,113,True
21,182,927,1040,113,True
22,210,927,1040,113,True
28,194,927,1040,113,True
29,180,927,1040,113,True
31,192,927,1040,113,True
34,177,927,1040,113,True
40,199,927,1040,113,True
41,188,927,1040,113,True
44,182,927,1040,113,True
45,184,927,1013,86,True
47,170,927,1040,113,True
53,151,927,1032,105,True
61,174,927,1013,86,True
66,186,927,1032,105,True
73,199,927,1032,105,True
78,193,927,1032,105,True
83,181,927,1032,105,True
97,190,927,1032,105,True
98,179,927,1013,86,True
23,195,928,1040,112,True
27,188,928,1040,112,True
28,195,928,1040,112,True
32,162,928,1040,112,True
36,188,928,1040,112,True
40,200,928,1040,112,True
43,179,928,1040,112,True
46,197,928,1040,112,True
48,183,928,1040,112,True
53,152,928,1070,142,True
54,207,928,1032,104,True
58,189,928,1032,104,True
61,175,928,1013,85,True
65,200,928,1032,104,True
67,192,928,1032,104,True
68,197,928,1032,104,True
76,198,928,1032,104,True
91,194,928,1032,104,True
98,180,928,1013,85,True
5,198,929,1040,111,True
7,184,929,1040,111,True
22,211,929,1040,111,True
30,193,929,1040,111,True
31,193,929,1040,111,True
42,200,929,1040,111,True
44,183,929,1040,111,True
48,184,929,1040,111,True
54,208,929,1032,103,True
55,190,929,1070,141,True
57,171,929,1040,111,True
60,192,929,1032,103,True
72,188,929,1013,84,True
83,182,929,1032,103,True
84,182,929,1032,103,True
88,200,929,1032,103,True
90,192,929,1032,103,True
13,208,930,1040,110,True
18,171,930,1040,110,True
19,174,930,1040,110,True
22,212,930,1040,110,True
32,163,930,1040,110,True
35,188,930,1040,110,True
37,185,930,1040,110,True
47,171,930,1040,110,True
48,185,930,1040,110,True
50,192,930,1032,102,True
53,153,930,1070,140,True
57,172,930,1040,110,True
59,199,930,1032,102,True
91,195,930,1032,102,True
14,194,931,1040,109,True
15,199,931,1040,109,True
17,166,931,1040,109,True
24,176,931,1040,109,True
27,189,931,1040,109,True
28,196,931,1040,109,True
29,181,931,1040,109,True
36,189,931,1040,109,True
40,201,931,1040,109,True
42,201,931,1040,109,True
58,190,931,1032,101,True
67,193,931,1032,101,True
68,198,931,1032,101,True
70,185,931,1013,82,True
72,189,931,1013,82,True
77,189,931,1032,101,True
81,157,931,1032,101,True
86,193,931,1032,101,True
90,193,931,1032,101,True
96,170,931,1032,101,True
97,191,931,1032,101,True
3,197,932,1040,108,True
17,167,932,1040,108,True
19,175,932,1040,108,True
21,183,932,1040,108,True
22,213,932,1040,108,True
27,190,932,1040,108,True
28,197,932,1040,108,True
33,182,932,1040,108,True
35,189,932,1040,108,True
38,172,932,1040,108,True
41,189,932,1040,108,True
43,180,932,1040,108,True
47,172,932,1040,108,True
51,183,932,1032,100,True
67,194,932,1032,100,True
69,193,932,1032,100,True
70,186,932,1013,81,True
74,175,932,1032,100,True
79,184,932,1032,100,True
81,158,932,1032,100,True
86,194,932,1032,100,True
92,196,932,1032,100,True
93,181,932,1032,100,True
4,190,933,1040,107,True
8,188,933,1040,107,True
12,189,933,1040,107,True
36,190,933,1040,107,True
44,184,933,1040,107,True
47,173,933,1040,107,True
61,176,933,1013,80,True
64,181,933,1013,80,True
66,187,933,1070,137,True
70,187,933,1013,80,True
73,200,933,1032,99,True
74,176,933,1032,99,True
77,190,933,1032,99,True
81,159,933,1032,99,True
82,177,933,1032,99,True
85,183,933,1032,99,True
86,195,933,1032,99,True
95,188,933,1032,99,True
0,194,934,1040,106,True
2,193,934,1040,106,True
6,183,934,1040,106,True
15,200,934,1040,106,True
17,168,934,1040,106,True
18,172,934,1040,106,True
23,196,934,1040,106,True
36,191,934,1040,106,True
42,202,934,1040,106,True
48,186,934,1040,106,True
49,200,934,1040,106,True
51,184,934,1032,98,True
57,173,934,1040,106,True
58,191,934,1032,98,True
67,195,934,1070,136,True
68,199,934,1032,98,True
69,194,934,1032,98,True
72,190,934,1013,79,True
78,194,934,1032,98,True
90,194,934,1032,98,True
2,194,935,1040,105,True
14,195,935,1040,105,True
17,169,935,1040,105,True
24,177,935,1040,105,True
26,173,935,1040,105,True
43,181,935,1040,105,True
70,188,935,1013,78,True
71,177,935,1032,97,True
72,191,935,1013,78,True
80,179,935,1032,97,True
90,195,935,1032,97,True
3,198,936,1040,104,True
7,185,936,1040,104,True
14,196,936,1040,104,True
15,201,936,1040,104,True
21,184,936,1040,104,True
23,197,936,1040,104,True
26,174,936,1040,104,True
35,190,936,1040,104,True
44,185,936,1040,104,True
46,198,936,1089,153,True
47,174,936,1040,104,True
53,154,936,1070,134,True
57,174,936,1040,104,True
59,200,936,1032,96,True
64,182,936,1013,77,True
65,201,936,1032,96,True
71,178,936,1032,96,True
72,192,936,1013,77,True
80,180,936,1032,96,True
81,160,936,1032,96,True
90,196,936,1032,96,True
0,195,937,1040,103,True
22,214,937,1040,103,True
26,175,937,1040,103,True
28,198,937,1040,103,True
35,191,937,1040,103,True
41,190,937,1040,103,True
49,201,937,1040,103,True
53,155,937,1070,133,True
60,193,937,1032,95,True
67,196,937,1070,133,True
75,180,937,1032,95,True
76,199,937,1032,95,True
78,195,937,1032,95,True
80,181,937,1032,95,True
81,161,937,1032,95,True
0,196,938,1040,102,True
2,195,938,1040,102,True
13,209,938,1040,102,True
24,178,938,1040,102,True
29,182,938,1040,102,True
31,194,938,1040,102,True
41,191,938,1040,102,True
51,185,938,1032,94,True
60,194,938,1032,94,True
64,183,938,1013,75,True
75,181,938,1032,94,True
76,200,938,1032,94,True
82,178,938,1032,94,True
84,183,938,1032,94,True
95,189,938,1032,94,True
1,178,939,1040,101,True
7,186,939,1040,101,True
12,190,939,1040,101,True
13,210,939,1040,101,True
22,215,939,1040,101,True
26,176,939,1040,101,True
31,195,939,1040,101,True
52,172,939,,,False
53,156,939,1070,131,True
62,164,939,1032,93,True
67,197,939,1070,131,True
72,193,939,1013,74,True
74,177,939,1032,93,True
77,191,939,1032,93,True
85,184,939,1032,93,True
88,201,939,1032,93,True
92,197,939,1032,93,True
95,190,939,1032,93,True
5,199,940,1040,100,True
8,189,940,1040,100,True
9,183,940,1040,100,True
15,202,940,1040,100,True
19,176,940,1040,100,True
22,216,940,1040,100,True
27,191,940,1040,100,True
30,194,940,1040,100,True
33,183,940,1040,100,True
34,178,940,1040,100,True
41,192,940,1040,100,True
53,157,940,1070,130,True
55,191,940,1070,130,True
56,176,940,1032,92,True
57,175,940,1040,100,True
58,192,940,1032,92,True
60,195,940,1032,92,True
94,188,940,1032,92,True
96,171,940,1032,92,True
0,197,941,1040,99,True
1,179,941,1040,99,True
8,190,941,1040,99,True
22,217,941,1040,99,True
29,183,941,1040,99,True
36,192,941,1054,113,True
50,193,941,1032,91,True
56,177,941,1032,91,True
58,193,941,1032,91,True
62,165,941,1032,91,True
64,184,941,1013,72,True
65,202,941,1032,91,True
67,198,941,1070,129,True
81,162,941,1032,91,True
82,179,941,1032,91,True
87,179,941,1032,91,True
7,187,942,1040,98,True
8,191,942,1040,98,True
12,191,942,1040,98,True
17,170,942,1040,98,True
30,195,942,1040,98,True
31,196,942,1040,98,True
36,193,942,1054,112,True
39,189,942,1040,98,True
40,202,942,1040,98,True
51,186,942,1032,90,True
53,158,942,1070,128,True
55,192,942,1070,128,True
57,176,942,1040,98,True
65,203,942,1032,90,True
68,200,942,1032,90,True
71,179,942,1032,90,True
80,182,942,1032,90,True
90,197,942,1032,90,True
96,172,942,1032,90,True
16,195,943,1040,97,True
27,192,943,1040,97,True
28,199,943,1040,97,True
30,196,943,1040,97,True
35,192,943,1040,97,True
45,185,943,1040,97,True
49,202,943,1040,97,True
52,173,943,,,False
57,177,943,1040,97,True
60,196,943,1032,89,True
64,185,943,1013,70,True
71,180,943,1032,89,True
74,178,943,1032,89,True
78,196,943,1032,89,True
80,183,943,1032,89,True
81,163,943,1032,89,True
82,180,943,1032,89,True
84,184,943,1032,89,True
94,189,943,1032,89,True
99,163,943,1032,89,True
3,199,944,1089,145,True
8,192,944,1040,96,True
12,192,944,1040,96,True
17,171,944,1040,96,True
20,185,944,1040,96,True
22,218,944,1040,96,True
23,198,944,1040,96,True
24,179,944,1040,96,True
25,197,944,1040,96,True
28,200,944,1040,96,True
31,197,944,1040,96,True
32,164,944,1040,96,True
35,193,944,1040,96,True
40,203,944,1040,96,True
49,203,944,1040,96,True
51,187,944,1032,88,True
64,186,944,1013,69,True
66,188,944,1070,126,True
69,195,944,1032,88,True
71,181,944,1032,88,True
74,179,944,1032,88,True
77,192,944,1032,88,True
84,185,944,1032,88,True
86,196,944,1032,88,True
89,180,944,1032,88,True
96,173,944,1032,88,True
2,196,945,1040,95,True
9,184,945,1040,95,True
17,172,945,1040,95,True
19,177,945,1040,95,True
20,186,945,1040,95,True
21,185,945,1040,95,True
24,180,945,1040,95,True
28,201,945,1040,95,True
30,197,945,1040,95,True
31,198,945,1040,95,True
35,194,945,1040,95,True
37,186,945,1040,95,True
39,190,945,1040,95,True
46,199,945,1089,144,True
48,187,945,1040,95,True
55,193,945,1070,125,True
64,187,945,1013,68,True
68,201,945,1032,87,True
72,194,945,1040,95,True
74,180,945,1032,87,True
81,164,945,1032,87,True
82,181,945,1032,87,True
83,183,945,1070,125,True
88,202,945,1032,87,True
91,196,945,1032,87,True
96,174,945,1032,87,True
99,164,945,1032,87,True
5,200,946,1040,94,True
23,199,946,1040,94,True
30,198,946,1040,94,True
36,194,946,1054,108,True
50,194,946,1032,86,True
54,209,946,1032,86,True
56,178,946,1032,86,True
63,194,946,1070,124,True
67,199,946,1070,124,True
70,189,946,1040,94,True
71,182,946,1032,86,True
73,201,946,1040,94,True
74,181,946,1032,86,True
76,201,946,1032,86,True
80,184,946,1032,86,True
82,182,946,1070,124,True
84,186,946,1032,86,True
86,197,946,1032,86,True
90,198,946,1032,86,True
96,175,946,1032,86,True
1,180,947,1040,93,True
9,185,947,1040,93,True
14,197,947,1040,93,True
26,177,947,1040,93,True
45,186,947,1040,93,True
47,175,947,1040,93,True
51,188,947,1070,123,True
53,159,947,1070,123,True
57,178,947,1040,93,True
58,194,947,1032,85,True
60,197,947,1032,85,True
70,190,947,1040,93,True
73,202,947,1040,93,True
74,182,947,1032,85,True
82,183,947,1070,123,True
85,185,947,1032,85,True
87,180,947,1032,85,True
90,199,947,1032,85,True
94,190,947,1032,85,True
3,200,948,1089,141,True
12,193,948,1040,92,True
14,198,948,1040,92,True
23,200,948,1040,92,True
30,199,948,1040,92,True
34,179,948,1040,92,True
39,191,948,1040,92,True
40,204,948,1040,92,True
43,182,948,1040,92,True
54,210,948,1032,84,True
60,198,948,1032,84,True
61,177,948,1040,92,True
65,204,948,1032,84,True
71,183,948,1032,84,True
1,181,949,1040,91,True
10,182,949,1040,91,True
18,173,949,1040,91,True
20,187,949,1040,91,True
23,201,949,1040,91,True
24,181,949,1040,91,True
34,180,949,1040,91,True
46,200,949,1089,140,True
51,189,949,1070,121,True
57,179,949,1040,91,True
60,199,949,1032,83,True
67,200,949,1070,121,True
70,191,949,1040,91,True
71,184,949,1032,83,True
72,195,949,1040,91,True
76,202,949,1032,83,True
79,185,949,1032,83,True
83,184,949,1070,121,True
84,187,949,1032,83,True
85,186,949,1032,83,True
88,203,949,1070,121,True
90,200,949,1070,121,True
96,176,949,1032,83,True
6,184,950,1040,90,True
7,188,950,1040,90,True
15,203,950,1040,90,True
22,219,950,1040,90,True
27,193,950,1040,90,True
31,199,950,1040,90,True
35,195,950,1040,90,True
37,187,950,1040,90,True
39,192,950,1040,90,True
40,205,950,1040,90,True
43,183,950,1040,90,True
46,201,950,1089,139,True
50,195,950,1032,82,True
52,174,950,,,False
54,211,950,1032,82,True
58,195,950,1032,82,True
61,178,950,1040,90,True
66,189,950,1070,120,True
70,192,950,1040,90,True
73,203,950,1040,90,True
75,182,950,1096,146,True
76,203,950,1032,82,True
78,197,950,1032,82,True
80,185,950,1032,82,True
85,187,950,1032,82,True
87,181,950,1032,82,True
94,191,950,1070,120,True
96,177,950,1032,82,True
97,192,950,1070,120,True
0,198,951,1040,89,True
3,201,951,1089,138,True
5,201,951,1040,89,True
6,185,951,1040,89,True
7,189,951,1040,89,True
11,183,951,1089,138,True
17,173,951,1040,89,True
20,188,951,1040,89,True
26,178,951,1040,89,True
40,206,951,1040,89,True
41,193,951,1089,138,True
42,203,951,1040,89,True
57,180,951,1040,89,True
62,166,951,1032,81,True
64,188,951,1040,89,True
69,196,951,1032,81,True
72,196,951,1040,89,True
73,204,951,1040,89,True
80,186,951,1032,81,True
83,185,951,1070,119,True
96,178,951,1032,81,True
6,186,952,1040,88,True
10,183,952,1040,88,True
13,211,952,1040,88,True
25,198,952,1040,88,True
26,179,952,1040,88,True
30,200,952,1040,88,True
34,181,952,1040,88,True
47,176,952,1040,88,True
61,179,952,1040,88,True
62,167,952,1070,118,True
63,195,952,1070,118,True
65,205,952,1032,80,True
71,185,952,1032,80,True
74,183,952,1032,80,True
80,187,952,1032,80,True
88,204,952,1070,118,True
89,181,952,1070,118,True
93,182,952,1032,80,True
6,187,953,1040,87,True
9,186,953,1040,87,True
11,184,953,1089,136,True
14,199,953,1040,87,True
29,184,953,1040,87,True
30,201,953,1040,87,True
32,165,953,1054,101,True
33,184,953,1040,87,True
36,195,953,1054,101,True
39,193,953,1040,87,True
49,204,953,1054,101,True
52,175,953,,,False
56,179,953,1032,79,True
57,181,953,1040,87,True
68,202,953,1070,117,True
72,197,953,1040,87,True
73,205,953,1040,87,True
80,188,953,1032,79,True
81,165,953,1032,79,True
94,192,953,1070,117,True
2,197,954,1040,86,True
3,202,954,1089,135,True
11,185,954,1089,135,True
19,178,954,1040,86,True
22,220,954,1040,86,True
25,199,954,1040,86,True
30,202,954,1040,86,True
32,166,954,1054,100,True
34,182,954,1040,86,True
40,207,954,1040,86,True
43,184,954,1040,86,True
48,188,954,1040,86,True
51,190,954,1070,116,True
56,180,954,1032,78,True
58,196,954,1032,78,True
60,200,954,1032,78,True
64,189,954,1040,86,True
67,201,954,1070,116,True
68,203,954,1070,116,True
74,184,954,1032,78,True
75,183,954,1096,142,True
79,186,954,1032,78,True
84,188,954,1032,78,True
85,188,954,1032,78,True
94,193,954,1070,116,True
1,182,955,1040,85,True
2,198,955,1040,85,True
4,191,955,1040,85,True
6,188,955,1040,85,True
7,190,955,1040,85,True
13,212,955,1040,85,True
17,174,955,1040,85,True
22,221,955,1040,85,True
25,200,955,1040,85,True
27,194,955,1040,85,True
29,185,955,1040,85,True
37,188,955,1040,85,True
40,208,955,1040,85,True
42,204,955,1040,85,True
47,177,955,1040,85,True
48,189,955,1040,85,True
56,181,955,1032,77,True
57,182,955,1040,85,True
79,187,955,1032,77,True
80,189,955,1070,115,True
82,184,955,1070,115,True
83,186,955,1070,115,True
88,205,955,1070,115,True
93,183,955,1032,77,True
95,191,955,1032,77,True
5,202,956,1040,84,True
7,191,956,1040,84,True
8,193,956,1040,84,True
11,186,956,1089,133,True
17,175,956,1040,84,True
19,179,956,1040,84,True
24,182,956,1040,84,True
31,200,956,1040,84,True
33,185,956,1040,84,True
43,185,956,1040,84,True
45,187,956,1040,84,True
46,202,956,1089,133,True
74,185,956,1070,114,True
77,193,956,1096,140,True
80,190,956,1070,114,True
81,166,956,1032,76,True
86,198,956,1032,76,True
87,182,956,1032,76,True
88,206,956,1070,114,True
92,198,956,1070,114,True
95,192,956,1032,76,True
99,165,956,1032,76,True
6,189,957,1040,83,True
10,184,957,1040,83,True
15,204,957,1040,83,True
18,174,957,1040,83,True
28,202,957,1040,83,True
32,167,957,1054,97,True
33,186,957,1040,83,True
37,189,957,1040,83,True
52,176,957,,,False
60,201,957,1032,75,True
65,206,957,1040,83,True
69,197,957,1032,75,True
74,186,957,1070,113,True
87,183,957,1032,75,True
89,182,957,1070,113,True
90,201,957,1070,113,True
99,166,957,1032,75,True
1,183,958,1040,82,True
10,185,958,1040,82,True
11,187,958,1089,131,True
12,194,958,1040,82,True
28,203,958,1040,82,True
32,168,958,1054,96,True
34,183,958,1040,82,True
37,190,958,1040,82,True
38,173,958,1040,82,True
41,194,958,1089,131,True
43,186,958,1054,96,True
48,190,958,1040,82,True
54,212,958,1070,112,True
60,202,958,1032,74,True
61,180,958,1040,82,True
62,168,958,1070,112,True
65,207,958,1040,82,True
71,186,958,1032,74,True
75,184,958,1096,138,True
80,191,958,1070,112,True
82,185,958,1070,112,True
88,207,958,1070,112,True
94,194,958,1070,112,True
8,194,959,1040,81,True
15,205,959,1040,81,True
16,196,959,1040,81,True
26,180,959,1040,81,True
28,204,959,1054,95,True
31,201,959,1040,81,True
36,196,959,1054,95,True
41,195,959,1089,130,True
42,205,959,1040,81,True
43,187,959,1054,95,True
52,177,959,,,False
56,182,959,1070,111,True
64,190,959,1040,81,True
68,204,959,1070,111,True
70,193,959,1040,81,True
71,187,959,1070,111,True
73,206,959,1040,81,True
75,185,959,1096,137,True
92,199,959,1070,111,True
94,195,959,1070,111,True
1,184,960,1040,80,True
6,190,960,1040,80,True
12,195,960,1040,80,True
16,197,960,1040,80,True
24,183,960,1040,80,True
25,201,960,1040,80,True
26,181,960,1040,80,True
34,184,960,1089,129,True
37,191,960,1040,80,True
39,194,960,1040,80,True
40,209,960,1040,80,True
41,196,960,1089,129,True
43,188,960,1054,94,True
47,178,960,1040,80,True
53,160,960,1070,110,True
62,169,960,1070,110,True
68,205,960,1070,110,True
74,187,960,1070,110,True
76,204,960,1032,72,True
78,198,960,1032,72,True
83,187,960,1070,110,True
84,189,960,1070,110,True
86,199,960,1032,72,True
3,203,961,1089,128,True
4,192,961,1040,79,True
6,191,961,1040,79,True
7,192,961,1040,79,True
9,187,961,1040,79,True
11,188,961,1089,128,True
12,196,961,1040,79,True
15,206,961,1040,79,True
18,175,961,1040,79,True
21,186,961,1040,79,True
25,202,961,1040,79,True
31,202,961,1040,79,True
39,195,961,1040,79,True
42,206,961,1040,79,True
47,179,961,1040,79,True
53,161,961,1070,109,True
54,213,961,1070,109,True
58,197,961,1032,71,True
59,201,961,1032,71,True
60,203,961,1070,109,True
63,196,961,1070,109,True
67,202,961,1070,109,True
80,192,961,1070,109,True
83,188,961,1070,109,True
90,202,961,1070,109,True
92,200,961,1070,109,True
93,184,961,1070,109,True
0,199,962,1040,78,True
1,185,962,1040,78,True
6,192,962,1040,78,True
9,188,962,1040,78,True
16,198,962,1040,78,True
17,176,962,1040,78,True
18,176,962,1040,78,True
19,180,962,1040,78,True
23,202,962,1040,78,True
25,203,962,1040,78,True
26,182,962,1040,78,True
27,195,962,1054,92,True
33,187,962,1040,78,True
38,174,962,1040,78,True
44,186,962,1054,92,True
46,203,962,1089,127,True
54,214,962,1070,108,True
63,197,962,1070,108,True
64,191,962,1040,78,True
77,194,962,1096,134,True
81,167,962,1070,108,True
83,189,962,1070,108,True
87,184,962,1032,70,True
94,196,962,1070,108,True
4,193,963,1040,77,True
7,193,963,1040,77,True
17,177,963,1040,77,True
18,177,963,1040,77,True
24,184,963,1040,77,True
33,188,963,1040,77,True
34,185,963,1089,126,True
36,197,963,1054,91,True
43,189,963,1054,91,True
45,188,963,1040,77,True
47,180,963,1040,77,True
49,205,963,1054,91,True
58,198,963,1032,69,True
60,204,963,1070,107,True
62,170,963,1070,107,True
68,206,963,1070,107,True
71,188,963,1070,107,True
72,198,963,1040,77,True
81,168,963,1070,107,True
82,186,963,1070,107,True
95,193,963,1070,107,True
97,193,963,1070,107,True
98,181,963,1040,77,True
1,186,964,1040,76,True
10,186,964,1040,76,True
12,197,964,1040,76,True
20,189,964,1040,76,True
27,196,964,1054,90,True
37,192,964,1054,90,True
38,175,964,1054,90,True
44,187,964,1054,90,True
45,189,964,1040,76,True
46,204,964,1089,125,True
49,206,964,1054,90,True
53,162,964,1070,106,True
59,202,964,1070,106,True
61,181,964,1040,76,True
68,207,964,1070,106,True
70,194,964,1040,76,True
77,195,964,1096,132,True
78,199,964,1070,106,True
82,187,964,1070,106,True
87,185,964,1032,68,True
93,185,964,1070,106,True
94,197,964,1070,106,True
97,194,964,1070,106,True
4,194,965,1040,75,True
6,193,965,1040,75,True
7,194,965,1040,75,True
9,189,965,1054,89,True
22,222,965,1054,89,True
30,203,965,1040,75,True
31,203,965,1040,75,True
35,196,965,1040,75,True
47,181,965,1040,75,True
48,191,965,1040,75,True
53,163,965,1070,105,True
61,182,965,1040,75,True
68,208,965,1070,105,True
74,188,965,1070,105,True
86,200,965,1032,67,True
87,186,965,1032,67,True
91,197,965,1070,105,True
92,201,965,1070,105,True
98,182,965,1040,75,True
99,167,965,1070,105,True
0,200,966,1040,74,True
12,198,966,1040,74,True
18,178,966,1040,74,True
25,204,966,1040,74,True
35,197,966,1040,74,True
38,176,966,1054,88,True
41,197,966,1089,123,True
45,190,966,1040,74,True
48,192,966,1040,74,True
51,191,966,1070,104,True
57,183,966,1040,74,True
63,198,966,1070,104,True
66,190,966,1070,104,True
72,199,966,1040,74,True
73,207,966,1040,74,True
77,196,966,1096,130,True
86,201,966,1032,66,True
88,208,966,1070,104,True
93,186,966,1070,104,True
1,187,967,1040,73,True
2,199,967,1040,73,True
6,194,967,1040,73,True
7,195,967,1040,73,True
8,195,967,1054,87,True
10,187,967,1054,87,True
15,207,967,1040,73,True
19,181,967,1040,73,True
26,183,967,1054,87,True
38,177,967,1054,87,True
40,210,967,1054,87,True
42,207,967,1040,73,True
43,190,967,1054,87,True
48,193,967,1040,73,True
50,196,967,1032,65,True
55,194,967,1070,103,True
62,171,967,1070,103,True
68,209,967,1070,103,True
71,189,967,1070,103,True
75,186,967,1096,129,True
82,188,967,1070,103,True
88,209,967,1070,103,True
96,179,967,1070,103,True
2,200,968,1040,72,True
3,204,968,1089,121,True
13,213,968,1040,72,True
18,179,968,1040,72,True
22,223,968,1054,86,True
24,185,968,1040,72,True
37,193,968,1054,86,True
39,196,968,1054,86,True
41,198,968,1089,121,True
54,215,968,1070,102,True
55,195,968,1070,102,True
57,184,968,1040,72,True
62,172,968,1070,102,True
69,198,968,1070,102,True
78,200,968,1070,102,True
84,190,968,1070,102,True
86,202,968,1032,64,True
94,198,968,1070,102,True
2,201,969,1040,71,True
4,195,969,1040,71,True
17,178,969,1040,71,True
19,182,969,1040,71,True
23,203,969,1054,85,True
24,186,969,1054,85,True
25,205,969,1040,71,True
33,189,969,1089,120,True
35,198,969,1040,71,True
43,191,969,1054,85,True
44,188,969,1054,85,True
54,216,969,1070,101,True
58,199,969,1032,63,True
67,203,969,1070,101,True
70,195,969,1040,71,True
75,187,969,1096,127,True
76,205,969,1032,63,True
80,193,969,1070,101,True
85,189,969,1032,63,True
93,187,969,1070,101,True
97,195,969,1070,101,True
98,183,969,1040,71,True
3,205,970,1089,119,True
14,200,970,1040,70,True
22,224,970,1054,84,True
23,204,970,1054,84,True
32,169,970,1054,84,True
40,211,970,1054,84,True
48,194,970,1054,84,True
50,197,970,1032,62,True
54,217,970,1070,100,True
55,196,970,1070,100,True
63,199,970,1070,100,True
67,204,970,1070,100,True
68,210,970,1070,100,True
75,188,970,1096,126,True
76,206,970,1032,62,True
84,191,970,1070,100,True
93,188,970,1070,100,True
98,184,970,1040,70,True
1,188,971,1040,69,True
2,202,971,1040,69,True
6,195,971,1040,69,True
10,188,971,1054,83,True
14,201,971,1040,69,True
23,205,971,1054,83,True
24,187,971,1054,83,True
25,206,971,1040,69,True
26,184,971,1054,83,True
30,204,971,1040,69,True
34,186,971,1089,118,True
35,199,971,1040,69,True
40,212,971,1054,83,True
49,207,971,1054,83,True
50,198,971,1032,61,True
60,205,971,1070,99,True
61,183,971,1040,69,True
65,208,971,1040,69,True
69,199,971,1070,99,True
70,196,971,1040,69,True
71,190,971,1070,99,True
78,201,971,1070,99,True
95,194,971,1070,99,True
1,189,972,1040,68,True
7,196,972,1089,117,True
9,190,972,1054,82,True
19,183,972,1040,68,True
26,185,972,1054,82,True
27,197,972,1054,82,True
37,194,972,1054,82,True
39,197,972,1054,82,True
40,213,972,1054,82,True
42,208,972,1054,82,True
44,189,972,1089,117,True
49,208,972,1054,82,True
53,164,972,1070,98,True
59,203,972,1070,98,True
65,209,972,1040,68,True
75,189,972,1096,124,True
89,183,972,1070,98,True
1,190,973,1040,67,True
4,196,973,1054,81,True
6,196,973,1040,67,True
9,191,973,1054,81,True
13,214,973,1054,81,True
17,179,973,1089,116,True
30,205,973,1040,67,True
35,200,973,1040,67,True
36,198,973,1089,116,True
45,191,973,1040,67,True
46,205,973,1089,116,True
47,182,973,1040,67,True
50,199,973,1032,59,True
51,192,973,1070,97,True
52,178,973,,,False
53,165,973,1070,97,True
57,185,973,1040,67,True
69,200,973,1070,97,True
72,200,973,1040,67,True
73,208,973,1040,67,True
76,207,973,1032,59,True
77,197,973,1096,123,True
80,194,973,1070,97,True
85,190,973,1032,59,True
86,203,973,1040,67,True
88,210,973,1070,97,True
91,198,973,1070,97,True
0,201,974,1040,66,True
7,197,974,1089,115,True
11,189,974,1089,115,True
14,202,974,1040,66,True
21,187,974,1054,80,True
44,190,974,1089,115,True
46,206,974,1089,115,True
48,195,974,1089,115,True
50,200,974,1032,58,True
52,179,974,,,False
64,192,974,1040,66,True
65,210,974,1040,66,True
68,211,974,1070,96,True
78,202,974,1070,96,True
82,189,974,1070,96,True
85,191,974,1032,58,True
86,204,974,1040,66,True
91,199,974,1070,96,True
92,202,974,1070,96,True
99,168,974,1096,122,True
6,197,975,1040,65,True
13,215,975,1054,79,True
17,180,975,1089,114,True
18,180,975,1054,79,True
26,186,975,1054,79,True
33,190,975,1089,114,True
37,195,975,1089,114,True
41,199,975,1089,114,True
42,209,975,1054,79,True
44,191,975,1089,114,True
47,183,975,1040,65,True
50,201,975,1032,57,True
54,218,975,1070,95,True
57,186,975,1040,65,True
59,204,975,1070,95,True
78,203,975,1070,95,True
79,188,975,1040,65,True
88,211,975,1070,95,True
95,195,975,1070,95,True
99,169,975,1096,121,True
4,197,976,1054,78,True
24,188,976,1054,78,True
27,198,976,1054,78,True
29,186,976,1040,64,True
31,204,976,1040,64,True
32,170,976,1054,78,True
34,187,976,1089,113,True
36,199,976,1089,113,True
37,196,976,1089,113,True
43,192,976,1054,78,True
44,192,976,1089,113,True
47,184,976,1040,64,True
53,166,976,1070,94,True
54,219,976,1070,94,True
64,193,976,1040,64,True
65,211,976,1040,64,True
74,189,976,1070,94,True
75,190,976,1096,120,True
76,208,976,1032,56,True
92,203,976,1070,94,True
93,189,976,1070,94,True
94,199,976,1070,94,True
99,170,976,1096,120,True
0,202,977,1040,63,True
3,206,977,1089,112,True
5,203,977,1054,77,True
13,216,977,1054,77,True
24,189,977,1054,77,True
29,187,977,1040,63,True
34,188,977,1089,112,True
36,200,977,1089,112,True
38,178,977,1054,77,True
41,200,977,1089,112,True
50,202,977,1032,55,True
51,193,977,1096,119,True
71,191,977,1070,93,True
76,209,977,1032,55,True
78,204,977,1070,93,True
79,189,977,1096,119,True
95,196,977,1070,93,True
2,203,978,1089,111,True
27,199,978,1054,76,True
31,205,978,1040,62,True
32,171,978,1054,76,True
35,201,978,1040,62,True
37,197,978,1089,111,True
41,201,978,1089,111,True
45,192,978,1040,62,True
50,203,978,1032,54,True
52,180,978,,,False
66,191,978,1070,92,True
87,187,978,1070,92,True
91,200,978,1070,92,True
99,171,978,1096,118,True
0,203,979,1040,61,True
10,189,979,1089,110,True
11,190,979,1089,110,True
13,217,979,1054,75,True
14,203,979,1040,61,True
23,206,979,1089,110,True
34,189,979,1089,110,True
35,202,979,1040,61,True
36,201,979,1089,110,True
65,212,979,1040,61,True
78,205,979,1070,91,True
79,190,979,1096,117,True
80,195,979,1070,91,True
88,212,979,1204,225,True
99,172,979,1096,117,True
0,204,980,1040,60,True
2,204,980,1089,109,True
9,192,980,1089,109,True
12,199,980,1054,74,True
14,204,980,1040,60,True
15,208,980,1040,60,True
16,199,980,1089,109,True
18,181,980,1054,74,True
23,207,980,1089,109,True
25,207,980,1040,60,True
28,205,980,1054,74,True
29,188,980,1040,60,True
32,172,980,1089,109,True
39,198,980,1089,109,True
44,193,980,1089,109,True
49,209,980,1054,74,True
66,192,980,1070,90,True
81,169,980,1070,90,True
82,190,980,1070,90,True
90,203,980,1070,90,True
92,204,980,1070,90,True
93,190,980,1070,90,True
97,196,980,1070,90,True
98,185,980,1040,60,True
99,173,980,1096,116,True
4,198,981,1054,73,True
6,198,981,1040,59,True
11,191,981,1089,108,True
12,200,981,1054,73,True
13,218,981,1054,73,True
24,190,981,1054,73,True
28,206,981,1054,73,True
30,206,981,1040,59,True
38,179,981,1054,73,True
49,210,981,1054,73,True
51,194,981,1096,115,True
55,197,981,1070,89,True
56,183,981,1070,89,True
58,200,981,1070,89,True
62,173,981,1070,89,True
64,194,981,1040,59,True
69,201,981,1070,89,True
70,197,981,1040,59,True
79,191,981,1096,115,True
82,191,981,1070,89,True
89,184,981,1070,89,True
90,204,981,1070,89,True
94,200,981,1070,89,True
96,180,981,1096,115,True
99,174,981,1096,115,True
16,200,982,1089,107,True
20,190,982,1040,58,True
23,208,982,1089,107,True
26,187,982,1054,72,True
36,202,982,1089,107,True
39,199,982,1089,107,True
42,210,982,1089,107,True
44,194,982,1089,107,True
45,193,982,1040,58,True
46,207,982,1089,107,True
47,185,982,1040,58,True
61,184,982,1040,58,True
73,209,982,1040,58,True
75,191,982,1096,114,True
76,210,982,1040,58,True
77,198,982,1096,114,True
83,190,982,1070,88,True
84,192,982,1070,88,True
86,205,982,1040,58,True
89,185,982,1070,88,True
93,191,982,1070,88,True
94,201,982,1070,88,True
96,181,982,1096,114,True
1,191,983,1089,106,True
3,207,983,1089,106,True
5,204,983,1054,71,True
16,201,983,1089,106,True
20,191,983,1040,57,True
29,189,983,1040,57,True
42,211,983,1089,106,True
44,195,983,1089,106,True
53,167,983,1070,87,True
61,185,983,1040,57,True
63,200,983,1070,87,True
64,195,983,1040,57,True
65,213,983,1040,57,True
69,202,983,1070,87,True
96,182,983,1096,113,True
5,205,984,1054,70,True
7,198,984,1089,105,True
8,196,984,1089,105,True
9,193,984,1089,105,True
10,190,984,1089,105,True
24,191,984,1054,70,True
27,200,984,1054,70,True
29,190,984,1040,56,True
37,198,984,1089,105,True
52,181,984,,,False
56,184,984,1070,86,True
65,214,984,1040,56,True
70,198,984,1040,56,True
71,192,984,1070,86,True
90,205,984,1070,86,True
92,205,984,1070,86,True
93,192,984,1096,112,True
94,202,984,1070,86,True
96,183,984,1096,112,True
3,208,985,1089,104,True
7,199,985,1089,104,True
12,201,985,1054,69,True
19,184,985,1089,104,True
25,208,985,1040,55,True
27,201,985,1054,69,True
28,207,985,1054,69,True
45,194,985,1070,85,True
51,195,985,1096,111,True
58,201,985,1070,85,True
59,205,985,1070,85,True
64,196,985,1040,55,True
79,192,985,1096,111,True
86,206,985,1040,55,True
87,188,985,1070,85,True
89,186,985,1096,111,True
93,193,985,1096,111,True
95,197,985,1070,85,True
99,175,985,1096,111,True
3,209,986,1089,103,True
14,205,986,1040,54,True
15,209,986,1089,103,True
21,188,986,1089,103,True
23,209,986,1089,103,True
24,192,986,1054,68,True
28,208,986,1054,68,True
34,190,986,1089,103,True
39,200,986,1089,103,True
41,202,986,1089,103,True
52,182,986,,,False
56,185,986,1070,84,True
71,193,986,1070,84,True
75,192,986,1096,110,True
81,170,986,1096,110,True
82,192,986,1070,84,True
94,203,986,1070,84,True
96,184,986,1096,110,True
98,186,986,1040,54,True
0,205,987,1040,53,True
1,192,987,1089,102,True
5,206,987,1089,102,True
7,200,987,1089,102,True
14,206,987,1040,53,True
15,210,987,1089,102,True
27,202,987,1054,67,True
28,209,987,1054,67,True
45,195,987,1070,83,True
46,208,987,1089,102,True
49,211,987,1054,67,True
52,183,987,,,False
53,168,987,1070,83,True
69,203,987,1070,83,True
80,196,987,1070,83,True
81,171,987,1096,109,True
3,210,988,1089,101,True
5,207,988,1089,101,True
6,199,988,1054,66,True
8,197,988,1089,101,True
23,210,988,1089,101,True
29,191,988,1040,52,True
37,199,988,1089,101,True
41,203,988,1089,101,True
43,193,988,1054,66,True
44,196,988,1089,101,True
48,196,988,1089,101,True
59,206,988,1070,82,True
62,174,988,1070,82,True
73,210,988,1070,82,True
74,190,988,1096,108,True
78,206,988,1070,82,True
83,191,988,1096,108,True
97,197,988,1070,82,True
0,206,989,1089,100,True
1,193,989,1089,100,True
4,199,989,1089,100,True
7,201,989,1089,100,True
12,202,989,1054,65,True
20,192,989,1046,57,True
21,189,989,1089,100,True
30,207,989,1054,65,True
34,191,989,1089,100,True
39,201,989,1089,100,True
41,204,989,1089,100,True
43,194,989,1054,65,True
44,197,989,1089,100,True
45,196,989,1070,81,True
46,209,989,1089,100,True
47,186,989,1089,100,True
49,212,989,1089,100,True
58,202,989,1070,81,True
61,186,989,1040,51,True
78,207,989,1070,81,True
83,192,989,1096,107,True
84,193,989,1070,81,True
89,187,989,1124,135,True
94,204,989,1070,81,True
98,187,989,1040,51,True
5,208,990,1089,99,True
10,191,990,1089,99,True
30,208,990,1054,64,True
43,195,990,1054,64,True
44,198,990,1089,99,True
46,210,990,1089,99,True
59,207,990,1070,80,True
63,201,990,1070,80,True
67,205,990,1070,80,True
68,212,990,1070,80,True
74,191,990,1096,106,True
79,193,990,1096,106,True
91,201,990,1070,80,True
92,206,990,1070,80,True
99,176,990,1096,106,True
11,192,991,1089,98,True
12,203,991,1089,98,True
16,202,991,1149,158,True
36,203,991,1089,98,True
45,197,991,1070,79,True
55,198,991,1070,79,True
69,204,991,1070,79,True
78,208,991,1096,105,True
92,207,991,1070,79,True
95,198,991,1070,79,True
8,198,992,1089,97,True
10,192,992,1089,97,True
15,211,992,1089,97,True
31,206,992,1089,97,True
36,204,992,1089,97,True
42,212,992,1089,97,True
44,199,992,1089,97,True
45,198,992,1070,78,True
46,211,992,1089,97,True
54,220,992,1096,104,True
60,206,992,1096,104,True
67,206,992,1096,104,True
68,213,992,1070,78,True
69,205,992,1070,78,True
73,211,992,1070,78,True
76,211,992,1070,78,True
78,209,992,1096,104,True
79,194,992,1096,104,True
84,194,992,1070,78,True
88,213,992,1204,212,True
90,206,992,1070,78,True
96,185,992,1096,104,True
97,198,992,1070,78,True
98,188,992,1070,78,True
7,202,993,1089,96,True
11,193,993,1089,96,True
14,207,993,1040,47,True
16,203,993,1149,156,True
17,181,993,1089,96,True
28,210,993,1149,156,True
36,205,993,1089,96,True
41,205,993,1089,96,True
44,200,993,1089,96,True
46,212,993,1089,96,True
49,213,993,1089,96,True
50,204,993,1096,103,True
58,203,993,1070,77,True
59,208,993,1096,103,True
65,215,993,1070,77,True
66,193,993,1096,103,True
70,199,993,1046,53,True
73,212,993,1070,77,True
75,193,993,1096,103,True
77,199,993,1096,103,True
80,197,993,1070,77,True
82,193,993,1070,77,True
84,195,993,1070,77,True
91,202,993,1070,77,True
6,200,994,1089,95,True
15,212,994,1089,95,True
17,182,994,1089,95,True
21,190,994,1089,95,True
29,192,994,1040,46,True
31,207,994,1089,95,True
40,214,994,1089,95,True
41,206,994,1089,95,True
42,213,994,1089,95,True
47,187,994,1089,95,True
48,197,994,1089,95,True
56,186,994,1070,76,True
67,207,994,1096,102,True
69,206,994,1070,76,True
73,213,994,1070,76,True
74,192,994,1096,102,True
78,210,994,1096,102,True
82,194,994,1070,76,True
87,189,994,1070,76,True
89,188,994,1124,130,True
1,194,995,1089,94,True
3,211,995,1089,94,True
10,193,995,1089,94,True
24,193,995,1089,94,True
27,203,995,1089,94,True
37,200,995,1089,94,True
39,202,995,1089,94,True
41,207,995,1089,94,True
43,196,995,1089,94,True
47,188,995,1089,94,True
48,198,995,1089,94,True
49,214,995,1089,94,True
54,221,995,1096,101,True
55,199,995,1096,101,True
63,202,995,1070,75,True
67,208,995,1096,101,True
69,207,995,1096,101,True
80,198,995,1070,75,True
83,193,995,1096,101,True
86,207,995,1070,75,True
88,214,995,1204,209,True
95,199,995,1070,75,True
98,189,995,1070,75,True
5,209,996,1089,93,True
17,183,996,1149,153,True
20,193,996,1046,50,True
27,204,996,1089,93,True
30,209,996,1054,58,True
34,192,996,1089,93,True
45,199,996,1070,74,True
48,199,996,1089,93,True
54,222,996,1096,100,True
57,187,996,1046,50,True
60,207,996,1096,100,True
62,175,996,1070,74,True
67,209,996,1096,100,True
73,214,996,1070,74,True
79,195,996,1096,100,True
80,199,996,1070,74,True
88,215,996,1204,208,True
92,208,996,1070,74,True
0,207,997,1089,92,True
7,203,997,1149,152,True
10,194,997,1149,152,True
15,213,997,1089,92,True
17,184,997,1149,152,True
20,194,997,1046,49,True
25,209,997,1149,152,True
35,203,997,1054,57,True
61,187,997,1040,43,True
62,176,997,1070,73,True
68,214,997,1070,73,True
72,201,997,1046,49,True
73,215,997,1070,73,True
74,193,997,1096,99,True
77,200,997,1096,99,True
78,211,997,1096,99,True
80,200,997,1070,73,True
82,195,997,1096,99,True
87,190,997,1070,73,True
94,205,997,1096,99,True
0,208,998,1089,91,True
10,195,998,1149,151,True
12,204,998,1089,91,True
25,210,998,1149,151,True
26,188,998,1149,151,True
27,205,998,1089,91,True
37,201,998,1089,91,True
47,189,998,1089,91,True
50,205,998,1096,98,True
56,187,998,1070,72,True
63,203,998,1096,98,True
64,197,998,1046,48,True
71,194,998,1096,98,True
73,216,998,1070,72,True
75,194,998,1096,98,True
79,196,998,1096,98,True
80,201,998,1070,72,True
83,194,998,1096,98,True
84,196,998,1070,72,True
86,208,998,1070,72,True
87,191,998,1070,72,True
94,206,998,1096,98,True
99,177,998,1096,98,True
13,219,999,1089,90,True
25,211,999,1149,150,True
26,189,999,1149,150,True
30,210,999,1054,55,True
31,208,999,1089,90,True
48,200,999,1089,90,True
50,206,999,1096,97,True
53,169,999,1096,97,True
57,188,999,1046,47,True
63,204,999,1096,97,True
77,201,999,1096,97,True
82,196,999,1096,97,True
87,192,999,1070,71,True
94,207,999,1096,97,True
4,200,1000,1089,89,True
6,201,1000,1089,89,True
7,204,1000,1149,149,True
10,196,1000,1149,149,True
18,182,1000,1149,149,True
20,195,1000,1046,46,True
21,191,1000,1089,89,True
26,190,1000,1149,149,True
31,209,1000,1089,89,True
44,201,1000,1089,89,True
52,184,1000,,,False
54,223,1000,1096,96,True
61,188,1000,1046,46,True
62,177,1000,1070,70,True
65,216,1000,1070,70,True
66,194,1000,1096,96,True
69,208,1000,1096,96,True
71,195,1000,1096,96,True
74,194,1000,1096,96,True
77,202,1000,1096,96,True
82,197,1000,1096,96,True
91,203,1000,1070,70,True
93,194,1000,1096,96,True
96,186,1000,1096,96,True
3,212,1001,1089,88,True
6,202,1001,1089,88,True
10,197,1001,1149,148,True
11,194,1001,1089,88,True
15,214,1001,1089,88,True
21,192,1001,1089,88,True
24,194,1001,1089,88,True
25,212,1001,1149,148,True
32,173,1001,1149,148,True
37,202,1001,1089,88,True
38,180,1001,1089,88,True
51,196,1001,1096,95,True
57,189,1001,1046,45,True
60,208,1001,1096,95,True
61,189,1001,1046,45,True
73,217,1001,1070,69,True
75,195,1001,1096,95,True
76,212,1001,1070,69,True
87,193,1001,1070,69,True
89,189,1001,1124,123,True
93,195,1001,1096,95,True
99,178,1001,1096,95,True
3,213,1002,1089,87,True
4,201,1002,1089,87,True
5,210,1002,1149,147,True
12,205,1002,1089,87,True
16,204,1002,1149,147,True
24,195,1002,1089,87,True
34,193,1002,1089,87,True
42,214,1002,1089,87,True
45,200,1002,1070,68,True
50,207,1002,1096,94,True
51,197,1002,1096,94,True
54,224,1002,1096,94,True
64,198,1002,1096,94,True
68,215,1002,1070,68,True
70,200,1002,1070,68,True
74,195,1002,1096,94,True
78,212,1002,1096,94,True
96,187,1002,1096,94,True
98,190,1002,1070,68,True
0,209,1003,1089,86,True
5,211,1003,1149,146,True
8,199,1003,1089,86,True
11,195,1003,1089,86,True
22,225,1003,1089,86,True
23,211,1003,1089,86,True
30,211,1003,1106,103,True
35,204,1003,1054,51,True
41,208,1003,1089,86,True
46,213,1003,1089,86,True
48,201,1003,1149,146,True
49,215,1003,1089,86,True
51,198,1003,1096,93,True
52,185,1003,,,False
58,204,1003,1096,93,True
61,190,1003,1046,43,True
73,218,1003,1070,67,True
77,203,1003,1096,93,True
78,213,1003,1096,93,True
82,198,1003,1096,93,True
91,204,1003,1070,67,True
93,196,1003,1096,93,True
95,200,1003,1070,67,True
0,210,1004,1089,85,True
5,212,1004,1149,145,True
8,200,1004,1089,85,True
10,198,1004,1149,145,True
12,206,1004,1089,85,True
17,185,1004,1149,145,True
22,226,1004,1089,85,True
26,191,1004,1149,145,True
28,211,1004,1149,145,True
41,209,1004,1089,85,True
45,201,1004,1070,66,True
58,205,1004,1096,92,True
70,201,1004,1070,66,True
90,207,1004,1096,92,True
92,209,1004,1096,92,True
95,201,1004,1070,66,True
97,199,1004,1070,66,True
98,191,1004,1070,66,True
99,179,1004,1096,92,True
3,214,1005,1149,144,True
4,202,1005,1089,84,True
7,205,1005,1155,150,True
10,199,1005,1149,144,True
14,208,1005,1089,84,True
15,215,1005,1089,84,True
16,205,1005,1149,144,True
17,186,1005,1149,144,True
23,212,1005,1089,84,True
28,212,1005,1149,144,True
32,174,1005,1149,144,True
36,206,1005,1149,144,True
37,203,1005,1089,84,True
39,203,1005,1149,144,True
47,190,1005,1089,84,True
52,186,1005,,,False
53,170,1005,1096,91,True
54,225,1005,1096,91,True
57,190,1005,1046,41,True
58,206,1005,1096,91,True
61,191,1005,1070,65,True
66,195,1005,1096,91,True
77,204,1005,1096,91,True
79,197,1005,1096,91,True
83,195,1005,1096,91,True
89,190,1005,1124,119,True
7,206,1006,1155,149,True
8,201,1006,1089,83,True
10,200,1006,1149,143,True
12,207,1006,1089,83,True
21,193,1006,1089,83,True
29,193,1006,1089,83,True
33,191,1006,1089,83,True
34,194,1006,1089,83,True
39,204,1006,1149,143,True
40,215,1006,1149,143,True
41,210,1006,1089,83,True
43,197,1006,1089,83,True
47,191,1006,1089,83,True
48,202,1006,1149,143,True
49,216,1006,1089,83,True
51,199,1006,1096,90,True
54,226,1006,1096,90,True
58,207,1006,1096,90,True
68,216,1006,1070,64,True
75,196,1006,1096,90,True
77,205,1006,1096,90,True
82,199,1006,1096,90,True
98,192,1006,1070,64,True
2,205,1007,1149,142,True
6,203,1007,1089,82,True
7,207,1007,1155,148,True
11,196,1007,1089,82,True
17,187,1007,1149,142,True
19,185,1007,1149,142,True
22,227,1007,1149,142,True
28,213,1007,1149,142,True
31,210,1007,1089,82,True
33,192,1007,1089,82,True
35,205,1007,1054,47,True
40,216,1007,1149,142,True
47,192,1007,1089,82,True
49,217,1007,1089,82,True
51,200,1007,1096,89,True
60,209,1007,1096,89,True
61,192,1007,1070,63,True
63,205,1007,1096,89,True
68,217,1007,1070,63,True
70,202,1007,1070,63,True
78,214,1007,1096,89,True
81,172,1007,1096,89,True
82,200,1007,1096,89,True
88,216,1007,1204,197,True
90,208,1007,1096,89,True
93,197,1007,1096,89,True
96,188,1007,1096,89,True
0,211,1008,1089,81,True
11,197,1008,1089,81,True
13,220,1008,1089,81,True
27,206,1008,1155,147,True
34,195,1008,1089,81,True
37,204,1008,1089,81,True
42,215,1008,1149,141,True
43,198,1008,1149,141,True
48,203,1008,1149,141,True
51,201,1008,1096,88,True
52,187,1008,,,False
57,191,1008,1089,81,True
61,193,1008,1070,62,True
63,206,1008,1096,88,True
65,217,1008,1070,62,True
68,218,1008,1070,62,True
75,197,1008,1096,88,True
76,213,1008,1106,98,True
78,215,1008,1096,88,True
82,201,1008,1096,88,True
87,194,1008,1096,88,True
99,180,1008,1096,88,True
6,204,1009,1089,80,True
10,201,1009,1149,140,True
11,198,1009,1089,80,True
12,208,1009,1089,80,True
14,209,1009,1089,80,True
18,183,1009,1149,140,True
19,186,1009,1149,140,True
20,196,1009,1070,61,True
23,213,1009,1149,140,True
26,192,1009,1149,140,True
32,175,1009,1149,140,True
36,207,1009,1149,140,True
39,205,1009,1149,140,True
40,217,1009,1149,140,True
46,214,1009,1089,80,True
55,200,1009,1096,87,True
61,194,1009,1070,61,True
69,209,1009,1096,87,True
74,196,1009,1139,130,True
79,198,1009,1096,87,True
80,202,1009,1096,87,True
84,197,1009,1124,115,True
89,191,1009,1124,115,True
91,205,1009,1096,87,True
99,181,1009,1096,87,True
3,215,1010,1149,139,True
4,203,1010,1089,79,True
14,210,1010,1089,79,True
22,228,1010,1149,139,True
30,212,1010,1106,96,True
45,202,1010,1106,96,True
54,227,1010,1096,86,True
56,188,1010,1096,86,True
60,210,1010,1096,86,True
67,210,1010,1096,86,True
74,197,1010,1139,129,True
76,214,1010,1106,96,True
77,206,1010,1096,86,True
82,202,1010,1096,86,True
86,209,1010,1070,60,True
90,209,1010,1096,86,True
94,208,1010,1096,86,True
4,204,1011,1089,78,True
25,213,1011,1149,138,True
26,193,1011,1149,138,True
34,196,1011,1089,78,True
47,193,1011,1089,78,True
53,171,1011,1124,113,True
54,228,1011,1096,85,True
57,192,1011,1089,78,True
58,208,1011,1096,85,True
64,199,1011,1096,85,True
71,196,1011,1124,113,True
74,198,1011,1139,128,True
83,196,1011,1096,85,True
87,195,1011,1096,85,True
90,210,1011,1096,85,True
93,198,1011,1096,85,True
94,209,1011,1096,85,True
21,194,1012,1089,77,True
24,196,1012,1149,137,True
26,194,1012,1149,137,True
28,214,1012,1149,137,True
33,193,1012,1089,77,True
36,208,1012,1149,137,True
37,205,1012,1089,77,True
38,181,1012,1089,77,True
48,204,1012,1149,137,True
49,218,1012,1089,77,True
55,201,1012,1096,84,True
56,189,1012,1096,84,True
59,209,1012,1096,84,True
60,211,1012,1096,84,True
63,207,1012,1096,84,True
64,200,1012,1096,84,True
69,210,1012,1096,84,True
73,219,1012,1070,58,True
79,199,1012,1096,84,True
87,196,1012,1096,84,True
88,217,1012,1204,192,True
92,210,1012,1096,84,True
97,200,1012,1096,84,True
0,212,1013,1089,76,True
2,206,1013,1155,142,True
6,205,1013,1089,76,True
7,208,1013,1155,142,True
8,202,1013,1089,76,True
22,229,1013,1149,136,True
27,207,1013,1155,142,True
29,194,1013,1089,76,True
30,213,1013,1106,93,True
33,194,1013,1089,76,True
34,197,1013,1089,76,True
35,206,1013,1089,76,True
44,202,1013,1149,136,True
52,188,1013,,,False
60,212,1013,1096,83,True
65,218,1013,1096,83,True
67,211,1013,1096,83,True
73,220,1013,1070,57,True
78,216,1013,1096,83,True
94,210,1013,1096,83,True
96,189,1013,1096,83,True
98,193,1013,1070,57,True
3,216,1014,1149,135,True
4,205,1014,1149,135,True
9,194,1014,1149,135,True
12,209,1014,1089,75,True
13,221,1014,1089,75,True
14,211,1014,1089,75,True
17,188,1014,1149,135,True
25,214,1014,1149,135,True
32,176,1014,1149,135,True
39,206,1014,1149,135,True
43,199,1014,1149,135,True
47,194,1014,1089,75,True
48,205,1014,1149,135,True
63,208,1014,1096,82,True
66,196,1014,1096,82,True
73,221,1014,1070,56,True
80,203,1014,1096,82,True
85,192,1014,1096,82,True
89,192,1014,1124,110,True
94,211,1014,1096,82,True
96,190,1014,1096,82,True
0,213,1015,1089,74,True
6,206,1015,1089,74,True
13,222,1015,1089,74,True
28,215,1015,1149,134,True
30,214,1015,1106,91,True
32,177,1015,1149,134,True
37,206,1015,1149,134,True
57,193,1015,1089,74,True
59,210,1015,1096,81,True
61,195,1015,1070,55,True
63,209,1015,1096,81,True
68,219,1015,1149,134,True
69,211,1015,1096,81,True
78,217,1015,1096,81,True
79,200,1015,1096,81,True
80,204,1015,1096,81,True
81,173,1015,1096,81,True
84,198,1015,1124,109,True
89,193,1015,1124,109,True
92,211,1015,1096,81,True
11,199,1016,1089,73,True
18,184,1016,1149,133,True
21,195,1016,1089,73,True
33,195,1016,1089,73,True
34,198,1016,1089,73,True
41,211,1016,1149,133,True
46,215,1016,1089,73,True
59,211,1016,1096,80,True
60,213,1016,1096,80,True
75,198,1016,1096,80,True
77,207,1016,1124,108,True
81,174,1016,1096,80,True
86,210,1016,1096,80,True
95,202,1016,1096,80,True
96,191,1016,1096,80,True
1,195,1017,1089,72,True
9,195,1017,1149,132,True
10,202,1017,1149,132,True
18,185,1017,1149,132,True
25,215,1017,1149,132,True
40,218,1017,1149,132,True
42,216,1017,1149,132,True
49,219,1017,1089,72,True
54,229,1017,1096,79,True
64,201,1017,1096,79,True
65,219,1017,1096,79,True
68,220,1017,1149,132,True
69,212,1017,1124,107,True
72,202,1017,1070,53,True
76,215,1017,1106,89,True
79,201,1017,1096,79,True
80,205,1017,1096,79,True
92,212,1017,1096,79,True
97,201,1017,1096,79,True
98,194,1017,1096,79,True
4,206,1018,1149,131,True
5,213,1018,1149,131,True
6,207,1018,1149,131,True
8,203,1018,1089,71,True
9,196,1018,1149,131,True
22,230,1018,1149,131,True
24,197,1018,1149,131,True
45,203,1018,1106,88,True
46,216,1018,1149,131,True
53,172,1018,1124,106,True
56,190,1018,1096,78,True
57,194,1018,1089,71,True
68,221,1018,1149,131,True
69,213,1018,1124,106,True
81,175,1018,1096,78,True
87,197,1018,1139,121,True
91,206,1018,1096,78,True
95,203,1018,1096,78,True
96,192,1018,1149,131,True
99,182,1018,1096,78,True
17,189,1019,1149,130,True
21,196,1019,1149,130,True
27,208,1019,1155,136,True
31,211,1019,1089,70,True
34,199,1019,1089,70,True
40,219,1019,1149,130,True
49,220,1019,1089,70,True
51,202,1019,1096,77,True
66,197,1019,1096,77,True
72,203,1019,1070,51,True
83,197,1019,1096,77,True
88,218,1019,1204,185,True
89,194,1019,1124,105,True
92,213,1019,1096,77,True
98,195,1019,1096,77,True
4,207,1020,1149,129,True
5,214,1020,1149,129,True
11,200,1020,1089,69,True
13,223,1020,1149,129,True
14,212,1020,1089,69,True
17,190,1020,1149,129,True
25,216,1020,1149,129,True
27,209,1020,1155,135,True
31,212,1020,1155,135,True
39,207,1020,1149,129,True
46,217,1020,1149,129,True
62,178,1020,1096,76,True
63,210,1020,1096,76,True
84,199,1020,1124,104,True
99,183,1020,1124,104,True
0,214,1021,1089,68,True
3,217,1021,1149,128,True
8,204,1021,1089,68,True
10,203,1021,1149,128,True
14,213,1021,1089,68,True
24,198,1021,1149,128,True
25,217,1021,1149,128,True
34,200,1021,1089,68,True
38,182,1021,1149,128,True
43,200,1021,1155,134,True
44,203,1021,1149,128,True
51,203,1021,1096,75,True
52,189,1021,,,False
53,173,1021,1124,103,True
60,214,1021,1096,75,True
70,203,1021,1096,75,True
74,199,1021,1139,118,True
77,208,1021,1124,103,True
84,200,1021,1124,103,True
90,211,1021,1096,75,True
96,193,1021,1149,128,True
0,215,1022,1089,67,True
27,210,1022,1155,133,True
31,213,1022,1155,133,True
40,220,1022,1155,133,True
58,209,1022,1096,74,True
64,202,1022,1096,74,True
81,176,1022,1096,74,True
86,211,1022,1096,74,True
14,214,1023,1089,66,True
17,191,1023,1155,132,True
22,231,1023,1149,126,True
36,209,1023,1149,126,True
37,207,1023,1149,126,True
46,218,1023,1149,126,True
48,206,1023,1155,132,True
59,212,1023,1096,73,True
60,215,1023,1096,73,True
68,222,1023,1149,126,True
70,204,1023,1096,73,True
75,199,1023,1124,101,True
79,202,1023,1096,73,True
80,206,1023,1096,73,True
81,177,1023,1096,73,True
82,203,1023,1096,73,True
83,198,1023,1096,73,True
86,212,1023,1096,73,True
87,198,1023,1139,116,True
91,207,1023,1096,73,True
95,204,1023,1096,73,True
2,207,1024,1155,131,True
23,214,1024,1149,125,True
26,195,1024,1149,125,True
30,215,1024,1106,82,True
34,201,1024,1089,65,True
35,207,1024,1106,82,True
40,221,1024,1155,131,True
43,201,1024,1155,131,True
48,207,1024,1155,131,True
51,204,1024,1096,72,True
59,213,1024,1096,72,True
67,212,1024,1096,72,True
69,214,1024,1124,100,True
70,205,1024,1096,72,True
79,203,1024,1096,72,True
83,199,1024,1096,72,True
85,193,1024,1096,72,True
87,199,1024,1139,115,True
95,205,1024,1096,72,True
97,202,1024,1096,72,True
98,196,1024,1096,72,True
99,184,1024,1124,100,True
3,218,1025,1149,124,True
9,197,1025,1155,130,True
10,204,1025,1149,124,True
11,201,1025,1089,64,True
14,215,1025,1089,64,True
21,197,1025,1149,124,True
41,212,1025,1149,124,True
49,221,1025,1149,124,True
53,174,1025,1124,99,True
56,191,1025,1096,71,True
60,216,1025,1096,71,True
77,209,1025,1124,99,True
79,204,1025,1096,71,True
91,208,1025,1096,71,True
92,214,1025,1096,71,True
0,216,1026,1155,129,True
2,208,1026,1155,129,True
3,219,1026,1149,123,True
14,216,1026,1089,63,True
19,187,1026,1155,129,True
20,197,1026,1089,63,True
24,199,1026,1149,123,True
28,216,1026,1155,129,True
32,178,1026,1155,129,True
37,208,1026,1149,123,True
42,217,1026,1149,123,True
51,205,1026,1096,70,True
68,223,1026,1149,123,True
72,204,1026,1096,70,True
87,200,1026,1139,113,True
91,209,1026,1096,70,True
93,199,1026,1139,113,True
0,217,1027,1155,128,True
1,196,1027,1089,62,True
4,208,1027,1149,122,True
6,208,1027,1155,128,True
7,209,1027,1155,128,True
17,192,1027,1155,128,True
19,188,1027,1155,128,True
20,198,1027,1089,62,True
26,196,1027,1149,122,True
32,179,1027,1155,128,True
36,210,1027,1149,122,True
47,195,1027,1149,122,True
48,208,1027,1155,128,True
52,190,1027,,,False
56,192,1027,1096,69,True
65,220,1027,1096,69,True
67,213,1027,1096,69,True
70,206,1027,1096,69,True
72,205,1027,1096,69,True
74,200,1027,1139,112,True
86,213,1027,1106,79,True
87,201,1027,1139,112,True
99,185,1027,1124,97,True
5,215,1028,1155,127,True
8,205,1028,1155,127,True
9,198,1028,1155,127,True
29,195,1028,1155,127,True
31,214,1028,1155,127,True
32,180,1028,1155,127,True
40,222,1028,1155,127,True
54,230,1028,1096,68,True
56,193,1028,1096,68,True
58,210,1028,1124,96,True
60,217,1028,1096,68,True
67,214,1028,1096,68,True
71,197,1028,1124,96,True
75,200,1028,1124,96,True
79,205,1028,1096,68,True
89,195,1028,1204,176,True
92,215,1028,1096,68,True
97,203,1028,1096,68,True
4,209,1029,1149,120,True
16,206,1029,1149,120,True
19,189,1029,1155,126,True
25,218,1029,1149,120,True
39,208,1029,1149,120,True
40,223,1029,1155,126,True
42,218,1029,1149,120,True
46,219,1029,1149,120,True
53,175,1029,1124,95,True
54,231,1029,1096,67,True
57,195,1029,1096,67,True
58,211,1029,1124,95,True
59,214,1029,1124,95,True
63,211,1029,1096,67,True
66,198,1029,1096,67,True
71,198,1029,1124,95,True
72,206,1029,1096,67,True
74,201,1029,1139,110,True
82,204,1029,1096,67,True
2,209,1030,1155,125,True
9,199,1030,1155,125,True
12,210,1030,1149,119,True
17,193,1030,1155,125,True
20,199,1030,1089,59,True
24,200,1030,1149,119,True
26,197,1030,1149,119,True
31,215,1030,1155,125,True
36,211,1030,1149,119,True
44,204,1030,1149,119,True
48,209,1030,1155,125,True
51,206,1030,1096,66,True
60,218,1030,1124,94,True
73,222,1030,1106,76,True
80,207,1030,1096,66,True
82,205,1030,1096,66,True
84,201,1030,1124,94,True
85,194,1030,1096,66,True
90,212,1030,1096,66,True
95,206,1030,1096,66,True
98,197,1030,1096,66,True
0,218,1031,1155,124,True
6,209,1031,1155,124,True
8,206,1031,1155,124,True
18,186,1031,1155,124,True
23,215,1031,1149,118,True
26,198,1031,1149,118,True
28,217,1031,1155,124,True
29,196,1031,1155,124,True
31,216,1031,1155,124,True
34,202,1031,1106,75,True
41,213,1031,1149,118,True
44,205,1031,1149,118,True
46,220,1031,1149,118,True
47,196,1031,1149,118,True
65,221,1031,1106,75,True
78,218,1031,1124,93,True
83,200,1031,1124,93,True
97,204,1031,1096,65,True
99,186,1031,1124,93,True
7,210,1032,1155,123,True
10,205,1032,1209,177,True
15,216,1032,1106,74,True
32,181,1032,1155,123,True
36,212,1032,1149,117,True
40,224,1032,1155,123,True
43,202,1032,1155,123,True
48,210,1032,1155,123,True
58,212,1032,1124,92,True
61,196,1032,1096,64,True
66,199,1032,1096,64,True
68,224,1032,1149,117,True
71,199,1032,1139,107,True
74,202,1032,1139,107,True
75,201,1032,1124,92,True
84,202,1032,1124,92,True
87,202,1032,1139,107,True
3,220,1033,1209,176,True
6,210,1033,1155,122,True
7,211,1033,1155,122,True
10,206,1033,1209,176,True
11,202,1033,1155,122,True
21,198,1033,1209,176,True
27,211,1033,1155,122,True
30,216,1033,1149,116,True
38,183,1033,1155,122,True
41,214,1033,1149,116,True
55,202,1033,1149,116,True
60,219,1033,1124,91,True
63,212,1033,1096,63,True
68,225,1033,1149,116,True
70,207,1033,1149,116,True
79,206,1033,1096,63,True
80,208,1033,1096,63,True
89,196,1033,1204,171,True
97,205,1033,1096,63,True
3,221,1034,1209,175,True
10,207,1034,1209,175,True
12,211,1034,1149,115,True
13,224,1034,1149,115,True
14,217,1034,1149,115,True
16,207,1034,1155,121,True
21,199,1034,1209,175,True
25,219,1034,1155,121,True
26,199,1034,1149,115,True
27,212,1034,1155,121,True
28,218,1034,1155,121,True
33,196,1034,1209,175,True
37,209,1034,1155,121,True
39,209,1034,1155,121,True
44,206,1034,1149,115,True
53,176,1034,1124,90,True
55,203,1034,1149,115,True
62,179,1034,1124,90,True
69,215,1034,1124,90,True
77,210,1034,1124,90,True
78,219,1034,1124,90,True
84,203,1034,1124,90,True
86,214,1034,1106,72,True
96,194,1034,1149,115,True
0,219,1035,1155,120,True
17,194,1035,1155,120,True
21,200,1035,1209,174,True
25,220,1035,1155,120,True
28,219,1035,1155,120,True
29,197,1035,1155,120,True
32,182,1035,1155,120,True
34,203,1035,1106,71,True
35,208,1035,1106,71,True
38,184,1035,1155,120,True
40,225,1035,1155,120,True
52,191,1035,,,False
57,196,1035,1096,61,True
58,213,1035,1124,89,True
67,215,1035,1124,89,True
71,200,1035,1139,104,True
75,202,1035,1124,89,True
82,206,1035,1096,61,True
89,197,1035,1204,169,True
93,200,1035,1139,104,True
94,212,1035,1096,61,True
13,225,1036,1155,119,True
17,195,1036,1155,119,True
18,187,1036,1155,119,True
26,200,1036,1155,119,True
27,213,1036,1155,119,True
37,210,1036,1155,119,True
59,215,1036,1124,88,True
65,222,1036,1106,70,True
67,216,1036,1124,88,True
71,201,1036,1139,103,True
75,203,1036,1124,88,True
78,220,1036,1124,88,True
81,178,1036,1124,88,True
86,215,1036,1106,70,True
88,219,1036,1204,168,True
97,206,1036,1096,60,True
7,212,1037,1155,118,True
8,207,1037,1155,118,True
11,203,1037,1155,118,True
12,212,1037,1149,112,True
16,208,1037,1155,118,True
17,196,1037,1155,118,True
18,188,1037,1155,118,True
23,216,1037,1149,112,True
25,221,1037,1155,118,True
26,201,1037,1155,118,True
27,214,1037,1155,118,True
30,217,1037,1149,112,True
32,183,1037,1155,118,True
50,208,1037,1106,69,True
52,192,1037,,,False
56,194,1037,1096,59,True
59,216,1037,1124,87,True
61,197,1037,1096,59,True
62,180,1037,1124,87,True
78,221,1037,1124,87,True
81,179,1037,1124,87,True
93,201,1037,1139,102,True
95,207,1037,1096,59,True
2,210,1038,1155,117,True
8,208,1038,1155,117,True
10,208,1038,1209,171,True
26,202,1038,1155,117,True
27,215,1038,1155,117,True
31,217,1038,1155,117,True
35,209,1038,1106,68,True
37,211,1038,1155,117,True
42,219,1038,1149,111,True
49,222,1038,1149,111,True
50,209,1038,1106,68,True
57,197,1038,1106,68,True
65,223,1038,1106,68,True
68,226,1038,1149,111,True
71,202,1038,1139,101,True
87,203,1038,1139,101,True
88,220,1038,1204,166,True
99,187,1038,1124,86,True
5,216,1039,1155,116,True
9,200,1039,1155,116,True
10,209,1039,1209,170,True
12,213,1039,1149,110,True
13,226,1039,1155,116,True
16,209,1039,1155,116,True
19,190,1039,1155,116,True
20,200,1039,1106,67,True
21,201,1039,1209,170,True
24,201,1039,1149,110,True
29,198,1039,1155,116,True
48,211,1039,1155,116,True
51,207,1039,1096,57,True
63,213,1039,1124,85,True
67,217,1039,1124,85,True
69,216,1039,1124,85,True
75,204,1039,1124,85,True
80,209,1039,1096,57,True
81,180,1039,1124,85,True
87,204,1039,1139,100,True
89,198,1039,1204,165,True
96,195,1039,1149,110,True
6,211,1040,1155,115,True
9,201,1040,1155,115,True
10,210,1040,1209,169,True
22,232,1040,1155,115,True
23,217,1040,1149,109,True
30,218,1040,1149,109,True
31,218,1040,1155,115,True
37,212,1040,1155,115,True
38,185,1040,1155,115,True
39,210,1040,1155,115,True
44,207,1040,1209,169,True
45,204,1040,1106,66,True
46,221,1040,1155,115,True
49,223,1040,1149,109,True
51,208,1040,1096,56,True
52,193,1040,,,False
58,214,1040,1124,84,True
63,214,1040,1124,84,True
65,224,1040,1106,66,True
69,217,1040,1124,84,True
70,208,1040,1149,109,True
71,203,1040,1139,99,True
77,211,1040,1124,84,True
80,210,1040,1096,56,True
91,210,1040,1096,56,True
94,213,1040,1096,56,True
96,196,1040,1149,109,True
0,220,1041,1155,114,True
7,213,1041,1155,114,True
16,210,1041,1155,114,True
21,202,1041,1209,168,True
23,218,1041,1149,108,True
26,203,1041,1155,114,True
31,219,1041,1155,114,True
32,184,1041,1155,114,True
33,197,1041,1209,168,True
35,210,1041,1106,65,True
49,224,1041,1149,108,True
60,220,1041,1124,83,True
61,198,1041,1096,55,True
63,215,1041,1124,83,True
64,203,1041,1106,65,True
79,207,1041,1124,83,True
90,213,1041,1124,83,True
95,208,1041,1096,55,True
98,198,1041,1096,55,True
10,211,1042,1209,167,True
13,227,1042,1155,113,True
14,218,1042,1149,107,True
15,217,1042,1106,64,True
19,191,1042,1155,113,True
30,219,1042,1149,107,True
41,215,1042,1209,167,True
42,220,1042,1149,107,True
47,197,1042,1149,107,True
48,212,1042,1155,113,True
51,209,1042,1096,54,True
55,204,1042,1149,107,True
56,195,1042,1124,82,True
63,216,1042,1124,82,True
64,204,1042,1106,64,True
68,227,1042,1149,107,True
71,204,1042,1139,97,True
74,203,1042,1139,97,True
75,205,1042,1124,82,True
84,204,1042,1124,82,True
88,221,1042,1204,162,True
90,214,1042,1124,82,True
96,197,1042,1149,107,True
99,188,1042,1124,82,True
0,221,1043,1155,112,True
9,202,1043,1155,112,True
10,212,1043,1209,166,True
16,211,1043,1155,112,True
18,189,1043,1155,112,True
21,203,1043,1209,166,True
24,202,1043,1149,106,True
25,222,1043,1155,112,True
35,211,1043,1149,106,True
38,186,1043,1155,112,True
53,177,1043,1149,106,True
55,205,1043,1149,106,True
56,196,1043,1124,81,True
58,215,1043,1124,81,True
62,181,1043,1139,96,True
63,217,1043,1124,81,True
69,218,1043,1124,81,True
74,204,1043,1139,96,True
77,212,1043,1124,81,True
93,202,1043,1139,96,True
94,214,1043,1149,106,True
96,198,1043,1149,106,True
6,212,1044,1155,111,True
16,212,1044,1155,111,True
19,192,1044,1155,111,True
26,204,1044,1155,111,True
36,213,1044,1155,111,True
60,221,1044,1204,160,True
73,223,1044,1124,80,True
81,181,1044,1124,80,True
2,211,1045,1155,110,True
9,203,1045,1155,110,True
10,213,1045,1209,164,True
11,204,1045,1209,164,True
20,201,1045,1106,61,True
27,216,1045,1155,110,True
31,220,1045,1155,110,True
33,198,1045,1209,164,True
44,208,1045,1209,164,True
66,200,1045,1124,79,True
67,218,1045,1139,94,True
71,205,1045,1139,94,True
76,216,1045,1124,79,True
77,213,1045,1124,79,True
82,207,1045,1124,79,True
89,199,1045,1204,159,True
96,199,1045,1149,104,True
3,222,1046,1209,163,True
9,204,1046,1155,109,True
11,205,1046,1209,163,True
27,217,1046,1155,109,True
29,199,1046,1155,109,True
31,221,1046,1155,109,True
33,199,1046,1209,163,True
35,212,1046,1149,103,True
36,214,1046,1155,109,True
41,216,1046,1209,163,True
42,221,1046,1209,163,True
44,209,1046,1209,163,True
49,225,1046,1149,103,True
57,198,1046,1149,103,True
74,205,1046,1139,93,True
75,206,1046,1139,93,True
78,222,1046,1124,78,True
79,208,1046,1124,78,True
80,211,1046,1096,50,True
83,201,1046,1124,78,True
91,211,1046,1124,78,True
92,216,1046,1139,93,True
2,212,1047,1155,108,True
7,214,1047,1155,108,True
9,205,1047,1155,108,True
10,214,1047,1209,162,True
11,206,1047,1209,162,True
20,202,1047,1106,59,True
35,213,1047,1149,102,True
36,215,1047,1155,108,True
47,198,1047,1209,162,True
48,213,1047,1155,108,True
64,205,1047,1106,59,True
65,225,1047,1106,59,True
74,206,1047,1139,92,True
77,214,1047,1124,77,True
83,202,1047,1124,77,True
88,222,1047,1204,157,True
90,215,1047,1139,92,True
93,203,1047,1139,92,True
97,207,1047,1149,102,True
5,217,1048,1155,107,True
7,215,1048,1155,107,True
8,209,1048,1155,107,True
10,215,1048,1209,161,True
14,219,1048,1209,161,True
17,197,1048,1155,107,True
20,203,1048,1106,58,True
30,220,1048,1149,101,True
32,185,1048,1155,107,True
44,210,1048,1209,161,True
46,222,1048,1155,107,True
47,199,1048,1209,161,True
54,232,1048,1124,76,True
58,216,1048,1124,76,True
61,199,1048,1106,58,True
70,209,1048,1149,101,True
71,206,1048,1204,156,True
73,224,1048,1124,76,True
74,207,1048,1139,91,True
80,212,1048,1149,101,True
83,203,1048,1124,76,True
85,195,1048,1139,91,True
86,216,1048,1106,58,True
88,223,1048,1204,156,True
97,208,1048,1149,101,True
99,189,1048,1139,91,True
2,213,1049,1155,106,True
9,206,1049,1155,106,True
12,214,1049,1155,106,True
13,228,1049,1155,106,True
14,220,1049,1209,160,True
16,213,1049,1155,106,True
18,190,1049,1155,106,True
20,204,1049,1149,100,True
26,205,1049,1155,106,True
28,220,1049,1155,106,True
39,211,1049,1155,106,True
47,200,1049,1209,160,True
48,214,1049,1155,106,True
49,226,1049,1149,100,True
51,210,1049,1149,100,True
52,194,1049,,,False
56,197,1049,1124,75,True
57,199,1049,1149,100,True
58,217,1049,1124,75,True
60,222,1049,1204,155,True
62,182,1049,1139,90,True
64,206,1049,1106,57,True
69,219,1049,1124,75,True
70,210,1049,1149,100,True
74,208,1049,1139,90,True
78,223,1049,1139,90,True
90,216,1049,1139,90,True
91,212,1049,1124,75,True
93,204,1049,1139,90,True
94,215,1049,1149,100,True
96,200,1049,1149,100,True
2,214,1050,1155,105,True
4,210,1050,1149,99,True
5,218,1050,1155,105,True
6,213,1050,1155,105,True
7,216,1050,1155,105,True
17,198,1050,1155,105,True
20,205,1050,1149,99,True
22,233,1050,1155,105,True
25,223,1050,1155,105,True
27,218,1050,1155,105,True
29,200,1050,1209,159,True
30,221,1050,1149,99,True
41,217,1050,1209,159,True
45,205,1050,1149,99,True
55,206,1050,1149,99,True
60,223,1050,1204,154,True
67,219,1050,1139,89,True
76,217,1050,1124,74,True
84,205,1050,1139,89,True
86,217,1050,1124,74,True
92,217,1050,1139,89,True
9,207,1051,1155,104,True
36,216,1051,1209,158,True
38,187,1051,1155,104,True
39,212,1051,1155,104,True
41,218,1051,1209,158,True
43,203,1051,1155,104,True
48,215,1051,1155,104,True
50,210,1051,1124,73,True
57,200,1051,1149,98,True
83,204,1051,1124,73,True
84,206,1051,1139,88,True
90,217,1051,1139,88,True
96,201,1051,1149,98,True
98,199,1051,1096,45,True
2,215,1052,1155,103,True
9,208,1052,1155,103,True
10,216,1052,1209,157,True
14,221,1052,1209,157,True
16,214,1052,1155,103,True
19,193,1052,1155,103,True
21,204,1052,1209,157,True
27,219,1052,1155,103,True
34,204,1052,1155,103,True
38,188,1052,1155,103,True
39,213,1052,1155,103,True
40,226,1052,1155,103,True
51,211,1052,1149,97,True
55,207,1052,1149,97,True
64,207,1052,1106,54,True
65,226,1052,1124,72,True
68,228,1052,1149,97,True
73,225,1052,1124,72,True
74,209,1052,1139,87,True
77,215,1052,1124,72,True
92,218,1052,1139,87,True
94,216,1052,1149,97,True
96,202,1052,1149,97,True
0,222,1053,1209,156,True
4,211,1053,1155,102,True
8,210,1053,1155,102,True
15,218,1053,1149,96,True
16,215,1053,1155,102,True
18,191,1053,1155,102,True
31,222,1053,1155,102,True
41,219,1053,1209,156,True
48,216,1053,1155,102,True
58,218,1053,1204,151,True
59,217,1053,1139,86,True
64,208,1053,1106,53,True
66,201,1053,1149,96,True
74,210,1053,1139,86,True
75,207,1053,1139,86,True
85,196,1053,1139,86,True
95,209,1053,1096,43,True
2,216,1054,1155,101,True
16,216,1054,1155,101,True
54,233,1054,1139,85,True
56,198,1054,1124,70,True
58,219,1054,1204,150,True
61,200,1054,1106,52,True
65,227,1054,1124,70,True
70,211,1054,1149,95,True
76,218,1054,1124,70,True
77,216,1054,1139,85,True
80,213,1054,1149,95,True
84,207,1054,1139,85,True
89,200,1054,1204,150,True
91,213,1054,1139,85,True
99,190,1054,1139,85,True
28,221,1055,1155,100,True
30,222,1055,1149,94,True
34,205,1055,1155,100,True
35,214,1055,1149,94,True
37,213,1055,1209,154,True
39,214,1055,1155,100,True
41,220,1055,1209,154,True
42,222,1055,1209,154,True
46,223,1055,1155,100,True
49,227,1055,1209,154,True
52,195,1055,,,False
54,234,1055,1139,84,True
62,183,1055,1139,84,True
65,228,1055,1124,69,True
69,220,1055,1139,84,True
74,211,1055,1139,84,True
76,219,1055,1124,69,True
77,217,1055,1139,84,True
78,224,1055,1139,84,True
81,182,1055,1139,84,True
82,208,1055,1149,94,True
83,205,1055,1149,94,True
88,224,1055,1204,149,True
97,209,1055,1149,94,True
3,223,1056,1209,153,True
5,219,1056,1155,99,True
8,211,1056,1209,153,True
21,205,1056,1209,153,True
22,234,1056,1155,99,True
26,206,1056,1155,99,True
34,206,1056,1155,99,True
36,217,1056,1209,153,True
38,189,1056,1155,99,True
41,221,1056,1209,153,True
42,223,1056,1209,153,True
54,235,1056,1139,83,True
59,218,1056,1139,83,True
60,224,1056,1204,148,True
64,209,1056,1149,93,True
70,212,1056,1149,93,True
71,207,1056,1204,148,True
75,208,1056,1139,83,True
77,218,1056,1139,83,True
80,214,1056,1149,93,True
81,183,1056,1139,83,True
82,209,1056,1149,93,True
90,218,1056,1139,83,True
92,219,1056,1139,83,True
98,200,1056,1149,93,True
19,194,1057,1155,98,True
22,235,1057,1155,98,True
25,224,1057,1155,98,True
28,222,1057,1155,98,True
33,200,1057,1209,152,True
45,206,1057,1149,92,True
46,224,1057,1155,98,True
58,220,1057,1204,147,True
62,184,1057,1139,82,True
65,229,1057,1124,67,True
73,226,1057,1149,92,True
77,219,1057,1139,82,True
83,206,1057,1149,92,True
7,217,1058,1155,97,True
21,206,1058,1209,151,True
26,207,1058,1155,97,True
27,220,1058,1155,97,True
28,223,1058,1155,97,True
45,207,1058,1149,91,True
46,225,1058,1155,97,True
55,208,1058,1149,91,True
60,225,1058,1204,146,True
64,210,1058,1149,91,True
69,221,1058,1139,81,True
75,209,1058,1139,81,True
81,184,1058,1139,81,True
84,208,1058,1139,81,True
87,205,1058,1139,81,True
90,219,1058,1139,81,True
94,217,1058,1149,91,True
96,203,1058,1149,91,True
99,191,1058,1204,146,True
0,223,1059,1209,150,True
19,195,1059,1155,96,True
28,224,1059,1155,96,True
29,201,1059,1209,150,True
32,186,1059,1209,150,True
33,201,1059,1209,150,True
42,224,1059,1209,150,True
43,204,1059,1155,96,True
45,208,1059,1149,90,True
46,226,1059,1155,96,True
51,212,1059,1149,90,True
55,209,1059,1149,90,True
67,220,1059,1139,80,True
68,229,1059,1149,90,True
70,213,1059,1149,90,True
71,208,1059,1204,145,True
73,227,1059,1149,90,True
75,210,1059,1139,80,True
76,220,1059,1124,65,True
77,220,1059,1139,80,True
84,209,1059,1139,80,True
86,218,1059,1124,65,True
88,225,1059,1204,145,True
96,204,1059,1149,90,True
4,212,1060,1155,95,True
5,220,1060,1155,95,True
9,209,1060,1155,95,True
12,215,1060,1209,149,True
16,217,1060,1155,95,True
19,196,1060,1155,95,True
28,225,1060,1155,95,True
29,202,1060,1209,149,True
33,202,1060,1209,149,True
44,211,1060,1209,149,True
45,209,1060,1149,89,True
53,178,1060,1149,89,True
56,199,1060,1204,144,True
60,226,1060,1204,144,True
61,201,1060,1149,89,True
64,211,1060,1149,89,True
67,221,1060,1139,79,True
70,214,1060,1149,89,True
74,212,1060,1139,79,True
77,221,1060,1139,79,True
80,215,1060,1149,89,True
87,206,1060,1139,79,True
89,201,1060,1204,144,True
92,220,1060,1139,79,True
99,192,1060,1204,144,True
2,217,1061,1155,94,True
4,213,1061,1155,94,True
7,218,1061,1155,94,True
14,222,1061,1209,148,True
19,197,1061,1155,94,True
33,203,1061,1209,148,True
34,207,1061,1155,94,True
36,218,1061,1209,148,True
37,214,1061,1209,148,True
38,190,1061,1155,94,True
49,228,1061,1209,148,True
52,196,1061,,,False
53,179,1061,1149,88,True
54,236,1061,1139,78,True
60,227,1061,1204,143,True
68,230,1061,1149,88,True
75,211,1061,1139,78,True
79,209,1061,1124,63,True
80,216,1061,1149,88,True
85,197,1061,1139,78,True
87,207,1061,1139,78,True
91,214,1061,1149,88,True
97,210,1061,1149,88,True
3,224,1062,1209,147,True
7,219,1062,1155,93,True
9,210,1062,1155,93,True
12,216,1062,1209,147,True
13,229,1062,1155,93,True
15,219,1062,1155,93,True
22,236,1062,1155,93,True
24,203,1062,1155,93,True
25,225,1062,1155,93,True
26,208,1062,1209,147,True
50,211,1062,1124,62,True
51,213,1062,1149,87,True
53,180,1062,1149,87,True
54,237,1062,1139,77,True
62,185,1062,1139,77,True
75,212,1062,1139,77,True
85,198,1062,1139,77,True
98,201,1062,1149,87,True
3,225,1063,1209,146,True
7,220,1063,1155,92,True
16,218,1063,1155,92,True
19,198,1063,1155,92,True
22,237,1063,1155,92,True
23,219,1063,1209,146,True
38,191,1063,1155,92,True
46,227,1063,1209,146,True
47,201,1063,1209,146,True
48,217,1063,1155,92,True
49,229,1063,1209,146,True
52,197,1063,,,False
54,238,1063,1139,76,True
55,210,1063,1149,86,True
69,222,1063,1139,76,True
90,220,1063,1139,76,True
96,205,1063,1149,86,True
98,202,1063,1149,86,True
3,226,1064,1209,145,True
4,214,1064,1155,91,True
6,214,1064,1155,91,True
9,211,1064,1155,91,True
17,199,1064,1155,91,True
28,226,1064,1155,91,True
35,215,1064,1155,91,True
41,222,1064,1209,145,True
48,218,1064,1155,91,True
63,218,1064,1149,85,True
77,222,1064,1139,75,True
81,185,1064,1139,75,True
84,210,1064,1204,140,True
86,219,1064,1124,60,True
87,208,1064,1139,75,True
5,221,1065,1155,90,True
23,220,1065,1209,144,True
26,209,1065,1209,144,True
27,221,1065,1155,90,True
28,227,1065,1155,90,True
35,216,1065,1155,90,True
40,227,1065,1209,144,True
46,228,1065,1209,144,True
48,219,1065,1155,90,True
56,200,1065,1204,139,True
59,219,1065,1139,74,True
65,230,1065,1149,84,True
68,231,1065,1149,84,True
69,223,1065,1204,139,True
71,209,1065,1204,139,True
72,207,1065,1149,84,True
74,213,1065,1204,139,True
76,221,1065,1124,59,True
82,210,1065,1149,84,True
91,215,1065,1149,84,True
96,206,1065,1204,139,True
99,193,1065,1204,139,True
1,197,1066,1209,143,True
6,215,1066,1155,89,True
14,223,1066,1209,143,True
20,206,1066,1155,89,True
26,210,1066,1209,143,True
35,217,1066,1155,89,True
37,215,1066,1209,143,True
38,192,1066,1155,89,True
46,229,1066,1209,143,True
56,201,1066,1204,138,True
76,222,1066,1124,58,True
80,217,1066,1149,83,True
82,211,1066,1149,83,True
91,216,1066,1149,83,True
9,212,1067,1155,88,True
14,224,1067,1209,142,True
18,192,1067,1155,88,True
22,238,1067,1155,88,True
26,211,1067,1209,142,True
31,223,1067,1209,142,True
36,219,1067,1209,142,True
43,205,1067,1155,88,True
54,239,1067,1139,72,True
61,202,1067,1149,82,True
64,212,1067,1149,82,True
72,208,1067,1149,82,True
75,213,1067,1139,72,True
78,225,1067,1204,137,True
92,221,1067,1139,72,True
98,203,1067,1149,82,True
5,222,1068,1155,87,True
7,221,1068,1155,87,True
11,207,1068,1209,141,True
14,225,1068,1209,141,True
18,193,1068,1155,87,True
24,204,1068,1209,141,True
26,212,1068,1209,141,True
28,228,1068,1155,87,True
38,193,1068,1155,87,True
41,223,1068,1209,141,True
46,230,1068,1209,141,True
48,220,1068,1209,141,True
49,230,1068,1209,141,True
55,211,1068,1149,81,True
60,228,1068,1204,136,True
67,222,1068,1139,71,True
71,210,1068,1204,136,True
77,223,1068,1204,136,True
81,186,1068,1139,71,True
85,199,1068,1139,71,True
86,220,1068,1124,56,True
88,226,1068,1204,136,True
98,204,1068,1149,81,True
0,224,1069,1209,140,True
9,213,1069,1155,86,True
11,208,1069,1209,140,True
12,217,1069,1209,140,True
14,226,1069,1209,140,True
21,207,1069,1209,140,True
27,222,1069,1155,86,True
32,187,1069,1209,140,True
43,206,1069,1155,86,True
47,202,1069,1209,140,True
48,221,1069,1209,140,True
63,219,1069,1224,155,True
64,213,1069,1149,80,True
71,211,1069,1204,135,True
78,226,1069,1204,135,True
82,212,1069,1149,80,True
84,211,1069,1204,135,True
85,200,1069,1139,70,True
90,221,1069,1204,135,True
91,217,1069,1149,80,True
94,218,1069,1149,80,True
98,205,1069,1149,80,True
99,194,1069,1204,135,True
4,215,1070,1209,139,True
5,223,1070,1155,85,True
6,216,1070,1155,85,True
10,217,1070,1209,139,True
12,218,1070,1209,139,True
19,199,1070,1155,85,True
22,239,1070,1209,139,True
27,223,1070,1155,85,True
28,229,1070,1155,85,True
30,223,1070,1155,85,True
36,220,1070,1209,139,True
38,194,1070,1155,85,True
44,212,1070,1209,139,True
59,220,1070,1139,69,True
64,214,1070,1149,79,True
69,224,1070,1204,134,True
80,218,1070,1181,111,True
82,213,1070,1149,79,True
83,207,1070,1149,79,True
84,212,1070,1204,134,True
85,201,1070,1139,69,True
91,218,1070,1149,79,True
92,222,1070,1204,134,True
0,225,1071,1209,138,True
3,227,1071,1209,138,True
9,214,1071,1155,84,True
11,209,1071,1209,138,True
13,230,1071,1155,84,True
28,230,1071,1155,84,True
30,224,1071,1155,84,True
41,224,1071,1209,138,True
45,210,1071,1155,84,True
47,203,1071,1209,138,True
53,181,1071,1149,78,True
59,221,1071,1139,68,True
62,186,1071,1204,133,True
70,215,1071,1149,78,True
72,209,1071,1149,78,True
80,219,1071,1181,110,True
83,208,1071,1149,78,True
89,202,1071,1204,133,True
90,222,1071,1204,133,True
94,219,1071,1149,78,True
7,222,1072,1155,83,True
10,218,1072,1209,137,True
14,227,1072,1209,137,True
30,225,1072,1155,83,True
32,188,1072,1209,137,True
46,231,1072,1209,137,True
50,212,1072,1149,77,True
52,198,1072,,,False
53,182,1072,1149,77,True
54,240,1072,1139,67,True
58,221,1072,1204,132,True
59,222,1072,1139,67,True
66,202,1072,1149,77,True
73,228,1072,1149,77,True
76,223,1072,1149,77,True
79,210,1072,1149,77,True
87,209,1072,1204,132,True
99,195,1072,1204,132,True
2,218,1073,1209,136,True
17,200,1073,1155,82,True
19,200,1073,1209,136,True
31,224,1073,1209,136,True
32,189,1073,1209,136,True
34,208,1073,1155,82,True
40,228,1073,1209,136,True
41,225,1073,1209,136,True
45,211,1073,1155,82,True
46,232,1073,1209,136,True
48,222,1073,1209,136,True
49,231,1073,1209,136,True
50,213,1073,1149,76,True
52,199,1073,,,False
55,212,1073,1149,76,True
63,220,1073,1224,151,True
65,231,1073,1149,76,True
66,203,1073,1149,76,True
80,220,1073,1181,108,True
81,187,1073,1204,131,True
90,223,1073,1204,131,True
17,201,1074,1155,81,True
19,201,1074,1209,135,True
21,208,1074,1209,135,True
25,226,1074,1155,81,True
35,218,1074,1155,81,True
41,226,1074,1209,135,True
44,213,1074,1209,135,True
47,204,1074,1209,135,True
51,214,1074,1149,75,True
63,221,1074,1224,150,True
64,215,1074,1149,75,True
66,204,1074,1149,75,True
71,212,1074,1204,130,True
73,229,1074,1149,75,True
77,224,1074,1204,130,True
78,227,1074,1204,130,True
79,211,1074,1149,75,True
84,213,1074,1204,130,True
1,198,1075,1209,134,True
5,224,1075,1209,134,True
7,223,1075,1155,80,True
12,219,1075,1209,134,True
13,231,1075,1155,80,True
17,202,1075,1155,80,True
23,221,1075,1209,134,True
26,213,1075,1209,134,True
33,204,1075,1209,134,True
37,216,1075,1209,134,True
39,215,1075,1155,80,True
40,229,1075,1209,134,True
41,227,1075,1209,134,True
50,214,1075,1149,74,True
60,229,1075,1204,129,True
63,222,1075,1224,149,True
70,216,1075,1149,74,True
72,210,1075,1149,74,True
73,230,1075,1149,74,True
74,214,1075,1204,129,True
77,225,1075,1204,129,True
85,202,1075,1139,64,True
86,221,1075,1149,74,True
4,216,1076,1209,133,True
11,210,1076,1209,133,True
12,220,1076,1209,133,True
13,232,1076,1155,79,True
17,203,1076,1155,79,True
22,240,1076,1209,133,True
37,217,1076,1209,133,True
47,205,1076,1209,133,True
49,232,1076,1209,133,True
50,215,1076,1149,73,True
55,213,1076,1149,73,True
57,201,1076,1149,73,True
64,216,1076,1149,73,True
66,205,1076,1149,73,True
72,211,1076,1149,73,True
73,231,1076,1149,73,True
75,214,1076,1139,63,True
83,209,1076,1149,73,True
84,214,1076,1204,128,True
86,222,1076,1149,73,True
90,224,1076,1204,128,True
91,219,1076,1149,73,True
92,223,1076,1204,128,True
99,196,1076,1204,128,True
0,226,1077,1209,132,True
17,204,1077,1155,78,True
22,241,1077,1209,132,True
23,222,1077,1209,132,True
44,214,1077,1209,132,True
45,212,1077,1155,78,True
46,233,1077,1209,132,True
50,216,1077,1149,72,True
56,202,1077,1204,127,True
57,202,1077,1149,72,True
63,223,1077,1224,147,True
74,215,1077,1204,127,True
79,212,1077,1149,72,True
85,203,1077,1139,62,True
87,210,1077,1204,127,True
91,220,1077,1149,72,True
96,207,1077,1204,127,True
3,228,1078,1209,131,True
26,214,1078,1209,131,True
27,224,1078,1209,131,True
30,226,1078,1155,77,True
34,209,1078,1155,77,True
35,219,1078,1155,77,True
40,230,1078,1209,131,True
44,215,1078,1209,131,True
49,233,1078,1209,131,True
50,217,1078,1149,71,True
56,203,1078,1204,126,True
62,187,1078,1204,126,True
65,232,1078,1149,71,True
67,223,1078,1204,126,True
69,225,1078,1204,126,True
76,224,1078,1149,71,True
77,226,1078,1204,126,True
94,220,1078,1149,71,True
97,211,1078,1149,71,True
1,199,1079,1209,130,True
4,217,1079,1209,130,True
8,212,1079,1209,130,True
10,219,1079,1209,130,True
12,221,1079,1209,130,True
14,228,1079,1209,130,True
18,194,1079,1209,130,True
19,202,1079,1209,130,True
23,223,1079,1209,130,True
25,227,1079,1155,76,True
27,225,1079,1209,130,True
31,225,1079,1209,130,True
34,210,1079,1155,76,True
47,206,1079,1209,130,True
56,204,1079,1204,125,True
59,223,1079,1204,125,True
65,233,1079,1149,70,True
66,206,1079,1149,70,True
69,226,1079,1204,125,True
76,225,1079,1149,70,True
89,203,1079,1204,125,True
94,221,1079,1149,70,True
1,200,1080,1209,129,True
10,220,1080,1209,129,True
16,219,1080,1209,129,True
30,227,1080,1155,75,True
31,226,1080,1209,129,True
33,205,1080,1209,129,True
35,220,1080,1155,75,True
61,203,1080,1149,69,True
62,188,1080,1204,124,True
72,212,1080,1149,69,True
84,215,1080,1204,124,True
87,211,1080,1204,124,True
92,224,1080,1204,124,True
99,197,1080,1204,124,True
0,227,1081,1209,128,True
18,195,1081,1209,128,True
24,205,1081,1209,128,True
27,226,1081,1209,128,True
40,231,1081,1209,128,True
42,225,1081,1209,128,True
50,218,1081,1149,68,True
53,183,1081,1149,68,True
54,241,1081,1204,123,True
57,203,1081,1149,68,True
58,222,1081,1204,123,True
74,216,1081,1204,123,True
77,227,1081,1204,123,True
80,221,1081,1181,100,True
85,204,1081,1139,58,True
87,212,1081,1204,123,True
91,221,1081,1149,68,True
92,225,1081,1204,123,True
95,210,1081,1149,68,True
9,215,1082,1209,127,True
24,206,1082,1209,127,True
27,227,1082,1209,127,True
30,228,1082,1155,73,True
31,227,1082,1209,127,True
38,195,1082,1155,73,True
53,184,1082,1149,67,True
59,224,1082,1204,122,True
60,230,1082,1204,122,True
66,207,1082,1149,67,True
72,213,1082,1149,67,True
80,222,1082,1181,99,True
85,205,1082,1224,142,True
92,226,1082,1204,122,True
96,208,1082,1224,142,True
97,212,1082,1149,67,True
99,198,1082,1204,122,True
8,213,1083,1209,126,True
13,233,1083,1209,126,True
16,220,1083,1209,126,True
25,228,1083,1155,72,True
27,228,1083,1209,126,True
30,229,1083,1155,72,True
35,221,1083,1155,72,True
40,232,1083,1209,126,True
48,223,1083,1209,126,True
50,219,1083,1149,66,True
52,200,1083,,,False
55,214,1083,1149,66,True
62,189,1083,1204,121,True
74,217,1083,1204,121,True
86,223,1083,1149,66,True
97,213,1083,1149,66,True
8,214,1084,1209,125,True
18,196,1084,1209,125,True
23,224,1084,1209,125,True
31,228,1084,1209,125,True
35,222,1084,1155,71,True
36,221,1084,1209,125,True
39,216,1084,1209,125,True
50,220,1084,1149,65,True
53,185,1084,1149,65,True
55,215,1084,1149,65,True
68,232,1084,1149,65,True
69,227,1084,1204,120,True
76,226,1084,1149,65,True
77,228,1084,1204,120,True
81,188,1084,1204,120,True
6,217,1085,1209,124,True
9,216,1085,1209,124,True
12,222,1085,1209,124,True
19,203,1085,1209,124,True
22,242,1085,1209,124,True
29,203,1085,1209,124,True
35,223,1085,1155,70,True
36,222,1085,1209,124,True
42,226,1085,1209,124,True
43,207,1085,1209,124,True
45,213,1085,1155,70,True
47,207,1085,1209,124,True
48,224,1085,1209,124,True
51,215,1085,1149,64,True
54,242,1085,1204,119,True
66,208,1085,1149,64,True
67,224,1085,1204,119,True
70,217,1085,1149,64,True
77,229,1085,1204,119,True
82,214,1085,1149,64,True
86,224,1085,1149,64,True
87,213,1085,1204,119,True
0,228,1086,1209,123,True
3,229,1086,1209,123,True
8,215,1086,1209,123,True
10,221,1086,1209,123,True
19,204,1086,1209,123,True
24,207,1086,1209,123,True
26,215,1086,1209,123,True
27,229,1086,1209,123,True
30,230,1086,1155,69,True
43,208,1086,1209,123,True
60,231,1086,1204,118,True
62,190,1086,1204,118,True
63,224,1086,1224,138,True
67,225,1086,1204,118,True
68,233,1086,1149,63,True
69,228,1086,1204,118,True
83,210,1086,1149,63,True
86,225,1086,1149,63,True
94,222,1086,1149,63,True
4,218,1087,1209,122,True
9,217,1087,1209,122,True
10,222,1087,1209,122,True
16,221,1087,1209,122,True
20,207,1087,1155,68,True
24,208,1087,1209,122,True
26,216,1087,1209,122,True
31,229,1087,1209,122,True
37,218,1087,1209,122,True
40,233,1087,1209,122,True
42,227,1087,1209,122,True
44,216,1087,1209,122,True
46,234,1087,1209,122,True
51,216,1087,1149,62,True
54,243,1087,1204,117,True
61,204,1087,1155,68,True
66,209,1087,1181,94,True
69,229,1087,1204,117,True
76,227,1087,1149,62,True
77,230,1087,1204,117,True
78,228,1087,1204,117,True
87,214,1087,1224,137,True
97,214,1087,1149,62,True
0,229,1088,1209,121,True
2,219,1088,1209,121,True
5,225,1088,1209,121,True
9,218,1088,1209,121,True
13,234,1088,1209,121,True
19,205,1088,1209,121,True
20,208,1088,1155,67,True
22,243,1088,1209,121,True
31,230,1088,1209,121,True
42,228,1088,1209,121,True
44,217,1088,1209,121,True
45,214,1088,1155,67,True
52,201,1088,,,False
56,205,1088,1204,116,True
59,225,1088,1204,116,True
64,217,1088,1155,67,True
75,215,1088,1204,116,True
80,223,1088,1181,93,True
96,209,1088,1224,136,True
98,206,1088,1155,67,True
99,199,1088,1204,116,True
10,223,1089,1209,120,True
18,197,1089,1209,120,True
20,209,1089,1155,66,True
34,211,1089,1155,66,True
36,223,1089,1209,120,True
46,235,1089,1209,120,True
57,204,1089,1149,60,True
60,232,1089,1204,115,True
69,230,1089,1204,115,True
86,226,1089,1149,60,True
87,215,1089,1224,135,True
99,200,1089,1204,115,True
0,230,1090,1209,119,True
1,201,1090,1209,119,True
3,230,1090,1209,119,True
5,226,1090,1209,119,True
8,216,1090,1209,119,True
10,224,1090,1209,119,True
26,217,1090,1209,119,True
28,231,1090,1209,119,True
31,231,1090,1209,119,True
38,196,1090,1209,119,True
39,217,1090,1209,119,True
42,229,1090,1209,119,True
45,215,1090,1155,65,True
60,233,1090,1204,114,True
67,226,1090,1204,114,True
69,231,1090,1204,114,True
70,218,1090,1149,59,True
78,229,1090,1204,114,True
79,213,1090,1149,59,True
85,206,1090,1224,134,True
88,227,1090,1204,114,True
96,210,1090,1224,134,True
99,201,1090,1204,114,True
1,202,1091,1209,118,True
3,231,1091,1209,118,True
4,219,1091,1209,118,True
11,211,1091,1260,169,True
17,205,1091,1209,118,True
22,244,1091,1260,169,True
37,219,1091,1209,118,True
41,228,1091,1209,118,True
43,209,1091,1209,118,True
46,236,1091,1209,118,True
49,234,1091,1209,118,True
50,221,1091,1149,58,True
61,205,1091,1155,64,True
68,234,1091,1149,58,True
76,228,1091,1149,58,True
86,227,1091,1149,58,True
87,216,1091,1224,133,True
89,204,1091,1204,113,True
92,227,1091,1204,113,True
13,235,1092,1209,117,True
14,229,1092,1209,117,True
15,220,1092,1155,63,True
27,230,1092,1209,117,True
33,206,1092,1209,117,True
46,237,1092,1209,117,True
49,235,1092,1209,117,True
53,186,1092,1181,89,True
56,206,1092,1204,112,True
62,191,1092,1204,112,True
63,225,1092,1224,132,True
64,218,1092,1155,63,True
66,210,1092,1181,89,True
67,227,1092,1204,112,True
68,235,1092,1149,57,True
72,214,1092,1149,57,True
77,231,1092,1204,112,True
83,211,1092,1149,57,True
88,228,1092,1204,112,True
0,231,1093,1209,116,True
3,232,1093,1209,116,True
8,217,1093,1209,116,True
9,219,1093,1209,116,True
16,222,1093,1209,116,True
27,231,1093,1209,116,True
29,204,1093,1209,116,True
33,207,1093,1209,116,True
36,224,1093,1209,116,True
42,230,1093,1209,116,True
45,216,1093,1155,62,True
48,225,1093,1209,116,True
63,226,1093,1224,131,True
71,213,1093,1204,111,True
78,230,1093,1204,111,True
79,214,1093,1149,56,True
85,207,1093,1224,131,True
96,211,1093,1224,131,True
2,220,1094,1209,115,True
20,210,1094,1155,61,True
31,232,1094,1209,115,True
34,212,1094,1155,61,True
36,225,1094,1209,115,True
42,231,1094,1209,115,True
47,208,1094,1209,115,True
53,187,1094,1181,87,True
60,234,1094,1204,110,True
62,192,1094,1204,110,True
74,218,1094,1204,110,True
75,216,1094,1204,110,True
76,229,1094,1149,55,True
79,215,1094,1149,55,True
88,229,1094,1204,110,True
93,205,1094,1204,110,True
94,223,1094,1149,55,True
0,232,1095,1209,114,True
1,203,1095,1209,114,True
10,225,1095,1209,114,True
16,223,1095,1209,114,True
29,205,1095,1209,114,True
39,218,1095,1209,114,True
41,229,1095,1209,114,True
64,219,1095,1155,60,True
69,232,1095,1204,109,True
75,217,1095,1204,109,True
80,224,1095,1181,86,True
81,189,1095,1204,109,True
82,215,1095,1149,54,True
83,212,1095,1149,54,True
84,216,1095,1204,109,True
95,211,1095,1224,129,True
96,212,1095,1224,129,True
99,202,1095,1204,109,True
16,224,1096,1209,113,True
29,206,1096,1209,113,True
39,219,1096,1209,113,True
50,222,1096,1149,53,True
54,244,1096,1204,108,True
58,223,1096,1204,108,True
70,219,1096,1149,53,True
78,231,1096,1204,108,True
82,216,1096,1149,53,True
95,212,1096,1224,128,True
1,204,1097,1209,112,True
2,221,1097,1209,112,True
3,233,1097,1209,112,True
8,218,1097,1209,112,True
18,198,1097,1209,112,True
32,190,1097,1260,163,True
33,208,1097,1209,112,True
37,220,1097,1209,112,True
41,230,1097,1209,112,True
43,210,1097,1209,112,True
46,238,1097,1209,112,True
48,226,1097,1209,112,True
54,245,1097,1204,107,True
58,224,1097,1204,107,True
64,220,1097,1155,58,True
67,228,1097,1204,107,True
69,233,1097,1204,107,True
73,232,1097,1149,52,True
81,190,1097,1204,107,True
85,208,1097,1224,127,True
90,225,1097,1204,107,True
94,224,1097,1181,84,True
99,203,1097,1204,107,True
0,233,1098,1209,111,True
3,234,1098,1209,111,True
7,224,1098,1209,111,True
8,219,1098,1209,111,True
13,236,1098,1209,111,True
23,225,1098,1209,111,True
25,229,1098,1209,111,True
34,213,1098,1155,57,True
58,225,1098,1204,106,True
60,235,1098,1204,106,True
61,206,1098,1155,57,True
62,193,1098,1204,106,True
74,219,1098,1204,106,True
75,218,1098,1204,106,True
79,216,1098,1149,51,True
81,191,1098,1204,106,True
93,206,1098,1204,106,True
96,213,1098,1224,126,True
99,204,1098,1204,106,True
8,220,1099,1209,110,True
12,223,1099,1209,110,True
14,230,1099,1209,110,True
20,211,1099,1155,56,True
22,245,1099,1260,161,True
26,218,1099,1209,110,True
35,224,1099,1155,56,True
36,226,1099,1209,110,True
45,217,1099,1155,56,True
46,239,1099,1209,110,True
47,209,1099,1209,110,True
63,227,1099,1224,125,True
64,221,1099,1155,56,True
68,236,1099,1149,50,True
79,217,1099,1181,82,True
83,213,1099,1181,82,True
84,217,1099,1204,105,True
85,209,1099,1224,125,True
88,230,1099,1224,125,True
89,205,1099,1204,105,True
99,205,1099,1204,105,True
2,222,1100,1209,109,True
5,227,1100,1209,109,True
7,225,1100,1209,109,True
10,226,1100,1209,109,True
11,212,1100,1260,160,True
14,231,1100,1209,109,True
17,206,1100,1209,109,True
21,209,1100,1209,109,True
22,246,1100,1260,160,True
30,231,1100,1155,55,True
36,227,1100,1209,109,True
37,221,1100,1209,109,True
40,234,1100,1209,109,True
41,231,1100,1209,109,True
44,218,1100,1209,109,True
48,227,1100,1209,109,True
69,234,1100,1204,104,True
78,232,1100,1204,104,True
79,218,1100,1181,81,True
81,192,1100,1204,104,True
82,217,1100,1181,81,True
83,214,1100,1181,81,True
84,218,1100,1204,104,True
88,231,1100,1224,124,True
93,207,1100,1224,124,True
19,206,1101,1209,108,True
23,226,1101,1209,108,True
26,219,1101,1209,108,True
29,207,1101,1209,108,True
30,232,1101,1155,54,True
31,233,1101,1209,108,True
32,191,1101,1260,159,True
34,214,1101,1155,54,True
38,197,1101,1209,108,True
39,220,1101,1209,108,True
51,217,1101,1181,80,True
52,202,1101,,,False
59,226,1101,1204,103,True
69,235,1101,1204,103,True
70,220,1101,1181,80,True
78,233,1101,1204,103,True
86,228,1101,1149,48,True
88,232,1101,1224,123,True
99,206,1101,1204,103,True
0,234,1102,1209,107,True
16,225,1102,1209,107,True
18,199,1102,1209,107,True
24,209,1102,1209,107,True
28,232,1102,1209,107,True
32,192,1102,1260,158,True
36,228,1102,1209,107,True
37,222,1102,1209,107,True
41,232,1102,1209,107,True
44,219,1102,1209,107,True
54,246,1102,1204,102,True
55,216,1102,1181,79,True
58,226,1102,1204,102,True
64,222,1102,1155,53,True
68,237,1102,1149,47,True
71,214,1102,1224,122,True
76,230,1102,1224,122,True
81,193,1102,1204,102,True
82,218,1102,1181,79,True
90,226,1102,1224,122,True
91,222,1102,1204,102,True
94,225,1102,1298,196,True
96,214,1102,1224,122,True
97,215,1102,1204,102,True
1,205,1103,1209,106,True
5,228,1103,1209,106,True
14,232,1103,1209,106,True
16,226,1103,1209,106,True
18,200,1103,1209,106,True
20,212,1103,1155,52,True
24,210,1103,1209,106,True
26,220,1103,1209,106,True
37,223,1103,1209,106,True
40,235,1103,1209,106,True
41,233,1103,1209,106,True
48,228,1103,1209,106,True
50,223,1103,1149,46,True
52,203,1103,,,False
54,247,1103,1204,101,True
60,236,1103,1204,101,True
68,238,1103,1149,46,True
74,220,1103,1204,101,True
75,219,1103,1224,121,True
76,231,1103,1224,121,True
79,219,1103,1181,78,True
88,233,1103,1224,121,True
90,227,1103,1224,121,True
93,208,1103,1224,121,True
2,223,1104,1209,105,True
3,235,1104,1209,105,True
4,220,1104,1209,105,True
5,229,1104,1209,105,True
7,226,1104,1209,105,True
9,220,1104,1209,105,True
12,224,1104,1209,105,True
13,237,1104,1209,105,True
18,201,1104,1209,105,True
24,211,1104,1209,105,True
27,232,1104,1209,105,True
28,233,1104,1209,105,True
32,193,1104,1260,156,True
34,215,1104,1209,105,True
36,229,1104,1209,105,True
38,198,1104,1209,105,True
42,232,1104,1260,156,True
47,210,1104,1209,105,True
52,204,1104,,,False
54,248,1104,1204,100,True
55,217,1104,1224,120,True
57,205,1104,1181,77,True
59,227,1104,1204,100,True
62,194,1104,1204,100,True
64,223,1104,1181,77,True
65,234,1104,1181,77,True
75,220,1104,1224,120,True
76,232,1104,1224,120,True
77,232,1104,1204,100,True
84,219,1104,1204,100,True
87,217,1104,1224,120,True
90,228,1104,1224,120,True
95,213,1104,1224,120,True
96,215,1104,1224,120,True
98,207,1104,1155,51,True
1,206,1105,1209,104,True
3,236,1105,1209,104,True
5,230,1105,1209,104,True
7,227,1105,1209,104,True
14,233,1105,1209,104,True
25,230,1105,1209,104,True
31,234,1105,1209,104,True
32,194,1105,1260,155,True
42,233,1105,1260,155,True
43,211,1105,1209,104,True
54,249,1105,1204,99,True
57,206,1105,1181,76,True
58,227,1105,1224,119,True
61,207,1105,1155,50,True
76,233,1105,1224,119,True
84,220,1105,1204,99,True
90,229,1105,1224,119,True
10,227,1106,1209,103,True
16,227,1106,1209,103,True
20,213,1106,1155,49,True
23,227,1106,1209,103,True
25,231,1106,1209,103,True
26,221,1106,1209,103,True
27,233,1106,1209,103,True
38,199,1106,1209,103,True
47,211,1106,1209,103,True
55,218,1106,1224,118,True
65,235,1106,1181,75,True
68,239,1106,1181,75,True
69,236,1106,1204,98,True
70,221,1106,1181,75,True
74,221,1106,1204,98,True
75,221,1106,1224,118,True
79,220,1106,1181,75,True
80,225,1106,1181,75,True
84,221,1106,1204,98,True
90,230,1106,1224,118,True
91,223,1106,1204,98,True
93,209,1106,1224,118,True
19,207,1107,1209,102,True
23,228,1107,1209,102,True
24,212,1107,1209,102,True
26,222,1107,1209,102,True
32,195,1107,1260,153,True
46,240,1107,1209,102,True
49,236,1107,1209,102,True
52,205,1107,,,False
55,219,1107,1224,117,True
58,228,1107,1224,117,True
70,222,1107,1181,74,True
74,222,1107,1204,97,True
75,222,1107,1224,117,True
79,221,1107,1181,74,True
92,228,1107,1204,97,True
93,210,1107,1224,117,True
95,214,1107,1224,117,True
0,235,1108,1209,101,True
2,224,1108,1209,101,True
3,237,1108,1209,101,True
4,221,1108,1209,101,True
14,234,1108,1209,101,True
23,229,1108,1209,101,True
28,234,1108,1209,101,True
30,233,1108,1155,47,True
43,212,1108,1209,101,True
44,220,1108,1209,101,True
49,237,1108,1209,101,True
53,188,1108,1224,116,True
55,220,1108,1224,116,True
63,228,1108,1224,116,True
64,224,1108,1181,73,True
65,236,1108,1181,73,True
72,215,1108,1181,73,True
97,216,1108,1204,96,True
0,236,1109,1209,100,True
3,238,1109,1209,100,True
5,231,1109,1209,100,True
6,218,1109,1209,100,True
9,221,1109,1209,100,True
10,228,1109,1209,100,True
13,238,1109,1209,100,True
20,214,1109,1185,76,True
25,232,1109,1209,100,True
42,234,1109,1260,151,True
51,218,1109,1204,95,True
52,206,1109,,,False
54,250,1109,1204,95,True
56,207,1109,1204,95,True
57,207,1109,1181,72,True
58,229,1109,1224,115,True
69,237,1109,1204,95,True
71,215,1109,1224,115,True
74,223,1109,1204,95,True
76,234,1109,1224,115,True
79,222,1109,1224,115,True
80,226,1109,1181,72,True
81,194,1109,1224,115,True
82,219,1109,1204,95,True
85,210,1109,1224,115,True
89,206,1109,1298,189,True
99,207,1109,1204,95,True
0,237,1110,1209,99,True
5,232,1110,1209,99,True
15,221,1110,1221,111,True
16,228,1110,1209,99,True
22,247,1110,1260,150,True
33,209,1110,1209,99,True
34,216,1110,1209,99,True
35,225,1110,1209,99,True
37,224,1110,1209,99,True
44,221,1110,1209,99,True
46,241,1110,1209,99,True
52,207,1110,,,False
59,228,1110,1204,94,True
60,237,1110,1204,94,True
64,225,1110,1181,71,True
67,229,1110,1224,114,True
71,216,1110,1224,114,True
74,224,1110,1204,94,True
78,234,1110,1204,94,True
86,229,1110,1181,71,True
6,219,1111,1209,98,True
9,222,1111,1209,98,True
11,213,1111,1260,149,True
23,230,1111,1209,98,True
29,208,1111,1209,98,True
37,225,1111,1209,98,True
41,234,1111,1209,98,True
49,238,1111,1209,98,True
54,251,1111,1204,93,True
57,208,1111,1181,70,True
63,229,1111,1224,113,True
64,226,1111,1181,70,True
68,240,1111,1181,70,True
75,223,1111,1224,113,True
77,233,1111,1204,93,True
93,211,1111,1224,113,True
97,217,1111,1204,93,True
99,208,1111,1204,93,True
12,225,1112,1209,97,True
15,222,1112,1260,148,True
18,202,1112,1209,97,True
21,210,1112,1209,97,True
23,231,1112,1209,97,True
39,221,1112,1209,97,True
40,236,1112,1260,148,True
44,222,1112,1209,97,True
47,212,1112,1209,97,True
51,219,1112,1204,92,True
59,229,1112,1204,92,True
66,211,1112,1224,112,True
67,230,1112,1224,112,True
68,241,1112,1204,92,True
75,224,1112,1224,112,True
76,235,1112,1224,112,True
77,234,1112,1204,92,True
84,222,1112,1224,112,True
86,230,1112,1181,69,True
93,212,1112,1224,112,True
3,239,1113,1209,96,True
5,233,1113,1209,96,True
10,229,1113,1209,96,True
12,226,1113,1209,96,True
15,223,1113,1260,147,True
16,229,1113,1209,96,True
19,208,1113,1209,96,True
23,232,1113,1209,96,True
31,235,1113,1209,96,True
32,196,1113,1260,147,True
33,210,1113,1209,96,True
37,226,1113,1260,147,True
43,213,1113,1209,96,True
44,223,1113,1260,147,True
45,218,1113,1221,108,True
47,213,1113,1209,96,True
58,230,1113,1224,111,True
64,227,1113,1181,68,True
77,235,1113,1224,111,True
80,227,1113,1224,111,True
82,220,1113,1204,91,True
92,229,1113,1204,91,True
2,225,1114,1209,95,True
3,240,1114,1209,95,True
6,220,1114,1209,95,True
12,227,1114,1209,95,True
15,224,1114,1260,146,True
18,203,1114,1209,95,True
25,233,1114,1209,95,True
30,234,1114,1209,95,True
35,226,1114,1221,107,True
37,227,1114,1260,146,True
38,200,1114,1209,95,True
41,235,1114,1209,95,True
49,239,1114,1209,95,True
54,252,1114,1224,110,True
65,237,1114,1224,110,True
71,217,1114,1224,110,True
75,225,1114,1224,110,True
85,211,1114,1224,110,True
89,207,1114,1298,184,True
91,224,1114,1204,90,True
5,234,1115,1209,94,True
6,221,1115,1209,94,True
23,233,1115,1209,94,True
24,213,1115,1209,94,True
28,235,1115,1209,94,True
55,221,1115,1224,109,True
57,209,1115,1181,66,True
65,238,1115,1224,109,True
73,233,1115,1224,109,True
79,223,1115,1224,109,True
80,228,1115,1224,109,True
81,195,1115,1224,109,True
88,234,1115,1298,183,True
90,231,1115,1224,109,True
99,209,1115,1204,89,True
6,222,1116,1209,93,True
8,221,1116,1209,93,True
20,215,1116,1221,105,True
25,234,1116,1209,93,True
37,228,1116,1260,144,True
38,201,1116,1209,93,True
40,237,1116,1260,144,True
43,214,1116,1209,93,True
45,219,1116,1221,105,True
53,189,1116,1224,108,True
56,208,1116,1204,88,True
66,212,1116,1298,182,True
70,223,1116,1181,65,True
71,218,1116,1224,108,True
72,216,1116,1181,65,True
76,236,1116,1224,108,True
77,236,1116,1224,108,True
96,216,1116,1224,108,True
0,238,1117,1209,92,True
4,222,1117,1209,92,True
7,228,1117,1209,92,True
20,216,1117,1221,104,True
26,223,1117,1209,92,True
29,209,1117,1209,92,True
34,217,1117,1221,104,True
39,222,1117,1209,92,True
43,215,1117,1209,92,True
56,209,1117,1224,107,True
67,231,1117,1224,107,True
69,238,1117,1204,87,True
76,237,1117,1224,107,True
85,212,1117,1224,107,True
98,208,1117,1204,87,True
11,214,1118,1260,142,True
20,217,1118,1221,103,True
23,234,1118,1209,91,True
24,214,1118,1209,91,True
25,235,1118,1209,91,True
27,234,1118,1209,91,True
28,236,1118,1209,91,True
32,197,1118,1260,142,True
46,242,1118,1209,91,True
52,208,1118,,,False
56,210,1118,1224,106,True
66,213,1118,1298,180,True
76,238,1118,1224,106,True
79,224,1118,1224,106,True
80,229,1118,1224,106,True
82,221,1118,1204,86,True
86,231,1118,1224,106,True
91,225,1118,1204,86,True
95,215,1118,1224,106,True
96,217,1118,1224,106,True
2,226,1119,1209,90,True
7,229,1119,1260,141,True
13,239,1119,1209,90,True
23,235,1119,1209,90,True
25,236,1119,1209,90,True
28,237,1119,1209,90,True
31,236,1119,1209,90,True
37,229,1119,1260,141,True
41,236,1119,1209,90,True
56,211,1119,1224,105,True
60,238,1119,1224,105,True
61,208,1119,1204,85,True
62,195,1119,1204,85,True
67,232,1119,1224,105,True
71,219,1119,1224,105,True
79,225,1119,1224,105,True
87,218,1119,1224,105,True
4,223,1120,1209,89,True
9,223,1120,1209,89,True
10,230,1120,1260,140,True
15,225,1120,1260,140,True
18,204,1120,1209,89,True
29,210,1120,1209,89,True
31,237,1120,1209,89,True
36,230,1120,1260,140,True
42,235,1120,1260,140,True
43,216,1120,1209,89,True
50,224,1120,1224,104,True
54,253,1120,1224,104,True
61,209,1120,1204,84,True
64,228,1120,1224,104,True
68,242,1120,1204,84,True
70,224,1120,1224,104,True
84,223,1120,1224,104,True
87,219,1120,1224,104,True
93,213,1120,1224,104,True
1,207,1121,1209,88,True
13,240,1121,1209,88,True
15,226,1121,1260,139,True
19,209,1121,1209,88,True
24,215,1121,1209,88,True
31,238,1121,1209,88,True
35,227,1121,1221,100,True
41,237,1121,1209,88,True
42,236,1121,1260,139,True
51,220,1121,1298,177,True
56,212,1121,1224,103,True
57,210,1121,1181,60,True
60,239,1121,1224,103,True
63,230,1121,1298,177,True
64,229,1121,1224,103,True
65,239,1121,1224,103,True
73,234,1121,1224,103,True
81,196,1121,1224,103,True
83,215,1121,1224,103,True
86,232,1121,1224,103,True
91,226,1121,1204,83,True
0,239,1122,1209,87,True
3,241,1122,1209,87,True
13,241,1122,1209,87,True
16,230,1122,1260,138,True
17,207,1122,1260,138,True
20,218,1122,1221,99,True
28,238,1122,1209,87,True
37,230,1122,1260,138,True
50,225,1122,1224,102,True
55,222,1122,1224,102,True
56,213,1122,1224,102,True
57,211,1122,1181,59,True
62,196,1122,1224,102,True
63,231,1122,1298,176,True
66,214,1122,1298,176,True
70,225,1122,1224,102,True
78,235,1122,1224,102,True
82,222,1122,1224,102,True
83,216,1122,1224,102,True
0,240,1123,1209,86,True
1,208,1123,1209,86,True
4,224,1123,1209,86,True
6,223,1123,1209,86,True
20,219,1123,1221,98,True
23,236,1123,1209,86,True
25,237,1123,1209,86,True
26,224,1123,1209,86,True
29,211,1123,1209,86,True
34,218,1123,1221,98,True
38,202,1123,1209,86,True
54,254,1123,1224,101,True
55,223,1123,1224,101,True
73,235,1123,1224,101,True
74,225,1123,1224,101,True
76,239,1123,1224,101,True
89,208,1123,1298,175,True
93,214,1123,1224,101,True
96,218,1123,1224,101,True
97,218,1123,1224,101,True
0,241,1124,1209,85,True
1,209,1124,1209,85,True
7,230,1124,1260,136,True
15,227,1124,1260,136,True
16,231,1124,1260,136,True
23,237,1124,1209,85,True
26,225,1124,1209,85,True
28,239,1124,1260,136,True
30,235,1124,1221,97,True
34,219,1124,1221,97,True
45,220,1124,1221,97,True
46,243,1124,1260,136,True
53,190,1124,1298,174,True
55,224,1124,1224,100,True
59,230,1124,1224,100,True
61,210,1124,1204,80,True
63,232,1124,1298,174,True
70,226,1124,1224,100,True
75,226,1124,1224,100,True
79,226,1124,1224,100,True
89,209,1124,1298,174,True
98,209,1124,1204,80,True
4,225,1125,1209,84,True
5,235,1125,1260,135,True
7,231,1125,1260,135,True
24,216,1125,1209,84,True
32,198,1125,1260,135,True
37,231,1125,1260,135,True
40,238,1125,1260,135,True
51,221,1125,1298,173,True
57,212,1125,1181,56,True
58,231,1125,1224,99,True
63,233,1125,1298,173,True
64,230,1125,1224,99,True
70,227,1125,1224,99,True
76,240,1125,1224,99,True
77,237,1125,1224,99,True
88,235,1125,1298,173,True
92,230,1125,1224,99,True
93,215,1125,1224,99,True
97,219,1125,1224,99,True
99,210,1125,1224,99,True
6,224,1126,1260,134,True
14,235,1126,1209,83,True
25,238,1126,1209,83,True
28,240,1126,1260,134,True
30,236,1126,1221,95,True
45,221,1126,1221,95,True
50,226,1126,1224,98,True
51,222,1126,1298,172,True
53,191,1126,1298,172,True
54,255,1126,1224,98,True
56,214,1126,1224,98,True
59,231,1126,1224,98,True
63,234,1126,1298,172,True
65,240,1126,1224,98,True
71,220,1126,1224,98,True
72,217,1126,1224,98,True
76,241,1126,1224,98,True
79,227,1126,1224,98,True
82,223,1126,1224,98,True
83,217,1126,1224,98,True
87,220,1126,1224,98,True
91,227,1126,1298,172,True
99,211,1126,1224,98,True
2,227,1127,1260,133,True
3,242,1127,1260,133,True
4,226,1127,1209,82,True
8,222,1127,1209,82,True
11,215,1127,1260,133,True
12,228,1127,1260,133,True
14,236,1127,1209,82,True
18,205,1127,1260,133,True
25,239,1127,1209,82,True
27,235,1127,1260,133,True
32,199,1127,1260,133,True
40,239,1127,1260,133,True
44,224,1127,1260,133,True
45,222,1127,1221,94,True
49,240,1127,1209,82,True
50,227,1127,1224,97,True
52,209,1127,,,False
71,221,1127,1224,97,True
77,238,1127,1224,97,True
78,236,1127,1224,97,True
82,224,1127,1224,97,True
84,224,1127,1224,97,True
85,213,1127,1224,97,True
88,236,1127,1298,171,True
89,210,1127,1298,171,True
90,232,1127,1224,97,True
94,226,1127,1298,171,True
95,216,1127,1224,97,True
2,228,1128,1260,132,True
9,224,1128,1260,132,True
11,216,1128,1260,132,True
13,242,1128,1209,81,True
22,248,1128,1260,132,True
23,238,1128,1209,81,True
24,217,1128,1209,81,True
28,241,1128,1260,132,True
34,220,1128,1221,93,True
35,228,1128,1221,93,True
43,217,1128,1221,93,True
53,192,1128,1298,170,True
60,240,1128,1298,170,True
67,233,1128,1224,96,True
70,228,1128,1224,96,True
88,237,1128,1298,170,True
94,227,1128,1298,170,True
95,217,1128,1224,96,True
2,229,1129,1260,131,True
11,217,1129,1260,131,True
19,210,1129,1260,131,True
20,220,1129,1221,92,True
29,212,1129,1213,84,True
37,232,1129,1260,131,True
40,240,1129,1260,131,True
41,238,1129,1260,131,True
43,218,1129,1221,92,True
44,225,1129,1260,131,True
45,223,1129,1221,92,True
59,232,1129,1224,95,True
60,241,1129,1298,169,True
62,197,1129,1224,95,True
65,241,1129,1224,95,True
79,228,1129,1224,95,True
80,230,1129,1224,95,True
81,197,1129,1224,95,True
85,214,1129,1224,95,True
86,233,1129,1224,95,True
89,211,1129,1298,169,True
94,228,1129,1298,169,True
99,212,1129,1224,95,True
3,243,1130,1260,130,True
4,227,1130,1209,79,True
10,231,1130,1260,130,True
14,237,1130,1209,79,True
15,228,1130,1260,130,True
21,211,1130,1260,130,True
25,240,1130,1209,79,True
30,237,1130,1221,91,True
37,233,1130,1260,130,True
42,237,1130,1260,130,True
44,226,1130,1260,130,True
45,224,1130,1221,91,True
54,256,1130,1298,168,True
57,213,1130,1224,94,True
66,215,1130,1298,168,True
67,234,1130,1224,94,True
74,226,1130,1224,94,True
76,242,1130,1224,94,True
80,231,1130,1224,94,True
81,198,1130,1224,94,True
85,215,1130,1224,94,True
93,216,1130,1224,94,True
99,213,1130,1224,94,True
3,244,1131,1260,129,True
6,225,1131,1260,129,True
9,225,1131,1260,129,True
14,238,1131,1209,78,True
22,249,1131,1260,129,True
33,211,1131,1209,78,True
36,231,1131,1260,129,True
45,225,1131,1221,90,True
49,241,1131,1209,78,True
52,210,1131,,,False
54,257,1131,1298,167,True
61,211,1131,1209,78,True
67,235,1131,1224,93,True
76,243,1131,1224,93,True
84,225,1131,1224,93,True
95,218,1131,1224,93,True
98,210,1131,1204,73,True
99,214,1131,1224,93,True
3,245,1132,1260,128,True
4,228,1132,1209,77,True
7,232,1132,1260,128,True
12,229,1132,1260,128,True
19,211,1132,1260,128,True
23,239,1132,1209,77,True
24,218,1132,1209,77,True
41,239,1132,1260,128,True
50,228,1132,1224,92,True
59,233,1132,1224,92,True
60,242,1132,1298,166,True
62,198,1132,1224,92,True
78,237,1132,1298,166,True
80,232,1132,1224,92,True
86,234,1132,1224,92,True
89,212,1132,1298,166,True
92,231,1132,1224,92,True
93,217,1132,1224,92,True
96,219,1132,1298,166,True
8,223,1133,1209,76,True
12,230,1133,1260,127,True
23,240,1133,1209,76,True
42,238,1133,1260,127,True
50,229,1133,1224,91,True
51,223,1133,1298,165,True
57,214,1133,1224,91,True
58,232,1133,1224,91,True
59,234,1133,1224,91,True
60,243,1133,1298,165,True
63,235,1133,1298,165,True
67,236,1133,1224,91,True
83,218,1133,1298,165,True
95,219,1133,1224,91,True
98,211,1133,1224,91,True
7,233,1134,1260,126,True
10,232,1134,1260,126,True
23,241,1134,1209,75,True
29,213,1134,1213,79,True
32,200,1134,1260,126,True
35,229,1134,1221,87,True
40,241,1134,1260,126,True
42,239,1134,1260,126,True
43,219,1134,1221,87,True
44,227,1134,1260,126,True
45,226,1134,1221,87,True
54,258,1134,1298,164,True
65,242,1134,1224,90,True
66,216,1134,1298,164,True
81,199,1134,1224,90,True
92,232,1134,1224,90,True
99,215,1134,1224,90,True
6,226,1135,1260,125,True
12,231,1135,1260,125,True
30,238,1135,1260,125,True
35,230,1135,1221,86,True
37,234,1135,1260,125,True
45,227,1135,1221,86,True
53,193,1135,1298,163,True
54,259,1135,1298,163,True
59,235,1135,1224,89,True
71,222,1135,1224,89,True
75,227,1135,1224,89,True
79,229,1135,1224,89,True
80,233,1135,1224,89,True
82,225,1135,1298,163,True
91,228,1135,1298,163,True
92,233,1135,1224,89,True
95,220,1135,1224,89,True
99,216,1135,1224,89,True
5,236,1136,1260,124,True
7,234,1136,1260,124,True
16,232,1136,1260,124,True
18,206,1136,1260,124,True
19,212,1136,1260,124,True
20,221,1136,1221,85,True
25,241,1136,1221,85,True
38,203,1136,1221,85,True
40,242,1136,1260,124,True
42,240,1136,1260,124,True
52,211,1136,,,False
61,212,1136,1224,88,True
63,236,1136,1298,162,True
67,237,1136,1224,88,True
70,229,1136,1224,88,True
72,218,1136,1224,88,True
79,230,1136,1298,162,True
86,235,1136,1224,88,True
88,238,1136,1298,162,True
92,234,1136,1224,88,True
94,229,1136,1298,162,True
3,246,1137,1260,123,True
4,229,1137,1260,123,True
13,243,1137,1260,123,True
16,233,1137,1260,123,True
17,208,1137,1260,123,True
19,213,1137,1260,123,True
25,242,1137,1221,84,True
39,223,1137,1260,123,True
41,240,1137,1260,123,True
45,228,1137,1221,84,True
50,230,1137,1224,87,True
61,213,1137,1224,87,True
63,237,1137,1298,161,True
73,236,1137,1224,87,True
83,219,1137,1298,161,True
91,229,1137,1298,161,True
92,235,1137,1224,87,True
95,221,1137,1224,87,True
13,244,1138,1260,122,True
15,229,1138,1260,122,True
18,207,1138,1260,122,True
27,236,1138,1260,122,True
29,214,1138,1213,75,True
36,232,1138,1260,122,True
41,241,1138,1260,122,True
43,220,1138,1260,122,True
52,212,1138,,,False
62,199,1138,1224,86,True
63,238,1138,1298,160,True
73,237,1138,1224,86,True
86,236,1138,1224,86,True
90,233,1138,1224,86,True
95,222,1138,1224,86,True
98,212,1138,1224,86,True
2,230,1139,1260,121,True
9,226,1139,1260,121,True
18,208,1139,1260,121,True
19,214,1139,1260,121,True
20,222,1139,1221,82,True
25,243,1139,1221,82,True
26,226,1139,1260,121,True
31,239,1139,1260,121,True
32,201,1139,1260,121,True
35,231,1139,1221,82,True
48,229,1139,1260,121,True
51,224,1139,1298,159,True
56,215,1139,1224,85,True
59,236,1139,1224,85,True
69,239,1139,1224,85,True
70,230,1139,1224,85,True
71,223,1139,1224,85,True
72,219,1139,1224,85,True
75,228,1139,1224,85,True
81,200,1139,1224,85,True
93,218,1139,1298,159,True
97,220,1139,1224,85,True
99,217,1139,1224,85,True
2,231,1140,1260,120,True
3,247,1140,1260,120,True
5,237,1140,1260,120,True
7,235,1140,1260,120,True
8,224,1140,1260,120,True
17,209,1140,1260,120,True
22,250,1140,1260,120,True
31,240,1140,1260,120,True
32,202,1140,1260,120,True
36,233,1140,1260,120,True
37,235,1140,1260,120,True
41,242,1140,1260,120,True
47,214,1140,1260,120,True
58,233,1140,1224,84,True
60,244,1140,1298,158,True
66,217,1140,1298,158,True
70,231,1140,1224,84,True
71,224,1140,1224,84,True
96,220,1140,1298,158,True
98,213,1140,1224,84,True
1,210,1141,1260,119,True
5,238,1141,1260,119,True
8,225,1141,1260,119,True
9,227,1141,1260,119,True
11,218,1141,1260,119,True
14,239,1141,1213,72,True
20,223,1141,1221,80,True
34,221,1141,1221,80,True
35,232,1141,1221,80,True
36,234,1141,1260,119,True
40,243,1141,1260,119,True
53,194,1141,1298,157,True
55,225,1141,1298,157,True
63,239,1141,1298,157,True
78,238,1141,1298,157,True
79,231,1141,1298,157,True
83,220,1141,1298,157,True
84,226,1141,1298,157,True
93,219,1141,1298,157,True
1,211,1142,1260,118,True
4,230,1142,1260,118,True
8,226,1142,1260,118,True
14,240,1142,1213,71,True
17,210,1142,1260,118,True
22,251,1142,1260,118,True
23,242,1142,1260,118,True
29,215,1142,1213,71,True
43,221,1142,1260,118,True
45,229,1142,1221,79,True
53,195,1142,1298,156,True
56,216,1142,1224,82,True
57,215,1142,1224,82,True
59,237,1142,1224,82,True
70,232,1142,1224,82,True
78,239,1142,1298,156,True
87,221,1142,1224,82,True
18,209,1143,1260,117,True
26,227,1143,1260,117,True
27,237,1143,1260,117,True
33,212,1143,1260,117,True
34,222,1143,1221,78,True
37,236,1143,1260,117,True
38,204,1143,1260,117,True
51,225,1143,1298,155,True
57,216,1143,1224,81,True
61,214,1143,1224,81,True
64,231,1143,1224,81,True
65,243,1143,1298,155,True
68,243,1143,1298,155,True
71,225,1143,1298,155,True
73,238,1143,1224,81,True
81,201,1143,1224,81,True
85,216,1143,1224,81,True
86,237,1143,1224,81,True
90,234,1143,1224,81,True
98,214,1143,1224,81,True
3,248,1144,1260,116,True
6,227,1144,1260,116,True
8,227,1144,1260,116,True
9,228,1144,1260,116,True
19,215,1144,1260,116,True
28,242,1144,1260,116,True
30,239,1144,1260,116,True
40,244,1144,1260,116,True
46,244,1144,1260,116,True
54,260,1144,1298,154,True
57,217,1144,1224,80,True
63,240,1144,1298,154,True
65,244,1144,1298,154,True
70,233,1144,1224,80,True
72,220,1144,1224,80,True
76,244,1144,1224,80,True
84,227,1144,1298,154,True
87,222,1144,1224,80,True
93,220,1144,1298,154,True
14,241,1145,1213,68,True
23,243,1145,1260,115,True
29,216,1145,1213,68,True
30,240,1145,1260,115,True
42,241,1145,1260,115,True
49,242,1145,1260,115,True
51,226,1145,1298,153,True
56,217,1145,1224,79,True
62,200,1145,1224,79,True
63,241,1145,1298,153,True
66,218,1145,1298,153,True
70,234,1145,1224,79,True
72,221,1145,1224,79,True
77,239,1145,1224,79,True
80,234,1145,1298,153,True
83,221,1145,1298,153,True
86,238,1145,1224,79,True
89,213,1145,1298,153,True
90,235,1145,1224,79,True
91,230,1145,1298,153,True
99,218,1145,1224,79,True
2,232,1146,1260,114,True
5,239,1146,1260,114,True
8,228,1146,1260,114,True
9,229,1146,1260,114,True
11,219,1146,1260,114,True
16,234,1146,1260,114,True
18,210,1146,1260,114,True
26,228,1146,1260,114,True
27,238,1146,1260,114,True
32,203,1146,1260,114,True
33,213,1146,1260,114,True
35,233,1146,1260,114,True
39,224,1146,1260,114,True
40,245,1146,1260,114,True
44,228,1146,1260,114,True
46,245,1146,1260,114,True
50,231,1146,1224,78,True
55,226,1146,1298,152,True
62,201,1146,1224,78,True
63,242,1146,1298,152,True
66,219,1146,1298,152,True
70,235,1146,1224,78,True
78,240,1146,1298,152,True
80,235,1146,1298,152,True
83,222,1146,1298,152,True
85,217,1146,1224,78,True
18,211,1147,1260,113,True
19,216,1147,1260,113,True
32,204,1147,1260,113,True
33,214,1147,1260,113,True
36,235,1147,1260,113,True
49,243,1147,1260,113,True
50,232,1147,1224,77,True
52,213,1147,,,False
57,218,1147,1224,77,True
64,232,1147,1224,77,True
65,245,1147,1298,151,True
71,226,1147,1298,151,True
72,222,1147,1224,77,True
82,226,1147,1298,151,True
90,236,1147,1224,77,True
91,231,1147,1298,151,True
6,228,1148,1260,112,True
20,224,1148,1221,73,True
27,239,1148,1260,112,True
31,241,1148,1260,112,True
34,223,1148,1221,73,True
45,230,1148,1221,73,True
48,230,1148,1260,112,True
54,261,1148,1298,150,True
60,245,1148,1298,150,True
63,243,1148,1298,150,True
65,246,1148,1298,150,True
66,220,1148,1298,150,True
80,236,1148,1298,150,True
81,202,1148,1224,76,True
88,239,1148,1298,150,True
6,229,1149,1260,111,True
7,236,1149,1260,111,True
8,229,1149,1260,111,True
14,242,1149,1213,64,True
27,240,1149,1260,111,True
29,217,1149,1213,64,True
35,234,1149,1260,111,True
42,242,1149,1260,111,True
45,231,1149,1221,72,True
57,219,1149,1224,75,True
61,215,1149,1224,75,True
69,240,1149,1298,149,True
70,236,1149,1224,75,True
71,227,1149,1298,149,True
76,245,1149,1224,75,True
81,203,1149,1224,75,True
87,223,1149,1224,75,True
90,237,1149,1224,75,True
91,232,1149,1298,149,True
97,221,1149,1298,149,True
99,219,1149,1224,75,True
0,242,1150,1213,63,True
2,233,1150,1260,110,True
10,233,1150,1260,110,True
12,232,1150,1260,110,True
18,212,1150,1260,110,True
22,252,1150,1260,110,True
26,229,1150,1260,110,True
27,241,1150,1260,110,True
28,243,1150,1260,110,True
30,241,1150,1260,110,True
32,205,1150,1260,110,True
48,231,1150,1260,110,True
49,244,1150,1260,110,True
52,214,1150,,,False
62,202,1150,1298,148,True
73,239,1150,1298,148,True
76,246,1150,1224,74,True
77,240,1150,1298,148,True
87,224,1150,1224,74,True
93,221,1150,1298,148,True
94,230,1150,1298,148,True
0,243,1151,1213,62,True
2,234,1151,1260,109,True
4,231,1151,1260,109,True
15,230,1151,1260,109,True
16,235,1151,1260,109,True
20,225,1151,1221,70,True
29,218,1151,1213,62,True
33,215,1151,1260,109,True
34,224,1151,1221,70,True
35,235,1151,1260,109,True
39,225,1151,1260,109,True
42,243,1151,1260,109,True
46,246,1151,1260,109,True
50,233,1151,1224,73,True
51,227,1151,1298,147,True
61,216,1151,1224,73,True
68,244,1151,1298,147,True
74,227,1151,1298,147,True
85,218,1151,1224,73,True
88,240,1151,1298,147,True
92,236,1151,1298,147,True
96,221,1151,1298,147,True
99,220,1151,1298,147,True
7,237,1152,1260,108,True
8,230,1152,1260,108,True
9,230,1152,1260,108,True
17,211,1152,1260,108,True
20,226,1152,1221,69,True
32,206,1152,1260,108,True
35,236,1152,1260,108,True
39,226,1152,1260,108,True
41,243,1152,1260,108,True
42,244,1152,1260,108,True
44,229,1152,1260,108,True
46,247,1152,1260,108,True
47,215,1152,1260,108,True
56,218,1152,1224,72,True
61,217,1152,1224,72,True
62,203,1152,1298,146,True
64,233,1152,1224,72,True
67,238,1152,1298,146,True
68,245,1152,1298,146,True
72,223,1152,1224,72,True
78,241,1152,1298,146,True
80,237,1152,1298,146,True
82,227,1152,1298,146,True
88,241,1152,1298,146,True
90,238,1152,1298,146,True
9,231,1153,1260,107,True
11,220,1153,1260,107,True
20,227,1153,1221,68,True
23,244,1153,1260,107,True
27,242,1153,1260,107,True
31,242,1153,1260,107,True
34,225,1153,1260,107,True
36,236,1153,1260,107,True
41,244,1153,1260,107,True
42,245,1153,1260,107,True
46,248,1153,1260,107,True
47,216,1153,1260,107,True
51,228,1153,1298,145,True
53,196,1153,1298,145,True
56,219,1153,1224,71,True
78,242,1153,1298,145,True
86,239,1153,1224,71,True
88,242,1153,1298,145,True
2,235,1154,1260,106,True
3,249,1154,1260,106,True
11,221,1154,1260,106,True
12,233,1154,1260,106,True
13,245,1154,1260,106,True
28,244,1154,1260,106,True
36,237,1154,1260,106,True
40,246,1154,1260,106,True
41,245,1154,1260,106,True
43,222,1154,1260,106,True
47,217,1154,1260,106,True
56,220,1154,1298,144,True
59,238,1154,1298,144,True
61,218,1154,1224,70,True
62,204,1154,1298,144,True
69,241,1154,1298,144,True
75,229,1154,1224,70,True
76,247,1154,1298,144,True
77,241,1154,1298,144,True
87,225,1154,1224,70,True
88,243,1154,1298,144,True
90,239,1154,1298,144,True
16,236,1155,1260,105,True
26,230,1155,1260,105,True
29,219,1155,1260,105,True
30,242,1155,1260,105,True
32,207,1155,1260,105,True
37,237,1155,1260,105,True
49,245,1155,1260,105,True
50,234,1155,1298,143,True
51,229,1155,1298,143,True
56,221,1155,1298,143,True
61,219,1155,1224,69,True
62,205,1155,1298,143,True
66,221,1155,1298,143,True
79,232,1155,1298,143,True
3,250,1156,1260,104,True
6,230,1156,1260,104,True
7,238,1156,1260,104,True
22,253,1156,1260,104,True
42,246,1156,1260,104,True
51,230,1156,1298,142,True
54,262,1156,1298,142,True
57,220,1156,1224,68,True
62,206,1156,1298,142,True
63,244,1156,1298,142,True
67,239,1156,1298,142,True
69,242,1156,1298,142,True
74,228,1156,1298,142,True
75,230,1156,1298,142,True
83,223,1156,1298,142,True
89,214,1156,1298,142,True
90,240,1156,1298,142,True
91,233,1156,1298,142,True
98,215,1156,1298,142,True
99,221,1156,1298,142,True
1,212,1157,1260,103,True
4,232,1157,1260,103,True
12,234,1157,1260,103,True
13,246,1157,1260,103,True
23,245,1157,1260,103,True
25,244,1157,1260,103,True
33,216,1157,1260,103,True
47,218,1157,1260,103,True
48,232,1157,1260,103,True
50,235,1157,1298,141,True
51,231,1157,1298,141,True
60,246,1157,1298,141,True
61,220,1157,1224,67,True
63,245,1157,1298,141,True
65,247,1157,1298,141,True
70,237,1157,1224,67,True
74,229,1157,1298,141,True
75,231,1157,1298,141,True
78,243,1157,1298,141,True
79,233,1157,1298,141,True
82,228,1157,1298,141,True
85,219,1157,1224,67,True
90,241,1157,1298,141,True
4,233,1158,1260,102,True
17,212,1158,1260,102,True
18,213,1158,1260,102,True
24,219,1158,1260,102,True
30,243,1158,1260,102,True
51,232,1158,1298,140,True
54,263,1158,1298,140,True
56,222,1158,1298,140,True
62,207,1158,1298,140,True
68,246,1158,1298,140,True
70,238,1158,1224,66,True
72,224,1158,1224,66,True
81,204,1158,1298,140,True
82,229,1158,1298,140,True
84,228,1158,1298,140,True
87,226,1158,1224,66,True
90,242,1158,1298,140,True
95,223,1158,1298,140,True
0,244,1159,1321,162,True
15,231,1159,1260,101,True
18,214,1159,1260,101,True
29,220,1159,1260,101,True
33,217,1159,1260,101,True
38,205,1159,1260,101,True
42,247,1159,1260,101,True
43,223,1159,1260,101,True
45,232,1159,1260,101,True
46,249,1159,1260,101,True
52,215,1159,,,False
56,223,1159,1298,139,True
61,221,1159,1224,65,True
64,234,1159,1224,65,True
71,228,1159,1298,139,True
81,205,1159,1298,139,True
89,215,1159,1298,139,True
93,222,1159,1298,139,True
96,222,1159,1298,139,True
7,239,1160,1260,100,True
11,222,1160,1260,100,True
12,235,1160,1260,100,True
14,243,1160,1260,100,True
24,220,1160,1260,100,True
32,208,1160,1260,100,True
49,246,1160,1260,100,True
50,236,1160,1298,138,True
63,246,1160,1298,138,True
65,248,1160,1298,138,True
69,243,1160,1298,138,True
71,229,1160,1298,138,True
73,240,1160,1298,138,True
75,232,1160,1298,138,True
77,242,1160,1298,138,True
78,244,1160,1298,138,True
82,230,1160,1298,138,True
95,224,1160,1298,138,True
9,232,1161,1260,99,True
14,244,1161,1260,99,True
15,232,1161,1260,99,True
26,231,1161,1260,99,True
32,209,1161,1260,99,True
39,227,1161,1260,99,True
40,247,1161,1260,99,True
41,246,1161,1260,99,True
43,224,1161,1260,99,True
48,233,1161,1260,99,True
53,197,1161,1298,137,True
54,264,1161,1298,137,True
59,239,1161,1298,137,True
61,222,1161,1224,63,True
64,235,1161,1224,63,True
67,240,1161,1298,137,True
68,247,1161,1298,137,True
71,230,1161,1298,137,True
72,225,1161,1298,137,True
78,245,1161,1298,137,True
82,231,1161,1298,137,True
85,220,1161,1298,137,True
87,227,1161,1298,137,True
88,244,1161,1298,137,True
92,237,1161,1298,137,True
93,223,1161,1298,137,True
94,231,1161,1298,137,True
0,245,1162,1321,159,True
2,236,1162,1260,98,True
7,240,1162,1260,98,True
10,234,1162,1260,98,True
29,221,1162,1260,98,True
35,237,1162,1260,98,True
43,225,1162,1260,98,True
48,234,1162,1260,98,True
50,237,1162,1298,136,True
62,208,1162,1298,136,True
67,241,1162,1298,136,True
71,231,1162,1298,136,True
72,226,1162,1298,136,True
73,241,1162,1298,136,True
78,246,1162,1298,136,True
86,240,1162,1298,136,True
88,245,1162,1298,136,True
0,246,1163,1321,158,True
14,245,1163,1260,97,True
17,213,1163,1260,97,True
19,217,1163,1260,97,True
20,228,1163,1260,97,True
26,232,1163,1260,97,True
40,248,1163,1260,97,True
44,230,1163,1260,97,True
54,265,1163,1298,135,True
55,227,1163,1298,135,True
61,223,1163,1224,61,True
66,222,1163,1298,135,True
75,233,1163,1298,135,True
78,247,1163,1298,135,True
80,238,1163,1298,135,True
91,234,1163,1298,135,True
95,225,1163,1298,135,True
2,237,1164,1260,96,True
6,231,1164,1260,96,True
8,231,1164,1260,96,True
18,215,1164,1260,96,True
19,218,1164,1260,96,True
23,246,1164,1260,96,True
32,210,1164,1260,96,True
37,238,1164,1260,96,True
40,249,1164,1260,96,True
41,247,1164,1260,96,True
43,226,1164,1260,96,True
44,231,1164,1260,96,True
53,198,1164,1298,134,True
54,266,1164,1298,134,True
57,221,1164,1298,134,True
63,247,1164,1298,134,True
79,234,1164,1298,134,True
88,246,1164,1298,134,True
90,243,1164,1298,134,True
91,235,1164,1298,134,True
92,238,1164,1298,134,True
99,222,1164,1298,134,True
0,247,1165,1321,156,True
3,251,1165,1260,95,True
12,236,1165,1260,95,True
20,229,1165,1260,95,True
29,222,1165,1260,95,True
36,238,1165,1321,156,True
38,206,1165,1260,95,True
43,227,1165,1260,95,True
44,232,1165,1260,95,True
45,233,1165,1260,95,True
47,219,1165,1260,95,True
48,235,1165,1260,95,True
52,216,1165,,,False
58,234,1165,1298,133,True
63,248,1165,1298,133,True
68,248,1165,1298,133,True
70,239,1165,1298,133,True
71,232,1165,1298,133,True
78,248,1165,1298,133,True
82,232,1165,1298,133,True
85,221,1165,1298,133,True
90,244,1165,1298,133,True
93,224,1165,1298,133,True
0,248,1166,1321,155,True
20,230,1166,1260,94,True
24,221,1166,1260,94,True
33,218,1166,1260,94,True
34,226,1166,1260,94,True
39,228,1166,1260,94,True
47,220,1166,1260,94,True
50,238,1166,1298,132,True
55,228,1166,1298,132,True
59,240,1166,1298,132,True
60,247,1166,1298,132,True
64,236,1166,1298,132,True
67,242,1166,1298,132,True
72,227,1166,1298,132,True
73,242,1166,1298,132,True
88,247,1166,1298,132,True
89,216,1166,1298,132,True
93,225,1166,1298,132,True
96,223,1166,1298,132,True
98,216,1166,1298,132,True
99,223,1166,1298,132,True
0,249,1167,1321,154,True
3,252,1167,1260,93,True
6,232,1167,1260,93,True
21,212,1167,1260,93,True
22,254,1167,1260,93,True
24,222,1167,1260,93,True
25,245,1167,1260,93,True
31,243,1167,1260,93,True
36,239,1167,1321,154,True
41,248,1167,1260,93,True
42,248,1167,1260,93,True
47,221,1167,1260,93,True
55,229,1167,1298,131,True
64,237,1167,1298,131,True
75,234,1167,1298,131,True
76,248,1167,1298,131,True
77,243,1167,1298,131,True
79,235,1167,1298,131,True
83,224,1167,1298,131,True
90,245,1167,1298,131,True
92,239,1167,1298,131,True
7,241,1168,1260,92,True
29,223,1168,1260,92,True
37,239,1168,1260,92,True
43,228,1168,1260,92,True
50,239,1168,1298,130,True
60,248,1168,1298,130,True
65,249,1168,1298,130,True
69,244,1168,1298,130,True
71,233,1168,1298,130,True
79,236,1168,1298,130,True
84,229,1168,1298,130,True
85,222,1168,1298,130,True
87,228,1168,1298,130,True
95,226,1168,1298,130,True
0,250,1169,1321,152,True
3,253,1169,1260,91,True
7,242,1169,1260,91,True
12,237,1169,1260,91,True
15,233,1169,1260,91,True
20,231,1169,1260,91,True
21,213,1169,1260,91,True
24,223,1169,1260,91,True
27,243,1169,1260,91,True
31,244,1169,1260,91,True
37,240,1169,1260,91,True
44,233,1169,1260,91,True
51,233,1169,1298,129,True
61,224,1169,1224,55,True
63,249,1169,1298,129,True
70,240,1169,1298,129,True
72,228,1169,1298,129,True
74,230,1169,1298,129,True
89,217,1169,1298,129,True
90,246,1169,1298,129,True
93,226,1169,1298,129,True
99,224,1169,1298,129,True
5,240,1170,1260,90,True
11,223,1170,1260,90,True
16,237,1170,1260,90,True
18,216,1170,1260,90,True
25,246,1170,1260,90,True
37,241,1170,1260,90,True
40,250,1170,1260,90,True
42,249,1170,1260,90,True
44,234,1170,1260,90,True
48,236,1170,1260,90,True
65,250,1170,1298,128,True
76,249,1170,1298,128,True
78,249,1170,1298,128,True
86,241,1170,1298,128,True
89,218,1170,1298,128,True
99,225,1170,1298,128,True
6,233,1171,1260,89,True
12,238,1171,1260,89,True
14,246,1171,1260,89,True
22,255,1171,1260,89,True
30,244,1171,1260,89,True
31,245,1171,1260,89,True
33,219,1171,1260,89,True
34,227,1171,1260,89,True
38,207,1171,1260,89,True
42,250,1171,1260,89,True
48,237,1171,1260,89,True
51,234,1171,1298,127,True
57,222,1171,1298,127,True
63,250,1171,1298,127,True
68,249,1171,1298,127,True
82,233,1171,1298,127,True
83,225,1171,1298,127,True
88,248,1171,1298,127,True
2,238,1172,1260,88,True
5,241,1172,1260,88,True
9,233,1172,1260,88,True
18,217,1172,1260,88,True
19,219,1172,1260,88,True
44,235,1172,1260,88,True
48,238,1172,1260,88,True
52,217,1172,,,False
53,199,1172,1298,126,True
55,230,1172,1298,126,True
59,241,1172,1298,126,True
63,251,1172,1298,126,True
65,251,1172,1298,126,True
70,241,1172,1298,126,True
71,234,1172,1298,126,True
75,235,1172,1298,126,True
76,250,1172,1298,126,True
78,250,1172,1298,126,True
81,206,1172,1298,126,True
99,226,1172,1298,126,True
0,251,1173,1321,148,True
25,247,1173,1260,87,True
28,245,1173,1260,87,True
38,208,1173,1260,87,True
46,250,1173,1260,87,True
59,242,1173,1298,125,True
64,238,1173,1298,125,True
69,245,1173,1298,125,True
75,236,1173,1298,125,True
78,251,1173,1298,125,True
99,227,1173,1298,125,True
7,243,1174,1260,86,True
10,235,1174,1260,86,True
12,239,1174,1260,86,True
19,220,1174,1260,86,True
26,233,1174,1260,86,True
31,246,1174,1260,86,True
32,211,1174,1260,86,True
40,251,1174,1260,86,True
56,224,1174,1298,124,True
65,252,1174,1298,124,True
73,243,1174,1298,124,True
78,252,1174,1298,124,True
81,207,1174,1298,124,True
82,234,1174,1298,124,True
86,242,1174,1298,124,True
1,213,1175,1260,85,True
4,234,1175,1260,85,True
8,232,1175,1260,85,True
14,247,1175,1260,85,True
19,221,1175,1260,85,True
29,224,1175,1260,85,True
33,220,1175,1260,85,True
37,242,1175,1321,146,True
53,200,1175,1298,123,True
54,267,1175,1298,123,True
62,209,1175,1298,123,True
69,246,1175,1298,123,True
71,235,1175,1298,123,True
83,226,1175,1298,123,True
89,219,1175,1298,123,True
96,224,1175,1298,123,True
4,235,1176,1260,84,True
6,234,1176,1260,84,True
12,240,1176,1260,84,True
18,218,1176,1260,84,True
19,222,1176,1260,84,True
23,247,1176,1260,84,True
26,234,1176,1260,84,True
29,225,1176,1260,84,True
33,221,1176,1260,84,True
35,238,1176,1260,84,True
41,249,1176,1321,145,True
44,236,1176,1260,84,True
45,234,1176,1260,84,True
50,240,1176,1298,122,True
56,225,1176,1298,122,True
66,223,1176,1298,122,True
67,243,1176,1298,122,True
73,244,1176,1298,122,True
76,251,1176,1298,122,True
77,244,1176,1298,122,True
79,237,1176,1298,122,True
84,230,1176,1298,122,True
86,243,1176,1298,122,True
87,229,1176,1298,122,True
92,240,1176,1298,122,True
99,228,1176,1298,122,True
2,239,1177,1260,83,True
5,242,1177,1260,83,True
19,223,1177,1260,83,True
23,248,1177,1260,83,True
24,224,1177,1260,83,True
25,248,1177,1260,83,True
32,212,1177,1260,83,True
34,228,1177,1260,83,True
41,250,1177,1321,144,True
52,218,1177,,,False
55,231,1177,1298,121,True
60,249,1177,1298,121,True
70,242,1177,1298,121,True
75,237,1177,1298,121,True
80,239,1177,1298,121,True
81,208,1177,1298,121,True
99,229,1177,1298,121,True
1,214,1178,1260,82,True
3,254,1178,1260,82,True
9,234,1178,1260,82,True
15,234,1178,1260,82,True
20,232,1178,1260,82,True
21,214,1178,1260,82,True
22,256,1178,1260,82,True
29,226,1178,1260,82,True
32,213,1178,1260,82,True
49,247,1178,1260,82,True
50,241,1178,1298,120,True
52,219,1178,,,False
56,226,1178,1298,120,True
63,252,1178,1298,120,True
66,224,1178,1298,120,True
69,247,1178,1298,120,True
71,236,1178,1298,120,True
74,231,1178,1298,120,True
75,238,1178,1298,120,True
76,252,1178,1298,120,True
82,235,1178,1298,120,True
86,244,1178,1298,120,True
88,249,1178,1298,120,True
95,227,1178,1298,120,True
98,217,1178,1298,120,True
99,230,1178,1298,120,True
0,252,1179,1321,142,True
3,255,1179,1260,81,True
9,235,1179,1260,81,True
30,245,1179,1260,81,True
33,222,1179,1260,81,True
35,239,1179,1260,81,True
37,243,1179,1321,142,True
45,235,1179,1260,81,True
48,239,1179,1260,81,True
59,243,1179,1298,119,True
61,225,1179,1298,119,True
67,244,1179,1298,119,True
68,250,1179,1298,119,True
75,239,1179,1298,119,True
77,245,1179,1298,119,True
78,253,1179,1298,119,True
84,231,1179,1298,119,True
87,230,1179,1298,119,True
88,250,1179,1298,119,True
94,232,1179,1298,119,True
0,253,1180,1321,141,True
15,235,1180,1260,80,True
20,233,1180,1298,118,True
37,244,1180,1321,141,True
40,252,1180,1260,80,True
41,251,1180,1321,141,True
42,251,1180,1260,80,True
52,220,1180,,,False
54,268,1180,1298,118,True
56,227,1180,1298,118,True
63,253,1180,1298,118,True
67,245,1180,1298,118,True
71,237,1180,1298,118,True
72,229,1180,1298,118,True
77,246,1180,1298,118,True
83,227,1180,1298,118,True
89,220,1180,1298,118,True
91,236,1180,1298,118,True
92,241,1180,1298,118,True
96,225,1180,1298,118,True
97,222,1180,1298,118,True
2,240,1181,1260,79,True
8,233,1181,1260,79,True
10,236,1181,1260,79,True
24,225,1181,1260,79,True
25,249,1181,1260,79,True
26,235,1181,1260,79,True
27,244,1181,1260,79,True
31,247,1181,1260,79,True
32,214,1181,1260,79,True
36,240,1181,1321,140,True
37,245,1181,1321,140,True
38,209,1181,1260,79,True
40,253,1181,1260,79,True
41,252,1181,1321,140,True
42,252,1181,1260,79,True
43,229,1181,1260,79,True
46,251,1181,1260,79,True
49,248,1181,1260,79,True
56,228,1181,1298,117,True
62,210,1181,1298,117,True
64,239,1181,1298,117,True
74,232,1181,1298,117,True
83,228,1181,1298,117,True
96,226,1181,1298,117,True
98,218,1181,1298,117,True
0,254,1182,1321,139,True
3,256,1182,1260,78,True
5,243,1182,1260,78,True
9,236,1182,1260,78,True
10,237,1182,1260,78,True
18,219,1182,1260,78,True
21,215,1182,1260,78,True
22,257,1182,1260,78,True
40,254,1182,1260,78,True
42,253,1182,1260,78,True
43,230,1182,1260,78,True
47,222,1182,1321,139,True
52,221,1182,,,False
54,269,1182,1298,116,True
58,235,1182,1298,116,True
59,244,1182,1298,116,True
62,211,1182,1298,116,True
63,254,1182,1298,116,True
64,240,1182,1298,116,True
80,240,1182,1298,116,True
85,223,1182,1298,116,True
90,247,1182,1298,116,True
97,223,1182,1298,116,True
8,234,1183,1260,77,True
9,237,1183,1260,77,True
11,224,1183,1321,138,True
13,247,1183,1260,77,True
17,214,1183,1260,77,True
18,220,1183,1260,77,True
19,224,1183,1260,77,True
32,215,1183,1260,77,True
37,246,1183,1321,138,True
47,223,1183,1321,138,True
59,245,1183,1298,115,True
66,225,1183,1298,115,True
72,230,1183,1298,115,True
73,245,1183,1298,115,True
76,253,1183,1298,115,True
77,247,1183,1298,115,True
81,209,1183,1298,115,True
82,236,1183,1298,115,True
89,221,1183,1298,115,True
98,219,1183,1298,115,True
0,255,1184,1321,137,True
3,257,1184,1260,76,True
11,225,1184,1321,137,True
14,248,1184,1260,76,True
20,234,1184,1298,114,True
22,258,1184,1260,76,True
41,253,1184,1321,137,True
47,224,1184,1321,137,True
50,242,1184,1298,114,True
51,235,1184,1298,114,True
60,250,1184,1298,114,True
70,243,1184,1298,114,True
85,224,1184,1298,114,True
99,231,1184,1298,114,True
2,241,1185,1260,75,True
6,235,1185,1260,75,True
7,244,1185,1260,75,True
10,238,1185,1260,75,True
25,250,1185,1260,75,True
35,240,1185,1260,75,True
41,254,1185,1321,136,True
54,270,1185,1298,113,True
59,246,1185,1298,113,True
62,212,1185,1298,113,True
69,248,1185,1298,113,True
71,238,1185,1298,113,True
72,231,1185,1298,113,True
74,233,1185,1298,113,True
75,240,1185,1298,113,True
82,237,1185,1298,113,True
84,232,1185,1302,117,True
85,225,1185,1298,113,True
95,228,1185,1298,113,True
5,244,1186,1260,74,True
11,226,1186,1321,135,True
13,248,1186,1260,74,True
27,245,1186,1260,74,True
28,246,1186,1260,74,True
48,240,1186,1260,74,True
49,249,1186,1260,74,True
57,223,1186,1298,112,True
59,247,1186,1298,112,True
70,244,1186,1298,112,True
72,232,1186,1298,112,True
73,246,1186,1298,112,True
87,231,1186,1298,112,True
88,251,1186,1298,112,True
92,242,1186,1298,112,True
94,233,1186,1298,112,True
97,224,1186,1298,112,True
5,245,1187,1260,73,True
9,238,1187,1260,73,True
17,215,1187,1260,73,True
20,235,1187,1298,111,True
21,216,1187,1321,134,True
27,246,1187,1260,73,True
30,246,1187,1260,73,True
41,255,1187,1321,134,True
42,254,1187,1321,134,True
44,237,1187,1260,73,True
54,271,1187,1298,111,True
60,251,1187,1298,111,True
70,245,1187,1298,111,True
87,232,1187,1298,111,True
88,252,1187,1298,111,True
90,248,1187,1298,111,True
0,256,1188,1321,133,True
4,236,1188,1260,72,True
11,227,1188,1321,133,True
14,249,1188,1260,72,True
16,238,1188,1321,133,True
20,236,1188,1298,110,True
22,259,1188,1260,72,True
28,247,1188,1260,72,True
32,216,1188,1321,133,True
38,210,1188,1260,72,True
43,231,1188,1260,72,True
45,236,1188,1260,72,True
50,243,1188,1298,110,True
53,201,1188,1298,110,True
56,229,1188,1298,110,True
61,226,1188,1298,110,True
66,226,1188,1298,110,True
69,249,1188,1298,110,True
79,238,1188,1298,110,True
81,210,1188,1298,110,True
85,226,1188,1298,110,True
97,225,1188,1298,110,True
99,232,1188,1298,110,True
3,258,1189,1321,132,True
6,236,1189,1260,71,True
10,239,1189,1260,71,True
27,247,1189,1260,71,True
28,248,1189,1260,71,True
37,247,1189,1321,132,True
42,255,1189,1321,132,True
44,238,1189,1260,71,True
45,237,1189,1260,71,True
65,253,1189,1298,109,True
72,233,1189,1298,109,True
74,234,1189,1298,109,True
78,254,1189,1298,109,True
79,239,1189,1298,109,True
97,226,1189,1298,109,True
99,233,1189,1298,109,True
16,239,1190,1321,131,True
23,249,1190,1321,131,True
27,248,1190,1260,70,True
34,229,1190,1260,70,True
47,225,1190,1321,131,True
62,213,1190,1298,108,True
64,241,1190,1298,108,True
73,247,1190,1298,108,True
77,248,1190,1298,108,True
85,227,1190,1298,108,True
88,253,1190,1298,108,True
91,237,1190,1298,108,True
15,236,1191,1260,69,True
22,260,1191,1260,69,True
33,223,1191,1260,69,True
34,230,1191,1260,69,True
41,256,1191,1321,130,True
49,250,1191,1260,69,True
57,224,1191,1298,107,True
59,248,1191,1298,107,True
68,251,1191,1298,107,True
74,235,1191,1298,107,True
82,238,1191,1298,107,True
84,233,1191,1302,111,True
87,233,1191,1298,107,True
88,254,1191,1298,107,True
6,237,1192,1260,68,True
8,235,1192,1321,129,True
16,240,1192,1321,129,True
21,217,1192,1321,129,True
22,261,1192,1260,68,True
31,248,1192,1260,68,True
34,231,1192,1260,68,True
37,248,1192,1321,129,True
41,257,1192,1321,129,True
42,256,1192,1321,129,True
48,241,1192,1260,68,True
54,272,1192,1298,106,True
57,225,1192,1298,106,True
59,249,1192,1298,106,True
66,227,1192,1298,106,True
69,250,1192,1298,106,True
75,241,1192,1298,106,True
82,239,1192,1298,106,True
94,234,1192,1298,106,True
95,229,1192,1298,106,True
4,237,1193,1260,67,True
6,238,1193,1260,67,True
15,237,1193,1260,67,True
18,221,1193,1260,67,True
19,225,1193,1260,67,True
35,241,1193,1260,67,True
48,242,1193,1260,67,True
55,232,1193,1298,105,True
57,226,1193,1298,105,True
62,214,1193,1298,105,True
65,254,1193,1298,105,True
67,246,1193,1298,105,True
68,252,1193,1298,105,True
74,236,1193,1298,105,True
82,240,1193,1298,105,True
90,249,1193,1298,105,True
96,227,1193,1298,105,True
99,234,1193,1298,105,True
4,238,1194,1321,127,True
7,245,1194,1260,66,True
10,240,1194,1260,66,True
13,249,1194,1260,66,True
14,250,1194,1321,127,True
17,216,1194,1260,66,True
29,227,1194,1321,127,True
36,241,1194,1321,127,True
38,211,1194,1321,127,True
73,248,1194,1298,104,True
74,237,1194,1298,104,True
78,255,1194,1298,104,True
81,211,1194,1298,104,True
91,238,1194,1298,104,True
14,251,1195,1321,126,True
16,241,1195,1321,126,True
23,250,1195,1321,126,True
29,228,1195,1321,126,True
31,249,1195,1260,65,True
34,232,1195,1260,65,True
36,242,1195,1321,126,True
38,212,1195,1321,126,True
48,243,1195,1260,65,True
51,236,1195,1298,103,True
62,215,1195,1298,103,True
63,255,1195,1298,103,True
66,228,1195,1298,103,True
68,253,1195,1298,103,True
70,246,1195,1298,103,True
76,254,1195,1298,103,True
78,256,1195,1298,103,True
79,240,1195,1298,103,True
81,212,1195,1298,103,True
84,234,1195,1302,107,True
87,234,1195,1298,103,True
91,239,1195,1298,103,True
97,227,1195,1298,103,True
99,235,1195,1298,103,True
1,215,1196,1321,125,True
3,259,1196,1321,125,True
22,262,1196,1260,64,True
25,251,1196,1260,64,True
28,249,1196,1321,125,True
31,250,1196,1260,64,True
36,243,1196,1321,125,True
47,226,1196,1321,125,True
50,244,1196,1298,102,True
51,237,1196,1298,102,True
53,202,1196,1298,102,True
54,273,1196,1298,102,True
55,233,1196,1298,102,True
57,227,1196,1298,102,True
59,250,1196,1298,102,True
62,216,1196,1298,102,True
65,255,1196,1298,102,True
75,242,1196,1298,102,True
79,241,1196,1298,102,True
82,241,1196,1298,102,True
94,235,1196,1311,115,True
99,236,1196,1298,102,True
0,257,1197,1321,124,True
8,236,1197,1321,124,True
11,228,1197,1321,124,True
12,241,1197,1321,124,True
22,263,1197,1260,63,True
25,252,1197,1321,124,True
47,227,1197,1321,124,True
55,234,1197,1298,101,True
56,230,1197,1298,101,True
60,252,1197,1298,101,True
68,254,1197,1298,101,True
69,251,1197,1298,101,True
74,238,1197,1298,101,True
76,255,1197,1298,101,True
79,242,1197,1298,101,True
80,241,1197,1298,101,True
97,228,1197,1298,101,True
1,216,1198,1321,123,True
12,242,1198,1321,123,True
13,250,1198,1260,62,True
18,222,1198,1260,62,True
22,264,1198,1260,62,True
33,224,1198,1321,123,True
43,232,1198,1321,123,True
46,252,1198,1321,123,True
51,238,1198,1298,100,True
53,203,1198,1298,100,True
55,235,1198,1298,100,True
56,231,1198,1298,100,True
71,239,1198,1298,100,True
76,256,1198,1298,100,True
84,235,1198,1302,104,True
86,245,1198,1298,100,True
89,222,1198,1298,100,True
90,250,1198,1298,100,True
2,242,1199,1260,61,True
8,237,1199,1321,122,True
11,229,1199,1321,122,True
13,251,1199,1260,61,True
22,265,1199,1260,61,True
25,253,1199,1321,122,True
26,236,1199,1321,122,True
43,233,1199,1321,122,True
44,239,1199,1321,122,True
46,253,1199,1321,122,True
47,228,1199,1321,122,True
49,251,1199,1321,122,True
55,236,1199,1298,99,True
58,236,1199,1298,99,True
66,229,1199,1298,99,True
68,255,1199,1298,99,True
70,247,1199,1298,99,True
77,249,1199,1298,99,True
87,235,1199,1298,99,True
89,223,1199,1298,99,True
90,251,1199,1298,99,True
95,230,1199,1298,99,True
97,229,1199,1298,99,True
20,237,1200,1298,98,True
29,229,1200,1321,121,True
40,255,1200,1260,60,True
41,258,1200,1321,121,True
54,274,1200,1298,98,True
55,237,1200,1298,98,True
62,217,1200,1298,98,True
64,242,1200,1298,98,True
70,248,1200,1298,98,True
74,239,1200,1298,98,True
77,250,1200,1298,98,True
82,242,1200,1298,98,True
89,224,1200,1298,98,True
93,227,1200,1302,102,True
3,260,1201,1321,120,True
15,238,1201,1260,59,True
16,242,1201,1321,120,True
26,237,1201,1321,120,True
28,250,1201,1321,120,True
41,259,1201,1321,120,True
47,229,1201,1321,120,True
49,252,1201,1321,120,True
53,204,1201,1298,97,True
54,275,1201,1298,97,True
60,253,1201,1298,97,True
70,249,1201,1298,97,True
71,240,1201,1298,97,True
72,234,1201,1298,97,True
74,240,1201,1298,97,True
79,243,1201,1298,97,True
90,252,1201,1298,97,True
4,239,1202,1321,119,True
6,239,1202,1260,58,True
13,252,1202,1260,58,True
15,239,1202,1260,58,True
30,247,1202,1345,143,True
31,251,1202,1260,58,True
32,217,1202,1321,119,True
38,213,1202,1321,119,True
43,234,1202,1321,119,True
50,245,1202,1298,96,True
54,276,1202,1298,96,True
59,251,1202,1298,96,True
63,256,1202,1298,96,True
64,243,1202,1298,96,True
65,256,1202,1298,96,True
69,252,1202,1298,96,True
70,250,1202,1298,96,True
76,257,1202,1298,96,True
78,257,1202,1298,96,True
86,246,1202,1298,96,True
90,253,1202,1298,96,True
93,228,1202,1302,100,True
95,231,1202,1298,96,True
98,220,1202,1298,96,True
1,217,1203,1321,118,True
2,243,1203,1260,57,True
3,261,1203,1321,118,True
11,230,1203,1321,118,True
12,243,1203,1321,118,True
14,252,1203,1321,118,True
18,223,1203,1260,57,True
21,218,1203,1321,118,True
23,251,1203,1321,118,True
31,252,1203,1260,57,True
32,218,1203,1321,118,True
53,205,1203,1298,95,True
56,232,1203,1298,95,True
58,237,1203,1298,95,True
63,257,1203,1298,95,True
64,244,1203,1298,95,True
72,235,1203,1298,95,True
80,242,1203,1298,95,True
82,243,1203,1298,95,True
85,228,1203,1298,95,True
87,236,1203,1298,95,True
90,254,1203,1298,95,True
95,232,1203,1298,95,True
0,258,1204,1321,117,True
12,244,1204,1321,117,True
19,226,1204,1260,56,True
23,252,1204,1321,117,True
38,214,1204,1321,117,True
43,235,1204,1321,117,True
49,253,1204,1321,117,True
53,206,1204,1298,94,True
60,254,1204,1298,94,True
62,218,1204,1302,98,True
64,245,1204,1298,94,True
67,247,1204,1298,94,True
69,253,1204,1298,94,True
77,251,1204,1298,94,True
79,244,1204,1298,94,True
80,243,1204,1298,94,True
87,237,1204,1298,94,True
89,225,1204,1298,94,True
92,243,1204,1298,94,True
94,236,1204,1311,107,True
95,233,1204,1298,94,True
99,237,1204,1298,94,True
1,218,1205,1321,116,True
2,244,1205,1260,55,True
11,231,1205,1321,116,True
22,266,1205,1260,55,True
23,253,1205,1321,116,True
24,226,1205,1260,55,True
26,238,1205,1321,116,True
32,219,1205,1321,116,True
33,225,1205,1321,116,True
41,260,1205,1321,116,True
47,230,1205,1321,116,True
49,254,1205,1321,116,True
51,239,1205,1298,93,True
52,222,1205,,,False
54,277,1205,1298,93,True
59,252,1205,1298,93,True
66,230,1205,1298,93,True
68,256,1205,1298,93,True
70,251,1205,1298,93,True
72,236,1205,1298,93,True
76,258,1205,1298,93,True
86,247,1205,1298,93,True
91,240,1205,1298,93,True
92,244,1205,1298,93,True
93,229,1205,1302,97,True
97,230,1205,1298,93,True
99,238,1205,1298,93,True
10,241,1206,1321,115,True
11,232,1206,1321,115,True
12,245,1206,1321,115,True
14,253,1206,1321,115,True
15,240,1206,1260,54,True
20,238,1206,1298,92,True
22,267,1206,1260,54,True
23,254,1206,1321,115,True
24,227,1206,1321,115,True
26,239,1206,1321,115,True
29,230,1206,1321,115,True
30,248,1206,1345,139,True
42,257,1206,1321,115,True
45,238,1206,1270,64,True
52,223,1206,,,False
54,278,1206,1298,92,True
55,238,1206,1298,92,True
64,246,1206,1298,92,True
71,241,1206,1298,92,True
77,252,1206,1298,92,True
82,244,1206,1298,92,True
85,229,1206,1298,92,True
0,259,1207,1321,114,True
1,219,1207,1321,114,True
17,217,1207,1321,114,True
19,227,1207,1260,53,True
20,239,1207,1298,91,True
31,253,1207,1260,53,True
32,220,1207,1321,114,True
35,242,1207,1260,53,True
36,244,1207,1321,114,True
39,229,1207,1321,114,True
44,240,1207,1321,114,True
46,254,1207,1321,114,True
56,233,1207,1298,91,True
62,219,1207,1302,95,True
65,257,1207,1298,91,True
67,248,1207,1298,91,True
73,249,1207,1298,91,True
75,243,1207,1298,91,True
78,258,1207,1298,91,True
85,230,1207,1298,91,True
94,237,1207,1311,104,True
96,228,1207,1298,91,True
0,260,1208,1321,113,True
4,240,1208,1321,113,True
5,246,1208,1321,113,True
8,238,1208,1321,113,True
18,224,1208,1260,52,True
21,219,1208,1321,113,True
26,240,1208,1321,113,True
33,226,1208,1321,113,True
34,233,1208,1260,52,True
40,256,1208,1321,113,True
56,234,1208,1298,90,True
59,253,1208,1298,90,True
62,220,1208,1302,94,True
63,258,1208,1298,90,True
65,258,1208,1298,90,True
70,252,1208,1298,90,True
80,244,1208,1298,90,True
83,229,1208,1298,90,True
86,248,1208,1298,90,True
93,230,1208,1302,94,True
97,231,1208,1298,90,True
0,261,1209,1321,112,True
15,241,1209,1260,51,True
18,225,1209,1260,51,True
25,254,1209,1321,112,True
26,241,1209,1321,112,True
39,230,1209,1321,112,True
45,239,1209,1270,61,True
54,279,1209,1298,89,True
60,255,1209,1298,89,True
67,249,1209,1298,89,True
88,255,1209,1357,148,True
93,231,1209,1302,93,True
98,221,1209,1298,89,True
7,246,1210,1260,50,True
9,239,1210,1260,50,True
20,240,1210,1298,88,True
25,255,1210,1321,111,True
27,249,1210,1321,111,True
28,251,1210,1321,111,True
31,254,1210,1260,50,True
32,221,1210,1321,111,True
33,227,1210,1321,111,True
38,215,1210,1321,111,True
41,261,1210,1321,111,True
60,256,1210,1298,88,True
62,221,1210,1302,92,True
64,247,1210,1298,88,True
72,237,1210,1298,88,True
77,253,1210,1298,88,True
81,213,1210,1298,88,True
82,245,1210,1298,88,True
93,232,1210,1302,92,True
98,222,1210,1298,88,True
1,220,1211,1321,110,True
25,256,1211,1321,110,True
26,242,1211,1321,110,True
31,255,1211,1260,49,True
35,243,1211,1260,49,True
36,245,1211,1321,110,True
40,257,1211,1321,110,True
44,241,1211,1321,110,True
51,240,1211,1298,87,True
68,257,1211,1298,87,True
79,245,1211,1298,87,True
80,245,1211,1298,87,True
86,249,1211,1298,87,True
89,226,1211,1298,87,True
0,262,1212,1321,109,True
1,221,1212,1321,109,True
2,245,1212,1260,48,True
3,262,1212,1321,109,True
12,246,1212,1321,109,True
19,228,1212,1321,109,True
23,255,1212,1321,109,True
30,249,1212,1345,133,True
35,244,1212,1260,48,True
45,240,1212,1270,58,True
47,231,1212,1321,109,True
56,235,1212,1298,86,True
58,238,1212,1298,86,True
69,254,1212,1298,86,True
76,259,1212,1298,86,True
79,246,1212,1298,86,True
82,246,1212,1298,86,True
88,256,1212,1357,145,True
97,232,1212,1298,86,True
10,242,1213,1321,108,True
11,233,1213,1321,108,True
12,247,1213,1321,108,True
15,242,1213,1260,47,True
16,243,1213,1321,108,True
26,243,1213,1321,108,True
27,250,1213,1321,108,True
30,250,1213,1345,132,True
31,256,1213,1260,47,True
39,231,1213,1321,108,True
41,262,1213,1321,108,True
44,242,1213,1321,108,True
45,241,1213,1270,57,True
54,280,1213,1302,89,True
62,222,1213,1302,89,True
67,250,1213,1298,85,True
73,250,1213,1298,85,True
78,259,1213,1302,89,True
81,214,1213,1298,85,True
82,247,1213,1298,85,True
86,250,1213,1298,85,True
10,243,1214,1321,107,True
20,241,1214,1298,84,True
22,268,1214,1321,107,True
34,234,1214,1260,46,True
42,258,1214,1321,107,True
52,224,1214,,,False
55,239,1214,1298,84,True
56,236,1214,1298,84,True
59,254,1214,1298,84,True
62,223,1214,1302,88,True
70,253,1214,1321,107,True
72,238,1214,1298,84,True
75,244,1214,1298,84,True
83,230,1214,1298,84,True
85,231,1214,1298,84,True
98,223,1214,1298,84,True
99,239,1214,1298,84,True
2,246,1215,1260,45,True
5,247,1215,1321,106,True
9,240,1215,1321,106,True
11,234,1215,1321,106,True
25,257,1215,1321,106,True
26,244,1215,1321,106,True
38,216,1215,1321,106,True
41,263,1215,1321,106,True
45,242,1215,1270,55,True
46,255,1215,1321,106,True
48,244,1215,1321,106,True
50,246,1215,1298,83,True
51,241,1215,1298,83,True
55,240,1215,1298,83,True
62,224,1215,1302,87,True
64,248,1215,1321,106,True
69,255,1215,1298,83,True
71,242,1215,1302,87,True
72,239,1215,1298,83,True
77,254,1215,1298,83,True
79,247,1215,1298,83,True
83,231,1215,1298,83,True
84,236,1215,1302,87,True
93,233,1215,1302,87,True
95,234,1215,1298,83,True
96,229,1215,1298,83,True
2,247,1216,1260,44,True
13,253,1216,1321,105,True
16,244,1216,1321,105,True
18,226,1216,1321,105,True
20,242,1216,1298,82,True
30,251,1216,1345,129,True
33,228,1216,1321,105,True
40,258,1216,1321,105,True
52,225,1216,,,False
69,256,1216,1298,82,True
71,243,1216,1302,86,True
73,251,1216,1298,82,True
76,260,1216,1298,82,True
78,260,1216,1302,86,True
0,263,1217,1321,104,True
7,247,1217,1260,43,True
8,239,1217,1321,104,True
9,241,1217,1321,104,True
14,254,1217,1321,104,True
21,220,1217,1321,104,True
26,245,1217,1321,104,True
30,252,1217,1345,128,True
31,257,1217,1260,43,True
36,246,1217,1321,104,True
37,249,1217,1321,104,True
41,264,1217,1321,104,True
52,226,1217,,,False
54,281,1217,1302,85,True
55,241,1217,1298,81,True
58,239,1217,1302,85,True
69,257,1217,1298,81,True
73,252,1217,1298,81,True
76,261,1217,1298,81,True
88,257,1217,1357,140,True
89,227,1217,1298,81,True
93,234,1217,1302,85,True
94,238,1217,1311,94,True
96,230,1217,1298,81,True
6,240,1218,1321,103,True
12,248,1218,1321,103,True
18,227,1218,1321,103,True
30,253,1218,1345,127,True
33,229,1218,1321,103,True
51,242,1218,1298,80,True
52,227,1218,,,False
53,207,1218,1380,162,True
55,242,1218,1298,80,True
58,240,1218,1302,84,True
61,227,1218,1298,80,True
64,249,1218,1321,103,True
66,231,1218,1298,80,True
69,258,1218,1298,80,True
72,240,1218,1298,80,True
74,241,1218,1302,84,True
82,248,1218,1298,80,True
83,232,1218,1298,80,True
89,228,1218,1298,80,True
0,264,1219,1321,102,True
2,248,1219,1260,41,True
4,241,1219,1321,102,True
6,241,1219,1321,102,True
8,240,1219,1321,102,True
11,235,1219,1321,102,True
27,251,1219,1321,102,True
41,265,1219,1321,102,True
44,243,1219,1321,102,True
58,241,1219,1302,83,True
66,232,1219,1298,79,True
79,248,1219,1298,79,True
81,215,1219,1302,83,True
83,233,1219,1298,79,True
85,232,1219,1298,79,True
89,229,1219,1298,79,True
95,235,1219,1298,79,True
0,265,1220,1321,101,True
2,249,1220,1260,40,True
3,263,1220,1321,101,True
4,242,1220,1321,101,True
9,242,1220,1321,101,True
10,244,1220,1321,101,True
12,249,1220,1321,101,True
14,255,1220,1321,101,True
26,246,1220,1321,101,True
47,232,1220,1321,101,True
53,208,1220,1380,160,True
61,228,1220,1298,78,True
82,249,1220,1298,78,True
83,234,1220,1298,78,True
85,233,1220,1298,78,True
87,238,1220,1302,82,True
93,235,1220,1302,82,True
0,266,1221,1321,100,True
5,248,1221,1321,100,True
19,229,1221,1321,100,True
33,230,1221,1321,100,True
38,217,1221,1321,100,True
45,243,1221,1270,49,True
47,233,1221,1321,100,True
48,245,1221,1321,100,True
49,255,1221,1321,100,True
50,247,1221,1298,77,True
52,228,1221,,,False
56,237,1221,1298,77,True
61,229,1221,1298,77,True
63,259,1221,1298,77,True
65,259,1221,1298,77,True
70,254,1221,1321,100,True
80,246,1221,1298,77,True
82,250,1221,1298,77,True
84,237,1221,1302,81,True
85,234,1221,1298,77,True
87,239,1221,1302,81,True
92,245,1221,1298,77,True
0,267,1222,1321,99,True
1,222,1222,1321,99,True
5,249,1222,1321,99,True
6,242,1222,1321,99,True
7,248,1222,1321,99,True
8,241,1222,1321,99,True
21,221,1222,1321,99,True
22,269,1222,1321,99,True
26,247,1222,1321,99,True
27,252,1222,1321,99,True
34,235,1222,1321,99,True
40,259,1222,1321,99,True
51,243,1222,1298,76,True
56,238,1222,1298,76,True
74,242,1222,1302,80,True
76,262,1222,1298,76,True
83,235,1222,1298,76,True
86,251,1222,1298,76,True
89,230,1222,1302,80,True
95,236,1222,1298,76,True
1,223,1223,1321,98,True
2,250,1223,1321,98,True
4,243,1223,1321,98,True
5,250,1223,1321,98,True
14,256,1223,1321,98,True
22,270,1223,1321,98,True
25,258,1223,1321,98,True
26,248,1223,1321,98,True
29,231,1223,1321,98,True
39,232,1223,1321,98,True
42,259,1223,1321,98,True
49,256,1223,1321,98,True
57,228,1223,1298,75,True
58,242,1223,1302,79,True
59,255,1223,1298,75,True
64,250,1223,1321,98,True
68,258,1223,1298,75,True
75,245,1223,1298,75,True
76,263,1223,1298,75,True
77,255,1223,1302,79,True
85,235,1223,1298,75,True
87,240,1223,1302,79,True
95,237,1223,1298,75,True
1,224,1224,1321,97,True
8,242,1224,1321,97,True
11,236,1224,1321,97,True
23,256,1224,1321,97,True
25,259,1224,1321,97,True
27,253,1224,1321,97,True
28,252,1224,1321,97,True
33,231,1224,1321,97,True
40,260,1224,1321,97,True
46,256,1224,1321,97,True
47,234,1224,1321,97,True
51,244,1224,1298,74,True
55,243,1224,1380,156,True
65,260,1224,1298,74,True
67,251,1224,1298,74,True
68,259,1224,1298,74,True
76,264,1224,1298,74,True
81,216,1224,1302,78,True
92,246,1224,1298,74,True
95,238,1224,1298,74,True
98,224,1224,1298,74,True
6,243,1225,1321,96,True
16,245,1225,1321,96,True
30,254,1225,1345,120,True
36,247,1225,1321,96,True
37,250,1225,1321,96,True
41,266,1225,1321,96,True
55,244,1225,1380,155,True
56,239,1225,1302,77,True
57,229,1225,1298,73,True
60,257,1225,1298,73,True
61,230,1225,1298,73,True
69,259,1225,1302,77,True
73,253,1225,1298,73,True
75,246,1225,1302,77,True
84,238,1225,1302,77,True
92,247,1225,1298,73,True
96,231,1225,1298,73,True
98,225,1225,1298,73,True
99,240,1225,1298,73,True
1,225,1226,1321,95,True
10,245,1226,1321,95,True
18,228,1226,1321,95,True
23,257,1226,1321,95,True
24,228,1226,1321,95,True
29,232,1226,1321,95,True
33,232,1226,1321,95,True
34,236,1226,1321,95,True
41,267,1226,1321,95,True
50,248,1226,1298,72,True
56,240,1226,1302,76,True
62,225,1226,1302,76,True
67,252,1226,1298,72,True
68,260,1226,1298,72,True
69,260,1226,1302,76,True
76,265,1226,1298,72,True
77,256,1226,1302,76,True
80,247,1226,1298,72,True
87,241,1226,1302,76,True
93,236,1226,1380,154,True
94,239,1226,1311,85,True
2,251,1227,1321,94,True
4,244,1227,1321,94,True
12,250,1227,1321,94,True
17,218,1227,1321,94,True
19,230,1227,1321,94,True
22,271,1227,1321,94,True
25,260,1227,1321,94,True
27,254,1227,1321,94,True
32,222,1227,1321,94,True
34,237,1227,1321,94,True
39,233,1227,1321,94,True
43,236,1227,1321,94,True
51,245,1227,1298,71,True
59,256,1227,1302,75,True
64,251,1227,1321,94,True
73,254,1227,1298,71,True
82,251,1227,1298,71,True
83,236,1227,1298,71,True
90,255,1227,1298,71,True
92,248,1227,1298,71,True
95,239,1227,1298,71,True
96,232,1227,1298,71,True
8,243,1228,1321,93,True
9,243,1228,1321,93,True
11,237,1228,1321,93,True
16,246,1228,1321,93,True
26,249,1228,1321,93,True
42,260,1228,1321,93,True
49,257,1228,1321,93,True
51,246,1228,1298,70,True
54,282,1228,1302,74,True
56,241,1228,1302,74,True
58,243,1228,1302,74,True
59,257,1228,1302,74,True
61,231,1228,1298,70,True
62,226,1228,1302,74,True
67,253,1228,1298,70,True
68,261,1228,1298,70,True
77,257,1228,1302,74,True
78,261,1228,1302,74,True
81,217,1228,1302,74,True
92,249,1228,1298,70,True
94,240,1228,1311,83,True
95,240,1228,1298,70,True
5,251,1229,1321,92,True
8,244,1229,1321,92,True
9,244,1229,1321,92,True
10,246,1229,1321,92,True
11,238,1229,1321,92,True
13,254,1229,1321,92,True
16,247,1229,1321,92,True
18,229,1229,1321,92,True
26,250,1229,1321,92,True
31,258,1229,1321,92,True
46,257,1229,1321,92,True
50,249,1229,1298,69,True
55,245,1229,1380,151,True
57,230,1229,1321,92,True
61,232,1229,1298,69,True
65,261,1229,1298,69,True
70,255,1229,1321,92,True
82,252,1229,1298,69,True
89,231,1229,1357,128,True
93,237,1229,1380,151,True
0,268,1230,1321,91,True
1,226,1230,1321,91,True
20,243,1230,1321,91,True
23,258,1230,1321,91,True
29,233,1230,1321,91,True
30,255,1230,1345,115,True
33,233,1230,1321,91,True
41,268,1230,1321,91,True
45,244,1230,1345,115,True
46,258,1230,1321,91,True
51,247,1230,1298,68,True
57,231,1230,1321,91,True
66,233,1230,1298,68,True
74,243,1230,1302,72,True
80,248,1230,1298,68,True
82,253,1230,1380,150,True
83,237,1230,1298,68,True
86,252,1230,1298,68,True
90,256,1230,1298,68,True
94,241,1230,1311,81,True
96,233,1230,1302,72,True
98,226,1230,1298,68,True
0,269,1231,1321,90,True
1,227,1231,1321,90,True
10,247,1231,1321,90,True
13,255,1231,1321,90,True
14,257,1231,1321,90,True
21,222,1231,1321,90,True
22,272,1231,1321,90,True
24,229,1231,1321,90,True
32,223,1231,1321,90,True
33,234,1231,1321,90,True
38,218,1231,1321,90,True
40,261,1231,1321,90,True
41,269,1231,1321,90,True
42,261,1231,1321,90,True
46,259,1231,1321,90,True
51,248,1231,1298,67,True
58,244,1231,1302,71,True
61,233,1231,1298,67,True
63,260,1231,1380,149,True
75,247,1231,1302,71,True
81,218,1231,1302,71,True
92,250,1231,1302,71,True
97,233,1231,1298,67,True
1,228,1232,1321,89,True
6,244,1232,1321,89,True
7,249,1232,1387,155,True
8,245,1232,1321,89,True
9,245,1232,1321,89,True
14,258,1232,1321,89,True
23,259,1232,1321,89,True
25,261,1232,1321,89,True
36,248,1232,1321,89,True
43,237,1232,1321,89,True
46,260,1232,1321,89,True
47,235,1232,1321,89,True
61,234,1232,1298,66,True
63,261,1232,1380,148,True
65,262,1232,1298,66,True
66,234,1232,1298,66,True
67,254,1232,1298,66,True
71,244,1232,1302,70,True
77,258,1232,1302,70,True
78,262,1232,1302,70,True
79,249,1232,1298,66,True
85,236,1232,1302,70,True
92,251,1232,1302,70,True
99,241,1232,1302,70,True
2,252,1233,1321,88,True
3,264,1233,1321,88,True
6,245,1233,1321,88,True
9,246,1233,1321,88,True
14,259,1233,1321,88,True
15,243,1233,1321,88,True
19,231,1233,1321,88,True
23,260,1233,1321,88,True
32,224,1233,1321,88,True
34,238,1233,1321,88,True
42,262,1233,1321,88,True
69,261,1233,1302,69,True
71,245,1233,1302,69,True
73,255,1233,1298,65,True
75,248,1233,1302,69,True
83,238,1233,1298,65,True
85,237,1233,1302,69,True
86,253,1233,1298,65,True
99,242,1233,1302,69,True
3,265,1234,1321,87,True
6,246,1234,1321,87,True
8,246,1234,1321,87,True
9,247,1234,1321,87,True
13,256,1234,1321,87,True
14,260,1234,1321,87,True
25,262,1234,1321,87,True
29,234,1234,1321,87,True
31,259,1234,1321,87,True
39,234,1234,1321,87,True
40,262,1234,1321,87,True
41,270,1234,1321,87,True
53,209,1234,1380,146,True
58,245,1234,1302,68,True
61,235,1234,1321,87,True
63,262,1234,1380,146,True
79,250,1234,1298,64,True
86,254,1234,1298,64,True
91,241,1234,1298,64,True
93,238,1234,1380,146,True
97,234,1234,1298,64,True
2,253,1235,1321,86,True
6,247,1235,1321,86,True
12,251,1235,1387,152,True
13,257,1235,1321,86,True
14,261,1235,1321,86,True
16,248,1235,1321,86,True
21,223,1235,1321,86,True
22,273,1235,1321,86,True
27,255,1235,1321,86,True
35,245,1235,1345,110,True
37,251,1235,1321,86,True
43,238,1235,1321,86,True
46,261,1235,1321,86,True
47,236,1235,1321,86,True
50,250,1235,1298,63,True
52,229,1235,,,False
53,210,1235,1380,145,True
54,283,1235,1302,67,True
74,244,1235,1302,67,True
77,259,1235,1302,67,True
78,263,1235,1302,67,True
80,249,1235,1298,63,True
87,242,1235,1302,67,True
95,241,1235,1298,63,True
98,227,1235,1298,63,True
6,248,1236,1321,85,True
11,239,1236,1321,85,True
12,252,1236,1387,151,True
20,244,1236,1321,85,True
21,224,1236,1321,85,True
23,261,1236,1321,85,True
25,263,1236,1321,85,True
33,235,1236,1321,85,True
34,239,1236,1345,109,True
35,246,1236,1345,109,True
40,263,1236,1321,85,True
42,263,1236,1321,85,True
45,245,1236,1345,109,True
51,249,1236,1298,62,True
54,284,1236,1302,66,True
70,256,1236,1321,85,True
71,246,1236,1302,66,True
81,219,1236,1302,66,True
84,239,1236,1302,66,True
87,243,1236,1302,66,True
88,258,1236,1357,121,True
91,242,1236,1298,62,True
99,243,1236,1302,66,True
9,248,1237,1321,84,True
24,230,1237,1321,84,True
31,260,1237,1321,84,True
33,236,1237,1321,84,True
39,235,1237,1321,84,True
44,244,1237,1321,84,True
47,237,1237,1321,84,True
49,258,1237,1321,84,True
52,230,1237,,,False
54,285,1237,1302,65,True
56,242,1237,1302,65,True
68,262,1237,1298,61,True
73,256,1237,1298,61,True
74,245,1237,1302,65,True
80,250,1237,1298,61,True
83,239,1237,1298,61,True
86,255,1237,1298,61,True
95,242,1237,1298,61,True
99,244,1237,1302,65,True
10,248,1238,1321,83,True
11,240,1238,1321,83,True
13,258,1238,1321,83,True
19,232,1238,1321,83,True
20,245,1238,1345,107,True
30,256,1238,1345,107,True
31,261,1238,1321,83,True
32,225,1238,1321,83,True
35,247,1238,1345,107,True
39,236,1238,1321,83,True
40,264,1238,1321,83,True
42,264,1238,1321,83,True
43,239,1238,1321,83,True
46,262,1238,1321,83,True
54,286,1238,1302,64,True
69,262,1238,1302,64,True
72,241,1238,1298,60,True
74,246,1238,1302,64,True
94,242,1238,1311,73,True
95,243,1238,1298,60,True
7,250,1239,1387,148,True
9,249,1239,1321,82,True
14,262,1239,1321,82,True
19,233,1239,1321,82,True
27,256,1239,1321,82,True
42,265,1239,1321,82,True
44,245,1239,1321,82,True
56,243,1239,1302,63,True
61,236,1239,1321,82,True
78,264,1239,1302,63,True
79,251,1239,1298,59,True
83,240,1239,1298,59,True
87,244,1239,1302,63,True
92,252,1239,1302,63,True
98,228,1239,1298,59,True
0,270,1240,1321,81,True
5,252,1240,1321,81,True
8,247,1240,1321,81,True
10,249,1240,1321,81,True
11,241,1240,1321,81,True
19,234,1240,1321,81,True
23,262,1240,1321,81,True
28,253,1240,1321,81,True
34,240,1240,1345,105,True
39,237,1240,1321,81,True
46,263,1240,1321,81,True
47,238,1240,1321,81,True
48,246,1240,1321,81,True
55,246,1240,1380,140,True
59,258,1240,1302,62,True
61,237,1240,1321,81,True
62,227,1240,1302,62,True
66,235,1240,1298,58,True
67,255,1240,1302,62,True
73,257,1240,1298,58,True
8,248,1241,1321,80,True
11,242,1241,1321,80,True
14,263,1241,1321,80,True
29,235,1241,1321,80,True
39,238,1241,1321,80,True
43,240,1241,1321,80,True
46,264,1241,1321,80,True
61,238,1241,1321,80,True
63,263,1241,1380,139,True
70,257,1241,1321,80,True
71,247,1241,1302,61,True
75,249,1241,1302,61,True
77,260,1241,1302,61,True
78,265,1241,1302,61,True
83,241,1241,1298,57,True
84,240,1241,1302,61,True
89,232,1241,1357,116,True
95,244,1241,1298,57,True
97,235,1241,1298,57,True
3,266,1242,1321,79,True
4,245,1242,1321,79,True
6,249,1242,1321,79,True
9,250,1242,1321,79,True
12,253,1242,1387,145,True
16,249,1242,1321,79,True
17,219,1242,1387,145,True
21,225,1242,1321,79,True
31,262,1242,1321,79,True
34,241,1242,1345,103,True
35,248,1242,1345,103,True
37,252,1242,1321,79,True
52,231,1242,,,False
58,246,1242,1302,60,True
61,239,1242,1321,79,True
66,236,1242,1298,56,True
77,261,1242,1302,60,True
89,233,1242,1357,115,True
99,245,1242,1302,60,True
0,271,1243,1321,78,True
4,246,1243,1321,78,True
6,250,1243,1321,78,True
8,249,1243,1321,78,True
10,250,1243,1321,78,True
16,250,1243,1321,78,True
19,235,1243,1321,78,True
21,226,1243,1321,78,True
31,263,1243,1321,78,True
32,226,1243,1321,78,True
36,249,1243,1321,78,True
37,253,1243,1321,78,True
44,246,1243,1321,78,True
52,232,1243,,,False
62,228,1243,1302,59,True
63,264,1243,1380,137,True
70,258,1243,1321,78,True
72,242,1243,1298,55,True
74,247,1243,1302,59,True
79,252,1243,1298,55,True
89,234,1243,1357,114,True
92,253,1243,1302,59,True
98,229,1243,1298,55,True
99,246,1243,1302,59,True
1,229,1244,1387,143,True
4,247,1244,1321,77,True
11,243,1244,1321,77,True
12,254,1244,1387,143,True
23,263,1244,1321,77,True
39,239,1244,1321,77,True
40,265,1244,1387,143,True
42,266,1244,1321,77,True
58,247,1244,1302,58,True
59,259,1244,1302,58,True
72,243,1244,1298,54,True
80,251,1244,1298,54,True
86,256,1244,1298,54,True
89,235,1244,1357,113,True
96,234,1244,1380,136,True
3,267,1245,1321,76,True
4,248,1245,1321,76,True
21,227,1245,1321,76,True
22,274,1245,1321,76,True
44,247,1245,1321,76,True
46,265,1245,1321,76,True
48,247,1245,1321,76,True
65,263,1245,1321,76,True
66,237,1245,1302,57,True
71,248,1245,1302,57,True
78,266,1245,1302,57,True
82,254,1245,1380,135,True
87,245,1245,1302,57,True
98,230,1245,1298,53,True
5,253,1246,1321,75,True
8,250,1246,1321,75,True
10,251,1246,1321,75,True
11,244,1246,1321,75,True
16,251,1246,1321,75,True
25,264,1246,1321,75,True
33,237,1246,1321,75,True
36,250,1246,1321,75,True
42,267,1246,1321,75,True
43,241,1246,1321,75,True
48,248,1246,1321,75,True
49,259,1246,1321,75,True
52,233,1246,,,False
59,260,1246,1302,56,True
61,240,1246,1321,75,True
76,266,1246,1298,52,True
94,243,1246,1311,65,True
0,272,1247,1321,74,True
6,251,1247,1345,98,True
8,251,1247,1321,74,True
11,245,1247,1321,74,True
12,255,1247,1387,140,True
17,220,1247,1387,140,True
19,236,1247,1321,74,True
27,257,1247,1321,74,True
33,238,1247,1321,74,True
34,242,1247,1345,98,True
36,251,1247,1321,74,True
43,242,1247,1321,74,True
44,248,1247,1321,74,True
45,246,1247,1345,98,True
48,249,1247,1321,74,True
53,211,1247,1380,133,True
56,244,1247,1357,110,True
57,232,1247,1321,74,True
61,241,1247,1321,74,True
66,238,1247,1302,55,True
68,263,1247,1302,55,True
70,259,1247,1321,74,True
71,249,1247,1302,55,True
73,258,1247,1298,51,True
74,248,1247,1302,55,True
78,267,1247,1302,55,True
79,253,1247,1298,51,True
81,220,1247,1302,55,True
83,242,1247,1298,51,True
86,257,1247,1298,51,True
90,257,1247,1380,133,True
96,235,1247,1380,133,True
98,231,1247,1298,51,True
0,273,1248,1321,73,True
4,249,1248,1321,73,True
16,252,1248,1321,73,True
17,221,1248,1387,139,True
22,275,1248,1321,73,True
27,258,1248,1321,73,True
28,254,1248,1321,73,True
32,227,1248,1321,73,True
36,252,1248,1321,73,True
46,266,1248,1321,73,True
47,239,1248,1321,73,True
48,250,1248,1321,73,True
68,264,1248,1302,54,True
69,263,1248,1302,54,True
74,249,1248,1302,54,True
80,252,1248,1298,50,True
92,254,1248,1302,54,True
93,239,1248,1380,132,True
94,244,1248,1311,63,True
96,236,1248,1380,132,True
97,236,1248,1302,54,True
98,232,1248,1321,73,True
5,254,1249,1321,72,True
9,251,1249,1321,72,True
17,222,1249,1387,138,True
20,246,1249,1345,96,True
21,228,1249,1321,72,True
26,251,1249,1321,72,True
28,255,1249,1321,72,True
31,264,1249,1321,72,True
32,228,1249,1321,72,True
33,239,1249,1321,72,True
35,249,1249,1345,96,True
40,266,1249,1387,138,True
41,271,1249,1321,72,True
45,247,1249,1345,96,True
58,248,1249,1302,53,True
61,242,1249,1321,72,True
63,265,1249,1380,131,True
81,221,1249,1302,53,True
99,247,1249,1302,53,True
1,230,1250,1387,137,True
11,246,1250,1321,71,True
13,259,1250,1321,71,True
16,253,1250,1321,71,True
19,237,1250,1321,71,True
20,247,1250,1345,95,True
36,253,1250,1321,71,True
37,254,1250,1321,71,True
44,249,1250,1321,71,True
49,260,1250,1321,71,True
50,251,1250,1298,48,True
52,234,1250,,,False
59,261,1250,1302,52,True
60,258,1250,1302,52,True
65,264,1250,1321,71,True
66,239,1250,1302,52,True
76,267,1250,1298,48,True
80,253,1250,1298,48,True
82,255,1250,1380,130,True
83,243,1250,1302,52,True
84,241,1250,1302,52,True
90,258,1250,1380,130,True
93,240,1250,1380,130,True
1,231,1251,1387,136,True
5,255,1251,1321,70,True
8,252,1251,1321,70,True
13,260,1251,1321,70,True
15,244,1251,1345,94,True
16,254,1251,1321,70,True
17,223,1251,1387,136,True
19,238,1251,1321,70,True
20,248,1251,1345,94,True
26,252,1251,1321,70,True
29,236,1251,1321,70,True
30,257,1251,1345,94,True
34,243,1251,1345,94,True
36,254,1251,1321,70,True
37,255,1251,1321,70,True
39,240,1251,1321,70,True
41,272,1251,1321,70,True
48,251,1251,1321,70,True
63,266,1251,1380,129,True
70,260,1251,1321,70,True
74,250,1251,1302,51,True
75,250,1251,1302,51,True
76,268,1251,1298,47,True
78,268,1251,1302,51,True
82,256,1251,1380,129,True
86,258,1251,1298,47,True
98,233,1251,1321,70,True
5,256,1252,1321,69,True
6,252,1252,1345,93,True
8,253,1252,1321,69,True
20,249,1252,1345,93,True
21,229,1252,1321,69,True
30,258,1252,1345,93,True
34,244,1252,1345,93,True
35,250,1252,1345,93,True
43,243,1252,1321,69,True
49,261,1252,1321,69,True
59,262,1252,1302,50,True
66,240,1252,1380,128,True
68,265,1252,1302,50,True
71,250,1252,1380,128,True
92,255,1252,1302,50,True
96,237,1252,1380,128,True
13,261,1253,1345,92,True
14,264,1253,1321,68,True
25,265,1253,1321,68,True
29,237,1253,1321,68,True
36,255,1253,1321,68,True
37,256,1253,1321,68,True
41,273,1253,1321,68,True
46,267,1253,1321,68,True
55,247,1253,1380,127,True
67,256,1253,1380,127,True
70,261,1253,1321,68,True
72,244,1253,1321,68,True
73,259,1253,1298,45,True
83,244,1253,1302,49,True
91,243,1253,1311,58,True
94,245,1253,1311,58,True
6,253,1254,1345,91,True
15,245,1254,1345,91,True
16,255,1254,1321,67,True
22,276,1254,1321,67,True
23,264,1254,1321,67,True
29,238,1254,1321,67,True
30,259,1254,1345,91,True
40,267,1254,1387,133,True
55,248,1254,1380,126,True
57,233,1254,1321,67,True
59,263,1254,1302,48,True
60,259,1254,1357,103,True
70,262,1254,1321,67,True
74,251,1254,1302,48,True
75,251,1254,1302,48,True
92,256,1254,1380,126,True
97,237,1254,1302,48,True
99,248,1254,1302,48,True
0,274,1255,1321,66,True
3,268,1255,1387,132,True
7,251,1255,1387,132,True
15,246,1255,1345,90,True
22,277,1255,1321,66,True
37,257,1255,1321,66,True
38,219,1255,1387,132,True
40,268,1255,1387,132,True
45,248,1255,1345,90,True
48,252,1255,1387,132,True
52,235,1255,,,False
62,229,1255,1357,102,True
67,257,1255,1380,125,True
69,264,1255,1380,125,True
70,263,1255,1321,66,True
74,252,1255,1302,47,True
75,252,1255,1302,47,True
77,262,1255,1302,47,True
78,269,1255,1302,47,True
83,245,1255,1302,47,True
88,259,1255,1380,125,True
91,244,1255,1311,56,True
94,246,1255,1311,56,True
96,238,1255,1380,125,True
97,238,1255,1380,125,True
98,234,1255,1321,66,True
0,275,1256,1321,65,True
4,250,1256,1321,65,True
5,257,1256,1321,65,True
8,254,1256,1321,65,True
15,247,1256,1345,89,True
19,239,1256,1387,131,True
22,278,1256,1321,65,True
23,265,1256,1321,65,True
28,256,1256,1387,131,True
35,251,1256,1345,89,True
36,256,1256,1321,65,True
40,269,1256,1387,131,True
43,244,1256,1321,65,True
47,240,1256,1321,65,True
51,250,1256,1311,55,True
56,245,1256,1357,101,True
57,234,1256,1321,65,True
60,260,1256,1357,101,True
61,243,1256,1321,65,True
67,258,1256,1380,124,True
77,263,1256,1302,46,True
80,254,1256,1311,55,True
88,260,1256,1380,124,True
90,259,1256,1380,124,True
95,245,1256,1311,55,True
96,239,1256,1380,124,True
0,276,1257,1321,64,True
1,232,1257,1387,130,True
2,254,1257,1387,130,True
6,254,1257,1345,88,True
12,256,1257,1387,130,True
13,262,1257,1345,88,True
15,248,1257,1345,88,True
17,224,1257,1387,130,True
18,230,1257,1345,88,True
27,259,1257,1387,130,True
28,257,1257,1387,130,True
35,252,1257,1345,88,True
52,236,1257,,,False
58,249,1257,1302,45,True
65,265,1257,1321,64,True
68,266,1257,1311,54,True
71,251,1257,1380,123,True
97,239,1257,1380,123,True
4,251,1258,1321,63,True
23,266,1258,1321,63,True
30,260,1258,1345,87,True
32,229,1258,1387,129,True
35,253,1258,1345,87,True
36,257,1258,1321,63,True
42,268,1258,1321,63,True
45,249,1258,1345,87,True
52,237,1258,,,False
60,261,1258,1357,99,True
62,230,1258,1357,99,True
66,241,1258,1380,122,True
77,264,1258,1380,122,True
78,270,1258,1357,99,True
84,242,1258,1357,99,True
87,246,1258,1302,44,True
90,260,1258,1380,122,True
92,257,1258,1380,122,True
99,249,1258,1302,44,True
0,277,1259,1321,62,True
9,252,1259,1387,128,True
22,279,1259,1387,128,True
32,230,1259,1387,128,True
35,254,1259,1345,86,True
37,258,1259,1321,62,True
44,250,1259,1321,62,True
61,244,1259,1321,62,True
66,242,1259,1380,121,True
84,243,1259,1357,98,True
87,247,1259,1302,43,True
97,240,1259,1380,121,True
0,278,1260,1321,61,True
2,255,1260,1387,127,True
3,269,1260,1387,127,True
8,255,1260,1321,61,True
10,252,1260,1387,127,True
11,247,1260,1321,61,True
12,257,1260,1387,127,True
28,258,1260,1387,127,True
46,268,1260,1387,127,True
48,253,1260,1387,127,True
49,262,1260,1321,61,True
63,267,1260,1380,120,True
69,265,1260,1380,120,True
77,265,1260,1380,120,True
84,244,1260,1357,97,True
85,238,1260,1302,42,True
98,235,1260,1321,61,True
6,255,1261,1345,84,True
14,265,1261,1321,60,True
16,256,1261,1387,126,True
24,231,1261,1321,60,True
29,239,1261,1321,60,True
31,265,1261,1321,60,True
33,240,1261,1321,60,True
34,245,1261,1345,84,True
37,259,1261,1321,60,True
38,220,1261,1387,126,True
41,274,1261,1321,60,True
52,238,1261,,,False
60,262,1261,1357,96,True
71,252,1261,1380,119,True
77,266,1261,1380,119,True
80,255,1261,1311,50,True
90,261,1261,1380,119,True
93,241,1261,1380,119,True
94,247,1261,1311,50,True
97,241,1261,1380,119,True
0,279,1262,1387,125,True
10,253,1262,1387,125,True
16,257,1262,1387,125,True
22,280,1262,1387,125,True
23,267,1262,1321,59,True
50,252,1262,1380,118,True
54,287,1262,1302,40,True
57,235,1262,1321,59,True
61,245,1262,1321,59,True
75,253,1262,1357,95,True
77,267,1262,1380,118,True
79,254,1262,1357,95,True
82,257,1262,1380,118,True
86,259,1262,1321,59,True
99,250,1262,1302,40,True
1,233,1263,1387,124,True
8,256,1263,1321,58,True
13,263,1263,1345,82,True
18,231,1263,1345,82,True
19,240,1263,1387,124,True
28,259,1263,1387,124,True
31,266,1263,1345,82,True
33,241,1263,1321,58,True
38,221,1263,1387,124,True
40,270,1263,1387,124,True
42,269,1263,1321,58,True
44,251,1263,1387,124,True
48,254,1263,1387,124,True
51,251,1263,1311,48,True
52,239,1263,,,False
55,249,1263,1380,117,True
58,250,1263,1302,39,True
72,245,1263,1321,58,True
78,271,1263,1380,117,True
79,255,1263,1357,94,True
82,258,1263,1380,117,True
90,262,1263,1380,117,True
91,245,1263,1380,117,True
93,242,1263,1380,117,True
96,240,1263,1411,148,True
99,251,1263,1380,117,True
0,280,1264,1387,123,True
1,234,1264,1387,123,True
3,270,1264,1387,123,True
4,252,1264,1321,57,True
7,252,1264,1387,123,True
8,257,1264,1321,57,True
34,246,1264,1345,81,True
41,275,1264,1321,57,True
48,255,1264,1387,123,True
49,263,1264,1321,57,True
50,253,1264,1380,116,True
53,212,1264,1380,116,True
63,268,1264,1380,116,True
66,243,1264,1380,116,True
68,267,1264,1311,47,True
72,246,1264,1321,57,True
81,222,1264,1380,116,True
89,236,1264,1380,116,True
91,246,1264,1380,116,True
95,246,1264,1311,47,True
4,253,1265,1321,56,True
6,256,1265,1345,80,True
12,258,1265,1387,122,True
13,264,1265,1387,122,True
17,225,1265,1387,122,True
18,232,1265,1345,80,True
22,281,1265,1387,122,True
26,253,1265,1321,56,True
36,258,1265,1387,122,True
42,270,1265,1321,56,True
51,252,1265,1311,46,True
56,246,1265,1357,92,True
57,236,1265,1321,56,True
63,269,1265,1380,115,True
64,252,1265,1321,56,True
71,253,1265,1380,115,True
73,260,1265,1357,92,True
74,253,1265,1380,115,True
75,254,1265,1357,92,True
76,269,1265,1357,92,True
86,260,1265,1321,56,True
88,261,1265,1380,115,True
9,253,1266,1387,121,True
15,249,1266,1387,121,True
26,254,1266,1321,55,True
27,260,1266,1387,121,True
30,261,1266,1345,79,True
31,267,1266,1345,79,True
34,247,1266,1345,79,True
36,259,1266,1387,121,True
41,276,1266,1321,55,True
45,250,1266,1345,79,True
48,256,1266,1387,121,True
57,237,1266,1321,55,True
64,253,1266,1321,55,True
65,266,1266,1321,55,True
69,266,1266,1380,114,True
76,270,1266,1357,91,True
77,268,1266,1380,114,True
81,223,1266,1380,114,True
86,261,1266,1321,55,True
96,241,1266,1411,145,True
0,281,1267,1387,120,True
3,271,1267,1387,120,True
11,248,1267,1321,54,True
21,230,1267,1387,120,True
24,232,1267,1387,120,True
26,255,1267,1321,54,True
29,240,1267,1321,54,True
30,262,1267,1345,78,True
35,255,1267,1345,78,True
47,241,1267,1321,54,True
49,264,1267,1321,54,True
71,254,1267,1380,113,True
76,271,1267,1357,90,True
89,237,1267,1380,113,True
94,248,1267,1380,113,True
95,247,1267,1311,44,True
97,242,1267,1380,113,True
0,282,1268,1387,119,True
1,235,1268,1387,119,True
4,254,1268,1321,53,True
13,265,1268,1387,119,True
19,241,1268,1387,119,True
27,261,1268,1387,119,True
34,248,1268,1345,77,True
38,222,1268,1387,119,True
44,252,1268,1387,119,True
46,269,1268,1387,119,True
47,242,1268,1321,53,True
52,240,1268,,,False
53,213,1268,1380,112,True
55,250,1268,1380,112,True
65,267,1268,1357,89,True
66,244,1268,1380,112,True
69,267,1268,1411,143,True
71,255,1268,1380,112,True
75,255,1268,1357,89,True
76,272,1268,1357,89,True
78,272,1268,1380,112,True
82,259,1268,1380,112,True
83,246,1268,1380,112,True
85,239,1268,1302,34,True
89,238,1268,1380,112,True
91,247,1268,1380,112,True
94,249,1268,1380,112,True
6,257,1269,1345,76,True
23,268,1269,1387,118,True
28,260,1269,1387,118,True
30,263,1269,1345,76,True
35,256,1269,1345,76,True
36,260,1269,1387,118,True
49,265,1269,1321,52,True
53,214,1269,1380,111,True
61,246,1269,1321,52,True
62,231,1269,1380,111,True
74,254,1269,1380,111,True
76,273,1269,1357,88,True
77,269,1269,1380,111,True
90,263,1269,1380,111,True
95,248,1269,1380,111,True
1,236,1270,1387,117,True
3,272,1270,1387,117,True
9,254,1270,1387,117,True
13,266,1270,1387,117,True
17,226,1270,1387,117,True
23,269,1270,1387,117,True
28,261,1270,1387,117,True
30,264,1270,1345,75,True
31,268,1270,1345,75,True
35,257,1270,1345,75,True
42,271,1270,1387,117,True
45,251,1270,1345,75,True
46,270,1270,1387,117,True
47,243,1270,1321,51,True
53,215,1270,1380,110,True
54,288,1270,1380,110,True
61,247,1270,1321,51,True
67,259,1270,1380,110,True
73,261,1270,1357,87,True
80,256,1270,1380,110,True
86,262,1270,1321,51,True
89,239,1270,1380,110,True
6,258,1271,1345,74,True
8,258,1271,1387,116,True
14,266,1271,1321,50,True
32,231,1271,1387,116,True
34,249,1271,1345,74,True
46,271,1271,1387,116,True
49,266,1271,1321,50,True
53,216,1271,1380,109,True
60,263,1271,1380,109,True
61,248,1271,1321,50,True
63,270,1271,1380,109,True
72,247,1271,1357,86,True
80,257,1271,1380,109,True
83,247,1271,1380,109,True
86,263,1271,1321,50,True
87,248,1271,1380,109,True
91,248,1271,1380,109,True
92,258,1271,1380,109,True
94,250,1271,1380,109,True
96,242,1271,1411,140,True
97,243,1271,1380,109,True
0,283,1272,1387,115,True
1,237,1272,1387,115,True
2,256,1272,1387,115,True
5,258,1272,1387,115,True
8,259,1272,1387,115,True
16,258,1272,1387,115,True
20,250,1272,1345,73,True
23,270,1272,1387,115,True
26,256,1272,1387,115,True
28,262,1272,1387,115,True
29,241,1272,1345,73,True
37,260,1272,1387,115,True
45,252,1272,1345,73,True
49,267,1272,1387,115,True
53,217,1272,1380,108,True
58,251,1272,1357,85,True
64,254,1272,1357,85,True
67,260,1272,1380,108,True
74,255,1272,1380,108,True
76,274,1272,1357,85,True
79,256,1272,1357,85,True
90,264,1272,1380,108,True
92,259,1272,1380,108,True
98,236,1272,1321,49,True
4,255,1273,1345,72,True
11,249,1273,1387,114,True
28,263,1273,1387,114,True
29,242,1273,1345,72,True
30,265,1273,1345,72,True
39,241,1273,1387,114,True
40,271,1273,1387,114,True
41,277,1273,1387,114,True
45,253,1273,1345,72,True
47,244,1273,1321,48,True
62,232,1273,1380,107,True
66,245,1273,1380,107,True
67,261,1273,1380,107,True
69,268,1273,1411,138,True
72,248,1273,1357,84,True
73,262,1273,1357,84,True
74,256,1273,1380,107,True
75,256,1273,1357,84,True
78,273,1273,1380,107,True
83,248,1273,1380,107,True
85,240,1273,1357,84,True
88,262,1273,1380,107,True
89,240,1273,1380,107,True
91,249,1273,1380,107,True
94,251,1273,1380,107,True
96,243,1273,1411,138,True
99,252,1273,1380,107,True
5,259,1274,1387,113,True
13,267,1274,1387,113,True
20,251,1274,1345,71,True
24,233,1274,1387,113,True
26,257,1274,1387,113,True
27,262,1274,1387,113,True
30,266,1274,1345,71,True
54,289,1274,1380,106,True
58,252,1274,1357,83,True
60,264,1274,1380,106,True
71,256,1274,1380,106,True
73,263,1274,1357,83,True
78,274,1274,1380,106,True
82,260,1274,1380,106,True
85,241,1274,1357,83,True
89,241,1274,1380,106,True
90,265,1274,1380,106,True
91,250,1274,1380,106,True
92,260,1274,1380,106,True
99,253,1274,1380,106,True
4,256,1275,1387,112,True
6,259,1275,1387,112,True
9,255,1275,1387,112,True
19,242,1275,1387,112,True
20,252,1275,1345,70,True
22,282,1275,1387,112,True
23,271,1275,1387,112,True
26,258,1275,1387,112,True
29,243,1275,1345,70,True
36,261,1275,1387,112,True
52,241,1275,,,False
55,251,1275,1380,105,True
69,269,1275,1411,136,True
83,249,1275,1380,105,True
85,242,1275,1357,82,True
1,238,1276,1387,111,True
4,257,1276,1387,111,True
6,260,1276,1387,111,True
10,254,1276,1387,111,True
14,267,1276,1345,69,True
15,250,1276,1387,111,True
20,253,1276,1345,69,True
30,267,1276,1345,69,True
33,242,1276,1387,111,True
37,261,1276,1387,111,True
40,272,1276,1387,111,True
44,253,1276,1387,111,True
47,245,1276,1387,111,True
62,233,1276,1380,104,True
66,246,1276,1380,104,True
67,262,1276,1380,104,True
68,268,1276,1380,104,True
74,257,1276,1380,104,True
83,250,1276,1380,104,True
88,263,1276,1380,104,True
98,237,1276,1380,104,True
1,239,1277,1387,110,True
11,250,1277,1387,110,True
14,268,1277,1345,68,True
26,259,1277,1387,110,True
28,264,1277,1387,110,True
38,223,1277,1387,110,True
40,273,1277,1387,110,True
44,254,1277,1387,110,True
48,257,1277,1387,110,True
58,253,1277,1380,103,True
60,265,1277,1380,103,True
61,249,1277,1357,80,True
63,271,1277,1380,103,True
64,255,1277,1357,80,True
72,249,1277,1357,80,True
75,257,1277,1380,103,True
78,275,1277,1380,103,True
85,243,1277,1357,80,True
87,249,1277,1380,103,True
94,252,1277,1380,103,True
2,257,1278,1387,109,True
6,261,1278,1387,109,True
13,268,1278,1387,109,True
15,251,1278,1387,109,True
24,234,1278,1387,109,True
26,260,1278,1387,109,True
30,268,1278,1345,67,True
38,224,1278,1387,109,True
47,246,1278,1387,109,True
56,247,1278,1411,133,True
62,234,1278,1380,102,True
68,269,1278,1380,102,True
69,270,1278,1411,133,True
74,258,1278,1380,102,True
78,276,1278,1380,102,True
87,250,1278,1380,102,True
89,242,1278,1380,102,True
92,261,1278,1380,102,True
93,243,1278,1380,102,True
2,258,1279,1387,108,True
3,273,1279,1387,108,True
8,260,1279,1387,108,True
9,256,1279,1387,108,True
10,255,1279,1387,108,True
21,231,1279,1387,108,True
29,244,1279,1345,66,True
32,232,1279,1387,108,True
33,243,1279,1387,108,True
36,262,1279,1387,108,True
37,262,1279,1387,108,True
40,274,1279,1387,108,True
44,255,1279,1387,108,True
46,272,1279,1387,108,True
49,268,1279,1387,108,True
54,290,1279,1380,101,True
61,250,1279,1357,78,True
63,272,1279,1380,101,True
66,247,1279,1380,101,True
69,271,1279,1411,132,True
79,257,1279,1357,78,True
85,244,1279,1357,78,True
92,262,1279,1380,101,True
96,244,1279,1411,132,True
6,262,1280,1387,107,True
8,261,1280,1387,107,True
11,251,1280,1387,107,True
44,256,1280,1387,107,True
45,254,1280,1387,107,True
57,238,1280,1357,77,True
66,248,1280,1380,100,True
73,264,1280,1357,77,True
82,261,1280,1380,100,True
83,251,1280,1380,100,True
86,264,1280,1357,77,True
98,238,1280,1380,100,True
0,284,1281,1387,106,True
2,259,1281,1387,106,True
8,262,1281,1387,106,True
15,252,1281,1387,106,True
19,243,1281,1387,106,True
23,272,1281,1387,106,True
28,265,1281,1387,106,True
30,269,1281,1387,106,True
32,233,1281,1387,106,True
36,263,1281,1387,106,True
40,275,1281,1387,106,True
43,245,1281,1387,106,True
48,258,1281,1387,106,True
49,269,1281,1387,106,True
51,253,1281,1380,99,True
57,239,1281,1357,76,True
60,266,1281,1380,99,True
67,263,1281,1380,99,True
71,257,1281,1380,99,True
82,262,1281,1380,99,True
94,253,1281,1380,99,True
3,274,1282,1387,105,True
9,257,1282,1387,105,True
12,259,1282,1387,105,True
15,253,1282,1387,105,True
18,233,1282,1387,105,True
20,254,1282,1357,75,True
23,273,1282,1387,105,True
26,261,1282,1387,105,True
27,263,1282,1387,105,True
28,266,1282,1387,105,True
39,242,1282,1387,105,True
46,273,1282,1387,105,True
49,270,1282,1387,105,True
53,218,1282,1380,98,True
56,248,1282,1411,129,True
59,264,1282,1380,98,True
60,267,1282,1380,98,True
66,249,1282,1380,98,True
67,264,1282,1380,98,True
70,264,1282,1357,75,True
76,275,1282,1357,75,True
81,224,1282,1380,98,True
82,263,1282,1380,98,True
84,245,1282,1380,98,True
1,240,1283,1387,104,True
16,259,1283,1387,104,True
23,274,1283,1387,104,True
28,267,1283,1387,104,True
29,245,1283,1387,104,True
32,234,1283,1387,104,True
34,250,1283,1387,104,True
37,263,1283,1387,104,True
47,247,1283,1387,104,True
52,242,1283,,,False
57,240,1283,1357,74,True
59,265,1283,1380,97,True
78,277,1283,1380,97,True
85,245,1283,1357,74,True
88,264,1283,1380,97,True
97,244,1283,1380,97,True
98,239,1283,1380,97,True
99,254,1283,1380,97,True
3,275,1284,1387,103,True
12,260,1284,1387,103,True
24,235,1284,1387,103,True
25,266,1284,1387,103,True
27,264,1284,1387,103,True
29,246,1284,1387,103,True
35,258,1284,1387,103,True
41,278,1284,1387,103,True
43,246,1284,1387,103,True
44,257,1284,1387,103,True
52,243,1284,,,False
56,249,1284,1411,127,True
61,251,1284,1357,73,True
62,235,1284,1380,96,True
66,250,1284,1380,96,True
68,270,1284,1380,96,True
80,258,1284,1380,96,True
90,266,1284,1380,96,True
92,263,1284,1380,96,True
93,244,1284,1380,96,True
94,254,1284,1380,96,True
98,240,1284,1380,96,True
7,253,1285,1420,135,True
10,256,1285,1387,102,True
12,261,1285,1387,102,True
22,283,1285,1387,102,True
24,236,1285,1387,102,True
25,267,1285,1387,102,True
27,265,1285,1387,102,True
29,247,1285,1387,102,True
30,270,1285,1387,102,True
34,251,1285,1387,102,True
35,259,1285,1387,102,True
37,264,1285,1387,102,True
40,276,1285,1387,102,True
41,279,1285,1387,102,True
48,259,1285,1387,102,True
49,271,1285,1387,102,True
52,244,1285,,,False
55,252,1285,1411,126,True
56,250,1285,1411,126,True
59,266,1285,1380,95,True
62,236,1285,1380,95,True
69,272,1285,1411,126,True
76,276,1285,1357,72,True
79,258,1285,1357,72,True
80,259,1285,1380,95,True
81,225,1285,1380,95,True
85,246,1285,1357,72,True
94,255,1285,1380,95,True
95,249,1285,1380,95,True
96,245,1285,1411,126,True
97,245,1285,1380,95,True
98,241,1285,1380,95,True
1,241,1286,1387,101,True
5,260,1286,1387,101,True
17,227,1286,1387,101,True
18,234,1286,1387,101,True
19,244,1286,1387,101,True
21,232,1286,1387,101,True
23,275,1286,1387,101,True
24,237,1286,1387,101,True
52,245,1286,,,False
54,291,1286,1380,94,True
57,241,1286,1357,71,True
61,252,1286,1357,71,True
62,237,1286,1380,94,True
63,273,1286,1380,94,True
66,251,1286,1380,94,True
72,250,1286,1357,71,True
75,258,1286,1380,94,True
76,277,1286,1357,71,True
93,245,1286,1380,94,True
96,246,1286,1411,125,True
6,263,1287,1387,100,True
13,269,1287,1387,100,True
38,225,1287,1387,100,True
43,247,1287,1387,100,True
47,248,1287,1387,100,True
54,292,1287,1380,93,True
61,253,1287,1357,70,True
64,256,1287,1357,70,True
65,268,1287,1357,70,True
83,252,1287,1380,93,True
87,251,1287,1380,93,True
90,267,1287,1380,93,True
92,264,1287,1380,93,True
94,256,1287,1380,93,True
3,276,1288,1387,99,True
4,258,1288,1387,99,True
5,261,1288,1387,99,True
10,257,1288,1387,99,True
13,270,1288,1387,99,True
14,269,1288,1387,99,True
17,228,1288,1387,99,True
20,255,1288,1387,99,True
21,233,1288,1387,99,True
30,271,1288,1387,99,True
32,235,1288,1387,99,True
40,277,1288,1387,99,True
41,280,1288,1387,99,True
43,248,1288,1387,99,True
44,258,1288,1387,99,True
52,246,1288,,,False
68,271,1288,1380,92,True
75,259,1288,1380,92,True
79,259,1288,1357,69,True
83,253,1288,1380,92,True
91,251,1288,1380,92,True
95,250,1288,1380,92,True
1,242,1289,1387,98,True
3,277,1289,1387,98,True
8,263,1289,1387,98,True
13,271,1289,1387,98,True
16,260,1289,1387,98,True
20,256,1289,1387,98,True
26,262,1289,1387,98,True
27,266,1289,1387,98,True
36,264,1289,1387,98,True
45,255,1289,1387,98,True
51,254,1289,1411,122,True
55,253,1289,1411,122,True
56,251,1289,1411,122,True
59,267,1289,1380,91,True
67,265,1289,1380,91,True
68,272,1289,1380,91,True
69,273,1289,1411,122,True
82,264,1289,1380,91,True
85,247,1289,1357,68,True
90,268,1289,1380,91,True
0,285,1290,1387,97,True
19,245,1290,1387,97,True
28,268,1290,1387,97,True
35,260,1290,1387,97,True
37,265,1290,1387,97,True
38,226,1290,1387,97,True
49,272,1290,1387,97,True
71,258,1290,1411,121,True
72,251,1290,1357,67,True
74,259,1290,1380,90,True
78,278,1290,1380,90,True
84,246,1290,1380,90,True
86,265,1290,1380,90,True
94,257,1290,1380,90,True
3,278,1291,1387,96,True
6,264,1291,1387,96,True
11,252,1291,1387,96,True
12,262,1291,1387,96,True
16,261,1291,1387,96,True
20,257,1291,1387,96,True
33,244,1291,1387,96,True
48,260,1291,1387,96,True
52,247,1291,,,False
54,293,1291,1380,89,True
56,252,1291,1411,120,True
60,268,1291,1380,89,True
61,254,1291,1357,66,True
63,274,1291,1411,120,True
65,269,1291,1380,89,True
66,252,1291,1411,120,True
68,273,1291,1380,89,True
70,265,1291,1357,66,True
72,252,1291,1357,66,True
85,248,1291,1357,66,True
95,251,1291,1380,89,True
22,284,1292,1387,95,True
28,269,1292,1387,95,True
36,265,1292,1387,95,True
37,266,1292,1387,95,True
39,243,1292,1387,95,True
40,278,1292,1387,95,True
41,281,1292,1387,95,True
49,273,1292,1387,95,True
51,255,1292,1411,119,True
56,253,1292,1411,119,True
57,242,1292,1357,65,True
58,254,1292,1380,88,True
60,269,1292,1380,88,True
67,266,1292,1380,88,True
71,259,1292,1411,119,True
72,253,1292,1357,65,True
77,270,1292,1380,88,True
78,279,1292,1380,88,True
81,226,1292,1380,88,True
82,265,1292,1380,88,True
86,266,1292,1380,88,True
92,265,1292,1380,88,True
94,258,1292,1380,88,True
96,247,1292,1411,119,True
12,263,1293,1387,94,True
14,270,1293,1387,94,True
16,262,1293,1387,94,True
19,246,1293,1387,94,True
22,285,1293,1387,94,True
47,249,1293,1387,94,True
54,294,1293,1380,87,True
58,255,1293,1380,87,True
59,268,1293,1380,87,True
65,270,1293,1380,87,True
70,266,1293,1357,64,True
71,260,1293,1411,118,True
72,254,1293,1357,64,True
74,260,1293,1380,87,True
86,267,1293,1380,87,True
88,265,1293,1443,150,True
94,259,1293,1380,87,True
98,242,1293,1380,87,True
99,255,1293,1380,87,True
0,286,1294,1387,93,True
4,259,1294,1387,93,True
8,264,1294,1387,93,True
25,268,1294,1387,93,True
31,269,1294,1387,93,True
32,236,1294,1387,93,True
34,252,1294,1387,93,True
35,261,1294,1387,93,True
47,250,1294,1387,93,True
55,254,1294,1411,117,True
58,256,1294,1380,86,True
63,275,1294,1411,117,True
80,260,1294,1411,117,True
82,266,1294,1380,86,True
86,268,1294,1380,86,True
89,243,1294,1411,117,True
91,252,1294,1380,86,True
94,260,1294,1380,86,True
4,260,1295,1387,92,True
5,262,1295,1387,92,True
14,271,1295,1387,92,True
32,237,1295,1387,92,True
35,262,1295,1387,92,True
41,282,1295,1387,92,True
42,272,1295,1387,92,True
44,259,1295,1387,92,True
63,276,1295,1411,116,True
66,253,1295,1411,116,True
67,267,1295,1380,85,True
78,280,1295,1380,85,True
81,227,1295,1380,85,True
82,267,1295,1380,85,True
85,249,1295,1380,85,True
99,256,1295,1380,85,True
5,263,1296,1387,91,True
8,265,1296,1387,91,True
20,258,1296,1387,91,True
25,269,1296,1387,91,True
27,267,1296,1387,91,True
33,245,1296,1387,91,True
36,266,1296,1387,91,True
40,279,1296,1387,91,True
66,254,1296,1411,115,True
75,260,1296,1380,84,True
85,250,1296,1380,84,True
99,257,1296,1380,84,True
2,260,1297,1387,90,True
12,264,1297,1387,90,True
15,254,1297,1387,90,True
18,235,1297,1387,90,True
20,259,1297,1387,90,True
21,234,1297,1387,90,True
33,246,1297,1387,90,True
36,267,1297,1387,90,True
37,267,1297,1387,90,True
56,254,1297,1411,114,True
63,277,1297,1411,114,True
72,255,1297,1380,83,True
76,278,1297,1380,83,True
78,281,1297,1380,83,True
82,268,1297,1380,83,True
91,253,1297,1380,83,True
92,266,1297,1380,83,True
98,243,1297,1380,83,True
2,261,1298,1387,89,True
5,264,1298,1387,89,True
15,255,1298,1387,89,True
17,229,1298,1387,89,True
18,236,1298,1387,89,True
19,247,1298,1387,89,True
22,286,1298,1387,89,True
23,276,1298,1387,89,True
24,238,1298,1387,89,True
28,270,1298,1387,89,True
31,270,1298,1387,89,True
34,253,1298,1387,89,True
35,263,1298,1387,89,True
38,227,1298,1437,139,True
43,249,1298,1387,89,True
45,256,1298,1387,89,True
61,255,1298,1357,59,True
63,278,1298,1411,113,True
67,268,1298,1380,82,True
68,274,1298,1380,82,True
71,261,1298,1411,113,True
88,266,1298,1443,145,True
89,244,1298,1411,113,True
91,254,1298,1380,82,True
92,267,1298,1380,82,True
95,252,1298,1380,82,True
0,287,1299,1387,88,True
5,265,1299,1387,88,True
7,254,1299,1420,121,True
17,230,1299,1387,88,True
21,235,1299,1387,88,True
23,277,1299,1387,88,True
26,263,1299,1420,121,True
28,271,1299,1387,88,True
31,271,1299,1387,88,True
33,247,1299,1387,88,True
40,280,1299,1387,88,True
43,250,1299,1387,88,True
45,257,1299,1387,88,True
61,256,1299,1357,58,True
74,261,1299,1380,81,True
80,261,1299,1411,112,True
81,228,1299,1380,81,True
86,269,1299,1380,81,True
88,267,1299,1443,144,True
90,269,1299,1411,112,True
1,243,1300,1387,87,True
6,265,1300,1387,87,True
15,256,1300,1387,87,True
19,248,1300,1387,87,True
29,248,1300,1387,87,True
31,272,1300,1387,87,True
38,228,1300,1437,137,True
40,281,1300,1387,87,True
42,273,1300,1437,137,True
62,238,1300,1380,80,True
65,271,1300,1380,80,True
72,256,1300,1380,80,True
73,265,1300,1380,80,True
89,245,1300,1411,111,True
92,268,1300,1411,111,True
97,246,1300,1380,80,True
17,231,1301,1387,86,True
24,239,1301,1387,86,True
35,264,1301,1387,86,True
43,251,1301,1387,86,True
56,255,1301,1411,110,True
62,239,1301,1380,79,True
67,269,1301,1380,79,True
71,262,1301,1411,110,True
77,271,1301,1380,79,True
81,229,1301,1380,79,True
83,254,1301,1411,110,True
86,270,1301,1380,79,True
88,268,1301,1443,142,True
93,246,1301,1411,110,True
94,261,1301,1380,79,True
5,266,1302,1387,85,True
7,255,1302,1420,118,True
9,258,1302,1420,118,True
13,272,1302,1387,85,True
15,257,1302,1387,85,True
27,268,1302,1387,85,True
31,273,1302,1437,135,True
37,268,1302,1387,85,True
38,229,1302,1437,135,True
43,252,1302,1387,85,True
48,261,1302,1387,85,True
51,256,1302,1411,109,True
60,270,1302,1411,109,True
61,257,1302,1357,55,True
66,255,1302,1411,109,True
75,261,1302,1380,78,True
76,279,1302,1380,78,True
79,260,1302,1380,78,True
81,230,1302,1411,109,True
87,252,1302,1380,78,True
94,262,1302,1380,78,True
3,279,1303,1387,84,True
11,253,1303,1387,84,True
12,265,1303,1500,197,True
15,258,1303,1387,84,True
16,263,1303,1387,84,True
25,270,1303,1387,84,True
26,264,1303,1420,117,True
28,272,1303,1437,134,True
32,238,1303,1387,84,True
41,283,1303,1387,84,True
43,253,1303,1437,134,True
60,271,1303,1411,108,True
61,258,1303,1357,54,True
62,240,1303,1411,108,True
68,275,1303,1380,77,True
73,266,1303,1380,77,True
74,262,1303,1411,108,True
78,282,1303,1380,77,True
79,261,1303,1380,77,True
89,246,1303,1411,108,True
90,270,1303,1411,108,True
91,255,1303,1380,77,True
93,247,1303,1411,108,True
99,258,1303,1411,108,True
2,262,1304,1387,83,True
4,261,1304,1387,83,True
13,273,1304,1387,83,True
19,249,1304,1387,83,True
20,260,1304,1387,83,True
26,265,1304,1420,116,True
28,273,1304,1437,133,True
33,248,1304,1387,83,True
49,274,1304,1387,83,True
54,295,1304,1411,107,True
55,255,1304,1411,107,True
56,256,1304,1411,107,True
57,243,1304,1380,76,True
59,269,1304,1380,76,True
69,274,1304,1411,107,True
70,267,1304,1380,76,True
80,262,1304,1411,107,True
84,247,1304,1411,107,True
88,269,1304,1443,139,True
89,247,1304,1411,107,True
90,271,1304,1411,107,True
92,269,1304,1411,107,True
93,248,1304,1411,107,True
94,263,1304,1380,76,True
97,247,1304,1380,76,True
16,264,1305,1387,82,True
21,236,1305,1387,82,True
25,271,1305,1387,82,True
32,239,1305,1387,82,True
34,254,1305,1387,82,True
41,284,1305,1387,82,True
42,274,1305,1437,132,True
44,260,1305,1387,82,True
45,258,1305,1387,82,True
48,262,1305,1437,132,True
54,296,1305,1411,106,True
55,256,1305,1411,106,True
57,244,1305,1380,75,True
70,268,1305,1380,75,True
73,267,1305,1380,75,True
74,263,1305,1411,106,True
87,253,1305,1380,75,True
88,270,1305,1443,138,True
94,264,1305,1380,75,True
4,262,1306,1387,81,True
5,267,1306,1387,81,True
6,266,1306,1387,81,True
16,265,1306,1387,81,True
19,250,1306,1387,81,True
24,240,1306,1387,81,True
30,272,1306,1387,81,True
39,244,1306,1387,81,True
43,254,1306,1437,131,True
49,275,1306,1387,81,True
52,248,1306,,,False
55,257,1306,1411,105,True
56,257,1306,1411,105,True
63,279,1306,1411,105,True
65,272,1306,1380,74,True
66,256,1306,1411,105,True
68,276,1306,1380,74,True
87,254,1306,1380,74,True
95,253,1306,1380,74,True
98,244,1306,1380,74,True
1,244,1307,1387,80,True
18,237,1307,1387,80,True
24,241,1307,1387,80,True
31,274,1307,1437,130,True
32,240,1307,1387,80,True
36,268,1307,1420,113,True
40,282,1307,1420,113,True
41,285,1307,1387,80,True
44,261,1307,1387,80,True
46,274,1307,1420,113,True
52,249,1307,,,False
57,245,1307,1380,73,True
64,257,1307,1380,73,True
65,273,1307,1380,73,True
68,277,1307,1380,73,True
69,275,1307,1411,104,True
81,231,1307,1411,104,True
82,269,1307,1380,73,True
89,248,1307,1411,104,True
92,270,1307,1411,104,True
96,248,1307,1411,104,True
1,245,1308,1387,79,True
5,268,1308,1387,79,True
23,278,1308,1387,79,True
27,269,1308,1387,79,True
29,249,1308,1387,79,True
34,255,1308,1387,79,True
51,257,1308,1411,103,True
54,297,1308,1411,103,True
56,258,1308,1411,103,True
60,272,1308,1411,103,True
62,241,1308,1411,103,True
64,258,1308,1380,72,True
72,257,1308,1380,72,True
73,268,1308,1380,72,True
78,283,1308,1411,103,True
80,263,1308,1411,103,True
86,271,1308,1380,72,True
9,259,1309,1420,111,True
18,238,1309,1387,78,True
19,251,1309,1387,78,True
20,261,1309,1387,78,True
24,242,1309,1387,78,True
26,266,1309,1420,111,True
35,265,1309,1387,78,True
39,245,1309,1387,78,True
41,286,1309,1387,78,True
44,262,1309,1387,78,True
46,275,1309,1420,111,True
53,219,1309,1411,102,True
62,242,1309,1411,102,True
72,258,1309,1380,71,True
82,270,1309,1380,71,True
92,271,1309,1411,102,True
96,249,1309,1411,102,True
15,259,1310,1387,77,True
16,266,1310,1387,77,True
21,237,1310,1387,77,True
37,269,1310,1387,77,True
38,230,1310,1437,127,True
42,275,1310,1437,127,True
43,255,1310,1437,127,True
49,276,1310,1387,77,True
57,246,1310,1380,70,True
60,273,1310,1411,101,True
61,259,1310,1387,77,True
67,270,1310,1380,70,True
71,263,1310,1411,101,True
80,264,1310,1411,101,True
81,232,1310,1411,101,True
94,265,1310,1380,70,True
4,263,1311,1387,76,True
13,274,1311,1387,76,True
17,232,1311,1437,126,True
31,275,1311,1437,126,True
32,241,1311,1387,76,True
35,266,1311,1387,76,True
42,276,1311,1437,126,True
48,263,1311,1437,126,True
54,298,1311,1411,100,True
55,258,1311,1411,100,True
56,259,1311,1411,100,True
67,271,1311,1411,100,True
69,276,1311,1411,100,True
74,264,1311,1411,100,True
78,284,1311,1411,100,True
82,271,1311,1380,69,True
84,248,1311,1411,100,True
86,272,1311,1380,69,True
93,249,1311,1411,100,True
96,250,1311,1411,100,True
2,263,1312,1420,108,True
12,266,1312,1500,188,True
13,275,1312,1387,75,True
17,233,1312,1437,125,True
18,239,1312,1387,75,True
19,252,1312,1387,75,True
26,267,1312,1420,108,True
28,274,1312,1437,125,True
30,273,1312,1387,75,True
37,270,1312,1387,75,True
41,287,1312,1387,75,True
44,263,1312,1387,75,True
52,250,1312,,,False
62,243,1312,1411,99,True
73,269,1312,1380,68,True
75,262,1312,1411,99,True
76,280,1312,1380,68,True
77,272,1312,1411,99,True
83,255,1312,1411,99,True
88,271,1312,1443,131,True
95,254,1312,1380,68,True
97,248,1312,1411,99,True
98,245,1312,1380,68,True
0,288,1313,1387,74,True
15,260,1313,1387,74,True
19,253,1313,1387,74,True
32,242,1313,1420,107,True
36,269,1313,1420,107,True
38,231,1313,1437,124,True
44,264,1313,1387,74,True
48,264,1313,1437,124,True
58,257,1313,1411,98,True
65,274,1313,1380,67,True
79,262,1313,1380,67,True
80,265,1313,1411,98,True
82,272,1313,1380,67,True
87,255,1313,1411,98,True
93,250,1313,1411,98,True
99,259,1313,1411,98,True
4,264,1314,1387,73,True
6,267,1314,1387,73,True
9,260,1314,1420,106,True
17,234,1314,1437,123,True
30,274,1314,1387,73,True
36,270,1314,1420,106,True
42,277,1314,1437,123,True
43,256,1314,1437,123,True
50,254,1314,1380,66,True
62,244,1314,1411,97,True
64,259,1314,1380,66,True
65,275,1314,1380,66,True
70,269,1314,1380,66,True
75,263,1314,1411,97,True
84,249,1314,1411,97,True
85,251,1314,1411,97,True
91,256,1314,1380,66,True
0,289,1315,1387,72,True
1,246,1315,1387,72,True
2,264,1315,1420,105,True
3,280,1315,1420,105,True
4,265,1315,1387,72,True
13,276,1315,1420,105,True
21,238,1315,1387,72,True
42,278,1315,1437,122,True
50,255,1315,1380,65,True
51,258,1315,1411,96,True
52,251,1315,,,False
53,220,1315,1411,96,True
60,274,1315,1411,96,True
66,257,1315,1411,96,True
76,281,1315,1380,65,True
82,273,1315,1380,65,True
85,252,1315,1411,96,True
88,272,1315,1443,128,True
93,251,1315,1411,96,True
97,249,1315,1411,96,True
98,246,1315,1380,65,True
1,247,1316,1387,71,True
8,266,1316,1420,104,True
18,240,1316,1387,71,True
20,262,1316,1387,71,True
22,287,1316,1420,104,True
23,279,1316,1420,104,True
26,268,1316,1420,104,True
28,275,1316,1437,121,True
33,249,1316,1387,71,True
34,256,1316,1387,71,True
52,252,1316,,,False
54,299,1316,1411,95,True
58,258,1316,1411,95,True
60,275,1316,1411,95,True
68,278,1316,1380,64,True
72,259,1316,1387,71,True
76,282,1316,1380,64,True
78,285,1316,1411,95,True
86,273,1316,1380,64,True
87,256,1316,1411,95,True
88,273,1316,1443,127,True
1,248,1317,1387,70,True
2,265,1317,1420,103,True
9,261,1317,1420,103,True
10,258,1317,1437,120,True
22,288,1317,1420,103,True
42,279,1317,1437,120,True
47,251,1317,1387,70,True
52,253,1317,,,False
62,245,1317,1411,94,True
71,264,1317,1411,94,True
72,260,1317,1387,70,True
73,270,1317,1380,63,True
80,266,1317,1411,94,True
95,255,1317,1380,63,True
96,251,1317,1411,94,True
98,247,1317,1380,63,True
3,281,1318,1420,102,True
4,266,1318,1387,69,True
12,267,1318,1500,182,True
17,235,1318,1437,119,True
18,241,1318,1420,102,True
24,243,1318,1437,119,True
27,270,1318,1420,102,True
41,288,1318,1387,69,True
64,260,1318,1387,69,True
66,258,1318,1411,93,True
77,273,1318,1411,93,True
80,267,1318,1411,93,True
84,250,1318,1411,93,True
86,274,1318,1380,62,True
92,272,1318,1411,93,True
5,269,1319,1500,181,True
10,259,1319,1437,118,True
19,254,1319,1420,101,True
23,280,1319,1420,101,True
24,244,1319,1437,118,True
27,271,1319,1420,101,True
31,276,1319,1437,118,True
36,271,1319,1420,101,True
47,252,1319,1387,68,True
53,221,1319,1411,92,True
58,259,1319,1411,92,True
61,260,1319,1387,68,True
62,246,1319,1411,92,True
74,265,1319,1411,92,True
75,264,1319,1411,92,True
80,268,1319,1411,92,True
82,274,1319,1380,61,True
87,257,1319,1411,92,True
88,274,1319,1443,124,True
6,268,1320,1437,117,True
15,261,1320,1387,67,True
21,239,1320,1387,67,True
23,281,1320,1420,100,True
24,245,1320,1437,117,True
26,269,1320,1420,100,True
36,272,1320,1420,100,True
38,232,1320,1437,117,True
41,289,1320,1387,67,True
44,265,1320,1387,67,True
50,256,1320,1380,60,True
60,276,1320,1411,91,True
64,261,1320,1387,67,True
72,261,1320,1387,67,True
77,274,1320,1411,91,True
80,269,1320,1411,91,True
81,233,1320,1411,91,True
83,256,1320,1411,91,True
97,250,1320,1411,91,True
98,248,1320,1380,60,True
6,269,1321,1437,116,True
12,268,1321,1500,179,True
17,236,1321,1437,116,True
23,282,1321,1420,99,True
37,271,1321,1420,99,True
46,276,1321,1420,99,True
52,254,1321,,,False
53,222,1321,1411,90,True
63,280,1321,1411,90,True
64,262,1321,1387,66,True
83,257,1321,1411,90,True
84,251,1321,1411,90,True
86,275,1321,1380,59,True
91,257,1321,1380,59,True
95,256,1321,1380,59,True
97,251,1321,1411,90,True
98,249,1321,1380,59,True
2,266,1322,1420,98,True
9,262,1322,1420,98,True
19,255,1322,1420,98,True
22,289,1322,1437,115,True
26,270,1322,1420,98,True
27,272,1322,1420,98,True
28,276,1322,1437,115,True
31,277,1322,1437,115,True
40,283,1322,1437,115,True
47,253,1322,1387,65,True
48,265,1322,1437,115,True
53,223,1322,1411,89,True
58,260,1322,1411,89,True
60,277,1322,1411,89,True
69,277,1322,1411,89,True
72,262,1322,1387,65,True
92,273,1322,1411,89,True
98,250,1322,1380,58,True
0,290,1323,1387,64,True
9,263,1323,1420,97,True
17,237,1323,1437,114,True
18,242,1323,1420,97,True
21,240,1323,1387,64,True
35,267,1323,1387,64,True
40,284,1323,1437,114,True
44,266,1323,1420,97,True
54,300,1323,1411,88,True
56,260,1323,1411,88,True
57,247,1323,1387,64,True
59,270,1323,1411,88,True
61,261,1323,1387,64,True
76,283,1323,1387,64,True
77,275,1323,1411,88,True
80,270,1323,1411,88,True
91,258,1323,1380,57,True
97,252,1323,1411,88,True
7,256,1324,1500,176,True
8,267,1324,1420,96,True
9,264,1324,1420,96,True
17,238,1324,1437,113,True
19,256,1324,1420,96,True
20,263,1324,1387,63,True
27,273,1324,1420,96,True
39,246,1324,1420,96,True
40,285,1324,1437,113,True
43,257,1324,1437,113,True
48,266,1324,1437,113,True
53,224,1324,1411,87,True
56,261,1324,1411,87,True
61,262,1324,1387,63,True
63,281,1324,1411,87,True
70,270,1324,1387,63,True
72,263,1324,1387,63,True
77,276,1324,1411,87,True
82,275,1324,1411,87,True
85,253,1324,1411,87,True
89,249,1324,1443,119,True
2,267,1325,1420,95,True
6,270,1325,1437,112,True
10,260,1325,1437,112,True
14,272,1325,1387,62,True
20,264,1325,1387,62,True
26,271,1325,1420,95,True
27,274,1325,1420,95,True
29,250,1325,1420,95,True
53,225,1325,1411,86,True
54,301,1325,1411,86,True
59,271,1325,1411,86,True
65,276,1325,1411,86,True
68,279,1325,1380,55,True
69,278,1325,1411,86,True
78,286,1325,1443,118,True
80,271,1325,1411,86,True
83,258,1325,1411,86,True
89,250,1325,1443,118,True
7,257,1326,1500,174,True
9,265,1326,1437,111,True
14,273,1326,1387,61,True
16,267,1326,1500,174,True
29,251,1326,1420,94,True
30,275,1326,1437,111,True
36,273,1326,1420,94,True
37,272,1326,1420,94,True
40,286,1326,1437,111,True
43,258,1326,1437,111,True
56,262,1326,1411,85,True
63,282,1326,1411,85,True
64,263,1326,1387,61,True
69,279,1326,1411,85,True
70,271,1326,1387,61,True
87,258,1326,1443,117,True
89,251,1326,1443,117,True
91,259,1326,1411,85,True
92,274,1326,1411,85,True
96,252,1326,1411,85,True
99,260,1326,1411,85,True
15,262,1327,1387,60,True
17,239,1327,1437,110,True
25,272,1327,1437,110,True
35,268,1327,1420,93,True
38,233,1327,1437,110,True
39,247,1327,1420,93,True
41,290,1327,1420,93,True
48,267,1327,1437,110,True
50,257,1327,1411,84,True
52,255,1327,,,False
57,248,1327,1387,60,True
60,278,1327,1411,84,True
62,247,1327,1411,84,True
65,277,1327,1411,84,True
70,272,1327,1387,60,True
79,263,1327,1411,84,True
81,234,1327,1411,84,True
83,259,1327,1411,84,True
96,253,1327,1443,116,True
97,253,1327,1411,84,True
4,267,1328,1420,92,True
8,268,1328,1420,92,True
13,277,1328,1437,109,True
14,274,1328,1387,59,True
15,263,1328,1387,59,True
21,241,1328,1387,59,True
23,283,1328,1420,92,True
24,246,1328,1437,109,True
27,275,1328,1437,109,True
28,277,1328,1437,109,True
30,276,1328,1437,109,True
32,243,1328,1420,92,True
36,274,1328,1420,92,True
48,268,1328,1437,109,True
50,258,1328,1411,83,True
51,259,1328,1411,83,True
58,261,1328,1411,83,True
62,248,1328,1411,83,True
63,283,1328,1411,83,True
71,265,1328,1411,83,True
72,264,1328,1387,59,True
79,264,1328,1411,83,True
80,272,1328,1411,83,True
83,260,1328,1411,83,True
86,276,1328,1387,59,True
88,275,1328,1443,115,True
92,275,1328,1411,83,True
5,270,1329,1500,171,True
9,266,1329,1437,108,True
11,254,1329,1420,91,True
21,242,1329,1387,58,True
41,291,1329,1420,91,True
45,259,1329,1387,58,True
49,277,1329,1420,91,True
52,256,1329,,,False
58,262,1329,1411,82,True
62,249,1329,1411,82,True
66,259,1329,1411,82,True
70,273,1329,1387,58,True
73,271,1329,1411,82,True
76,284,1329,1411,82,True
78,287,1329,1443,114,True
79,265,1329,1411,82,True
81,235,1329,1411,82,True
82,276,1329,1411,82,True
84,252,1329,1411,82,True
6,271,1330,1437,107,True
9,267,1330,1437,107,True
15,264,1330,1387,57,True
32,244,1330,1420,90,True
34,257,1330,1420,90,True
40,287,1330,1437,107,True
42,280,1330,1437,107,True
54,302,1330,1443,113,True
55,259,1330,1411,81,True
63,284,1330,1411,81,True
65,278,1330,1411,81,True
73,272,1330,1411,81,True
80,273,1330,1411,81,True
81,236,1330,1411,81,True
93,252,1330,1411,81,True
96,254,1330,1443,113,True
12,269,1331,1500,169,True
14,275,1331,1387,56,True
17,240,1331,1437,106,True
18,243,1331,1437,106,True
19,257,1331,1437,106,True
26,272,1331,1420,89,True
27,276,1331,1437,106,True
29,252,1331,1420,89,True
34,258,1331,1420,89,True
37,273,1331,1420,89,True
44,267,1331,1420,89,True
47,254,1331,1420,89,True
56,263,1331,1411,80,True
57,249,1331,1387,56,True
63,285,1331,1411,80,True
66,260,1331,1411,80,True
85,254,1331,1411,80,True
89,252,1331,1443,112,True
99,261,1331,1411,80,True
13,278,1332,1437,105,True
14,276,1332,1387,55,True
19,258,1332,1437,105,True
24,247,1332,1437,105,True
27,277,1332,1437,105,True
33,250,1332,1387,55,True
43,259,1332,1437,105,True
47,255,1332,1420,88,True
51,260,1332,1411,79,True
52,257,1332,,,False
53,226,1332,1443,111,True
57,250,1332,1387,55,True
58,263,1332,1411,79,True
61,263,1332,1387,55,True
76,285,1332,1411,79,True
78,288,1332,1443,111,True
79,266,1332,1411,79,True
81,237,1332,1411,79,True
85,255,1332,1411,79,True
89,253,1332,1443,111,True
92,276,1332,1411,79,True
94,266,1332,1411,79,True
2,268,1333,1420,87,True
7,258,1333,1500,167,True
8,269,1333,1420,87,True
12,270,1333,1500,167,True
16,268,1333,1500,167,True
20,265,1333,1387,54,True
21,243,1333,1387,54,True
26,273,1333,1420,87,True
28,278,1333,1437,104,True
39,248,1333,1437,104,True
40,288,1333,1437,104,True
42,281,1333,1437,104,True
51,261,1333,1411,78,True
53,227,1333,1443,110,True
56,264,1333,1443,110,True
57,251,1333,1387,54,True
61,264,1333,1387,54,True
66,261,1333,1411,78,True
85,256,1333,1411,78,True
86,277,1333,1411,78,True
87,259,1333,1443,110,True
3,282,1334,1437,103,True
4,268,1334,1437,103,True
10,261,1334,1500,166,True
11,255,1334,1420,86,True
12,271,1334,1500,166,True
16,269,1334,1500,166,True
26,274,1334,1420,86,True
27,278,1334,1437,103,True
29,253,1334,1420,86,True
44,268,1334,1420,86,True
48,269,1334,1437,103,True
49,278,1334,1420,86,True
59,272,1334,1411,77,True
68,280,1334,1411,77,True
70,274,1334,1387,53,True
71,266,1334,1411,77,True
75,265,1334,1411,77,True
76,286,1334,1411,77,True
77,277,1334,1443,109,True
92,277,1334,1411,77,True
93,253,1334,1411,77,True
2,269,1335,1420,85,True
3,283,1335,1437,102,True
5,271,1335,1500,165,True
6,272,1335,1437,102,True
17,241,1335,1500,165,True
18,244,1335,1437,102,True
28,279,1335,1437,102,True
41,292,1335,1500,165,True
42,282,1335,1437,102,True
61,265,1335,1387,52,True
64,264,1335,1387,52,True
68,281,1335,1411,76,True
82,277,1335,1411,76,True
86,278,1335,1411,76,True
87,260,1335,1443,108,True
89,254,1335,1443,108,True
90,272,1335,1411,76,True
92,278,1335,1411,76,True
94,267,1335,1411,76,True
95,257,1335,1387,52,True
1,249,1336,1420,84,True
3,284,1336,1437,101,True
7,259,1336,1500,164,True
9,268,1336,1437,101,True
10,262,1336,1500,164,True
16,270,1336,1500,164,True
17,242,1336,1500,164,True
19,259,1336,1437,101,True
23,284,1336,1437,101,True
42,283,1336,1437,101,True
51,262,1336,1411,75,True
54,303,1336,1443,107,True
59,273,1336,1411,75,True
63,286,1336,1443,107,True
65,279,1336,1411,75,True
67,272,1336,1411,75,True
70,275,1336,1387,51,True
71,267,1336,1411,75,True
73,273,1336,1411,75,True
74,266,1336,1411,75,True
80,274,1336,1411,75,True
82,278,1336,1411,75,True
90,273,1336,1411,75,True
93,254,1336,1411,75,True
94,268,1336,1411,75,True
95,258,1336,1387,51,True
0,291,1337,1500,163,True
1,250,1337,1420,83,True
2,270,1337,1420,83,True
6,273,1337,1437,100,True
8,270,1337,1420,83,True
13,279,1337,1437,100,True
17,243,1337,1500,163,True
19,260,1337,1437,100,True
21,244,1337,1420,83,True
27,279,1337,1437,100,True
43,260,1337,1437,100,True
50,259,1337,1411,74,True
53,228,1337,1443,106,True
54,304,1337,1443,106,True
58,264,1337,1411,74,True
66,262,1337,1411,74,True
69,280,1337,1443,106,True
71,268,1337,1411,74,True
73,274,1337,1411,74,True
77,278,1337,1443,106,True
90,274,1337,1411,74,True
95,259,1337,1387,50,True
99,262,1337,1411,74,True
0,292,1338,1500,162,True
13,280,1338,1437,99,True
28,280,1338,1437,99,True
33,251,1338,1420,82,True
36,275,1338,1437,99,True
42,284,1338,1437,99,True
45,260,1338,1420,82,True
51,263,1338,1411,73,True
59,274,1338,1411,73,True
65,280,1338,1411,73,True
66,263,1338,1411,73,True
75,266,1338,1411,73,True
80,275,1338,1411,73,True
82,279,1338,1411,73,True
83,261,1338,1411,73,True
84,253,1338,1411,73,True
99,263,1338,1411,73,True
2,271,1339,1437,98,True
9,269,1339,1437,98,True
12,272,1339,1500,161,True
19,261,1339,1437,98,True
29,254,1339,1420,81,True
30,277,1339,1437,98,True
32,245,1339,1437,98,True
35,269,1339,1437,98,True
38,234,1339,1500,161,True
41,293,1339,1500,161,True
44,269,1339,1420,81,True
46,277,1339,1437,98,True
53,229,1339,1443,104,True
54,305,1339,1443,104,True
56,265,1339,1443,104,True
65,281,1339,1411,72,True
82,280,1339,1411,72,True
95,260,1339,1411,72,True
96,255,1339,1443,104,True
4,269,1340,1437,97,True
6,274,1340,1437,97,True
35,270,1340,1437,97,True
36,276,1340,1437,97,True
38,235,1340,1500,160,True
47,256,1340,1420,80,True
49,279,1340,1420,80,True
65,282,1340,1411,71,True
70,276,1340,1387,47,True
73,275,1340,1411,71,True
77,279,1340,1443,103,True
90,275,1340,1411,71,True
1,251,1341,1420,79,True
5,272,1341,1500,159,True
6,275,1341,1437,96,True
8,271,1341,1420,79,True
16,271,1341,1500,159,True
20,266,1341,1387,46,True
22,290,1341,1437,96,True
28,281,1341,1437,96,True
29,255,1341,1420,79,True
31,278,1341,1437,96,True
40,289,1341,1437,96,True
44,270,1341,1420,79,True
45,261,1341,1420,79,True
48,270,1341,1437,96,True
53,230,1341,1443,102,True
54,306,1341,1443,102,True
56,266,1341,1443,102,True
57,252,1341,1387,46,True
60,279,1341,1411,70,True
69,281,1341,1443,102,True
70,277,1341,1387,46,True
78,289,1341,1443,102,True
83,262,1341,1411,70,True
93,255,1341,1443,102,True
95,261,1341,1411,70,True
96,256,1341,1443,102,True
3,285,1342,1437,95,True
4,270,1342,1437,95,True
5,273,1342,1500,158,True
7,260,1342,1500,158,True
8,272,1342,1420,78,True
10,263,1342,1500,158,True
14,277,1342,1420,78,True
33,252,1342,1420,78,True
35,271,1342,1437,95,True
39,249,1342,1500,158,True
44,271,1342,1420,78,True
46,278,1342,1437,95,True
49,280,1342,1500,158,True
50,260,1342,1411,69,True
51,264,1342,1411,69,True
53,231,1342,1443,101,True
68,282,1342,1411,69,True
75,267,1342,1411,69,True
80,276,1342,1411,69,True
94,269,1342,1411,69,True
97,254,1342,1411,69,True
1,252,1343,1420,77,True
3,286,1343,1437,94,True
7,261,1343,1500,157,True
16,272,1343,1500,157,True
19,262,1343,1437,94,True
22,291,1343,1437,94,True
33,253,1343,1420,77,True
40,290,1343,1437,94,True
47,257,1343,1420,77,True
49,281,1343,1500,157,True
50,261,1343,1411,68,True
51,265,1343,1411,68,True
57,253,1343,1387,44,True
59,275,1343,1411,68,True
68,283,1343,1411,68,True
81,238,1343,1443,100,True
86,279,1343,1411,68,True
88,276,1343,1443,100,True
89,255,1343,1443,100,True
98,251,1343,1411,68,True
1,253,1344,1420,76,True
6,276,1344,1437,93,True
7,262,1344,1500,156,True
8,273,1344,1420,76,True
11,256,1344,1420,76,True
20,267,1344,1420,76,True
23,285,1344,1437,93,True
29,256,1344,1420,76,True
32,246,1344,1437,93,True
38,236,1344,1500,156,True
43,261,1344,1437,93,True
53,232,1344,1443,99,True
62,250,1344,1443,99,True
64,265,1344,1411,67,True
70,278,1344,1387,43,True
72,265,1344,1387,43,True
74,267,1344,1443,99,True
81,239,1344,1443,99,True
82,281,1344,1411,67,True
85,257,1344,1443,99,True
5,274,1345,1500,155,True
9,270,1345,1437,92,True
12,273,1345,1500,155,True
13,281,1345,1500,155,True
14,278,1345,1420,75,True
18,245,1345,1437,92,True
19,263,1345,1437,92,True
34,259,1345,1420,75,True
35,272,1345,1437,92,True
36,277,1345,1500,155,True
41,294,1345,1500,155,True
48,271,1345,1437,92,True
50,262,1345,1411,66,True
52,258,1345,,,False
57,254,1345,1387,42,True
61,266,1345,1387,42,True
63,287,1345,1443,98,True
65,283,1345,1411,66,True
71,269,1345,1443,98,True
79,267,1345,1443,98,True
82,282,1345,1411,66,True
88,277,1345,1443,98,True
90,276,1345,1411,66,True
94,270,1345,1411,66,True
0,293,1346,1500,154,True
11,257,1346,1420,74,True
15,265,1346,1420,74,True
20,268,1346,1420,74,True
23,286,1346,1437,91,True
27,280,1346,1437,91,True
35,273,1346,1437,91,True
42,285,1346,1437,91,True
47,258,1346,1420,74,True
50,263,1346,1411,65,True
55,260,1346,1443,97,True
57,255,1346,1387,41,True
58,265,1346,1411,65,True
64,266,1346,1411,65,True
68,284,1346,1411,65,True
69,282,1346,1443,97,True
75,268,1346,1443,97,True
76,287,1346,1443,97,True
81,240,1346,1443,97,True
87,261,1346,1443,97,True
88,278,1346,1443,97,True
96,257,1346,1485,139,True
97,255,1346,1411,65,True
1,254,1347,1500,153,True
7,263,1347,1500,153,True
9,271,1347,1437,90,True
10,264,1347,1500,153,True
18,246,1347,1437,90,True
21,245,1347,1420,73,True
25,273,1347,1437,90,True
26,275,1347,1500,153,True
29,257,1347,1420,73,True
34,260,1347,1420,73,True
50,264,1347,1411,64,True
51,266,1347,1411,64,True
66,264,1347,1411,64,True
69,283,1347,1443,96,True
73,276,1347,1411,64,True
76,288,1347,1443,96,True
82,283,1347,1411,64,True
85,258,1347,1443,96,True
87,262,1347,1443,96,True
93,256,1347,1443,96,True
99,264,1347,1411,64,True
1,255,1348,1500,152,True
3,287,1348,1437,89,True
9,272,1348,1437,89,True
14,279,1348,1420,72,True
16,273,1348,1500,152,True
18,247,1348,1437,89,True
23,287,1348,1437,89,True
27,281,1348,1437,89,True
28,282,1348,1437,89,True
31,279,1348,1437,89,True
37,274,1348,1500,152,True
40,291,1348,1500,152,True
41,295,1348,1500,152,True
43,262,1348,1437,89,True
52,259,1348,,,False
63,288,1348,1443,95,True
80,277,1348,1411,63,True
82,284,1348,1411,63,True
83,263,1348,1411,63,True
84,254,1348,1411,63,True
88,279,1348,1443,95,True
89,256,1348,1443,95,True
90,277,1348,1411,63,True
94,271,1348,1411,63,True
0,294,1349,1500,151,True
2,272,1349,1437,88,True
8,274,1349,1420,71,True
16,274,1349,1500,151,True
18,248,1349,1437,88,True
23,288,1349,1437,88,True
24,248,1349,1500,151,True
26,276,1349,1500,151,True
39,250,1349,1500,151,True
49,282,1349,1500,151,True
52,260,1349,,,False
57,256,1349,1387,38,True
58,266,1349,1443,94,True
62,251,1349,1443,94,True
64,267,1349,1411,62,True
75,269,1349,1443,94,True
82,285,1349,1411,62,True
84,255,1349,1411,62,True
89,257,1349,1443,94,True
11,258,1350,1420,70,True
22,292,1350,1437,87,True
35,274,1350,1437,87,True
36,278,1350,1500,150,True
49,283,1350,1500,150,True
51,267,1350,1411,61,True
54,307,1350,1443,93,True
58,267,1350,1443,93,True
60,280,1350,1443,93,True
64,268,1350,1411,61,True
74,268,1350,1443,93,True
75,270,1350,1443,93,True
90,278,1350,1411,61,True
94,272,1350,1411,61,True
6,277,1351,1437,86,True
7,264,1351,1500,149,True
11,259,1351,1420,69,True
18,249,1351,1437,86,True
21,246,1351,1500,149,True
25,274,1351,1437,86,True
29,258,1351,1420,69,True
35,275,1351,1437,86,True
36,279,1351,1500,149,True
44,272,1351,1500,149,True
48,272,1351,1437,86,True
53,233,1351,1443,92,True
57,257,1351,1387,36,True
58,268,1351,1443,92,True
61,267,1351,1387,36,True
64,269,1351,1411,60,True
76,289,1351,1443,92,True
78,290,1351,1443,92,True
87,263,1351,1443,92,True
90,279,1351,1411,60,True
91,260,1351,1411,60,True
95,262,1351,1411,60,True
99,265,1351,1411,60,True
4,271,1352,1437,85,True
12,274,1352,1500,148,True
29,259,1352,1420,68,True
37,275,1352,1500,148,True
43,263,1352,1437,85,True
46,279,1352,1437,85,True
53,234,1352,1443,91,True
59,276,1352,1411,59,True
60,281,1352,1443,91,True
64,270,1352,1411,59,True
73,277,1352,1443,91,True
74,269,1352,1443,91,True
75,271,1352,1443,91,True
77,280,1352,1443,91,True
80,278,1352,1411,59,True
82,286,1352,1443,91,True
85,259,1352,1443,91,True
86,280,1352,1411,59,True
88,280,1352,1443,91,True
90,280,1352,1411,59,True
97,256,1352,1420,68,True
98,252,1352,1411,59,True
2,273,1353,1437,84,True
3,288,1353,1437,84,True
6,278,1353,1437,84,True
7,265,1353,1500,147,True
9,273,1353,1437,84,True
11,260,1353,1500,147,True
14,280,1353,1420,67,True
19,264,1353,1554,201,True
29,260,1353,1420,67,True
39,251,1353,1500,147,True
43,264,1353,1437,84,True
53,235,1353,1443,90,True
55,261,1353,1443,90,True
57,258,1353,1426,73,True
63,289,1353,1443,90,True
64,271,1353,1411,58,True
88,281,1353,1443,90,True
90,281,1353,1411,58,True
94,273,1353,1411,58,True
13,282,1354,1500,146,True
16,275,1354,1500,146,True
35,276,1354,1437,83,True
46,280,1354,1437,83,True
47,259,1354,1420,66,True
49,284,1354,1500,146,True
53,236,1354,1443,89,True
59,277,1354,1411,57,True
60,282,1354,1443,89,True
64,272,1354,1436,82,True
69,284,1354,1443,89,True
72,266,1354,1411,57,True
78,291,1354,1443,89,True
79,268,1354,1443,89,True
82,287,1354,1443,89,True
87,264,1354,1443,89,True
94,274,1354,1411,57,True
7,266,1355,1500,145,True
11,261,1355,1500,145,True
28,283,1355,1437,82,True
33,254,1355,1420,65,True
35,277,1355,1437,82,True
41,296,1355,1500,145,True
50,265,1355,1443,88,True
61,268,1355,1411,56,True
64,273,1355,1436,81,True
67,273,1355,1411,56,True
75,272,1355,1443,88,True
77,281,1355,1443,88,True
80,279,1355,1411,56,True
87,265,1355,1443,88,True
91,261,1355,1411,56,True
2,274,1356,1437,81,True
12,275,1356,1500,144,True
13,283,1356,1500,144,True
14,281,1356,1420,64,True
15,266,1356,1420,64,True
18,250,1356,1437,81,True
32,247,1356,1500,144,True
35,278,1356,1437,81,True
37,276,1356,1500,144,True
41,297,1356,1500,144,True
53,237,1356,1443,87,True
54,308,1356,1443,87,True
56,267,1356,1443,87,True
58,269,1356,1485,129,True
62,252,1356,1443,87,True
66,265,1356,1443,87,True
67,274,1356,1411,55,True
80,280,1356,1443,87,True
89,258,1356,1443,87,True
92,279,1356,1443,87,True
94,275,1356,1411,55,True
95,263,1356,1443,87,True
97,257,1356,1420,64,True
0,295,1357,1500,143,True
14,282,1357,1420,63,True
27,282,1357,1437,80,True
28,284,1357,1437,80,True
35,279,1357,1437,80,True
38,237,1357,1500,143,True
47,260,1357,1500,143,True
48,273,1357,1437,80,True
50,266,1357,1443,86,True
64,274,1357,1436,79,True
69,285,1357,1443,86,True
70,279,1357,1443,86,True
71,270,1357,1443,86,True
75,273,1357,1443,86,True
79,269,1357,1443,86,True
81,241,1357,1443,86,True
95,264,1357,1443,86,True
97,258,1357,1420,63,True
98,253,1357,1411,54,True
99,266,1357,1411,54,True
0,296,1358,1500,142,True
4,272,1358,1500,142,True
10,265,1358,1500,142,True
11,262,1358,1500,142,True
12,276,1358,1500,142,True
17,244,1358,1500,142,True
21,247,1358,1500,142,True
23,289,1358,1500,142,True
32,248,1358,1500,142,True
33,255,1358,1500,142,True
40,292,1358,1500,142,True
45,262,1358,1420,62,True
58,270,1358,1485,127,True
59,278,1358,1443,85,True
72,267,1358,1411,53,True
83,264,1358,1443,85,True
86,281,1358,1443,85,True
92,280,1358,1443,85,True
95,265,1358,1443,85,True
98,254,1358,1420,62,True
99,267,1358,1443,85,True
22,293,1359,1500,141,True
28,285,1359,1437,78,True
30,278,1359,1437,78,True
33,256,1359,1500,141,True
36,280,1359,1500,141,True
42,286,1359,1500,141,True
45,263,1359,1420,61,True
60,283,1359,1443,84,True
61,269,1359,1411,52,True
64,275,1359,1436,77,True
66,266,1359,1443,84,True
72,268,1359,1411,52,True
74,270,1359,1443,84,True
78,292,1359,1443,84,True
79,270,1359,1443,84,True
83,265,1359,1443,84,True
86,282,1359,1443,84,True
94,276,1359,1411,52,True
98,255,1359,1420,61,True
2,275,1360,1500,140,True
3,289,1360,1500,140,True
11,263,1360,1500,140,True
24,249,1360,1500,140,True
29,261,1360,1500,140,True
35,280,1360,1437,77,True
38,238,1360,1500,140,True
39,252,1360,1500,140,True
45,264,1360,1420,60,True
47,261,1360,1500,140,True
52,261,1360,,,False
53,238,1360,1443,83,True
54,309,1360,1443,83,True
57,259,1360,1426,66,True
59,279,1360,1443,83,True
66,267,1360,1443,83,True
71,271,1360,1443,83,True
97,259,1360,1420,60,True
3,290,1361,1500,139,True
4,273,1361,1500,139,True
8,275,1361,1500,139,True
9,274,1361,1437,76,True
17,245,1361,1500,139,True
28,286,1361,1437,76,True
31,280,1361,1437,76,True
32,249,1361,1500,139,True
33,257,1361,1500,139,True
37,277,1361,1500,139,True
38,239,1361,1500,139,True
40,293,1361,1500,139,True
50,267,1361,1443,82,True
51,268,1361,1443,82,True
53,239,1361,1443,82,True
58,271,1361,1485,124,True
60,284,1361,1443,82,True
63,290,1361,1443,82,True
64,276,1361,1436,75,True
67,275,1361,1411,50,True
69,286,1361,1443,82,True
75,274,1361,1443,82,True
76,290,1361,1443,82,True
77,282,1361,1443,82,True
79,271,1361,1443,82,True
81,242,1361,1443,82,True
86,283,1361,1443,82,True
87,266,1361,1443,82,True
91,262,1361,1411,50,True
94,277,1361,1411,50,True
97,260,1361,1420,59,True
0,297,1362,1500,138,True
3,291,1362,1500,138,True
7,267,1362,1500,138,True
11,264,1362,1500,138,True
14,283,1362,1500,138,True
23,290,1362,1500,138,True
25,275,1362,1437,75,True
27,283,1362,1500,138,True
28,287,1362,1437,75,True
43,265,1362,1500,138,True
44,273,1362,1500,138,True
45,265,1362,1420,58,True
46,281,1362,1500,138,True
55,262,1362,1528,166,True
61,270,1362,1420,58,True
68,285,1362,1411,49,True
69,287,1362,1443,81,True
70,280,1362,1443,81,True
78,293,1362,1443,81,True
79,272,1362,1443,81,True
81,243,1362,1443,81,True
84,256,1362,1485,123,True
88,282,1362,1443,81,True
90,282,1362,1485,123,True
3,292,1363,1500,137,True
8,276,1363,1500,137,True
10,266,1363,1500,137,True
14,284,1363,1500,137,True
16,276,1363,1500,137,True
25,276,1363,1437,74,True
36,281,1363,1500,137,True
38,240,1363,1500,137,True
43,266,1363,1500,137,True
49,285,1363,1500,137,True
52,262,1363,,,False
53,240,1363,1443,80,True
56,268,1363,1443,80,True
59,280,1363,1443,80,True
73,278,1363,1443,80,True
76,291,1363,1443,80,True
78,294,1363,1443,80,True
85,260,1363,1443,80,True
89,259,1363,1443,80,True
92,281,1363,1443,80,True
1,256,1364,1500,136,True
9,275,1364,1437,73,True
12,277,1364,1500,136,True
16,277,1364,1500,136,True
20,269,1364,1420,56,True
24,250,1364,1500,136,True
33,258,1364,1500,136,True
41,298,1364,1500,136,True
44,274,1364,1500,136,True
46,282,1364,1500,136,True
48,274,1364,1437,73,True
49,286,1364,1500,136,True
51,269,1364,1443,79,True
54,310,1364,1443,79,True
62,253,1364,1443,79,True
64,277,1364,1436,72,True
65,284,1364,1443,79,True
67,276,1364,1443,79,True
72,269,1364,1411,47,True
86,284,1364,1443,79,True
97,261,1364,1420,56,True
99,268,1364,1443,79,True
1,257,1365,1500,135,True
6,279,1365,1437,72,True
13,284,1365,1500,135,True
19,265,1365,1554,189,True
21,248,1365,1500,135,True
28,288,1365,1437,72,True
30,279,1365,1437,72,True
37,278,1365,1500,135,True
39,253,1365,1500,135,True
54,311,1365,1443,78,True
58,272,1365,1485,120,True
73,279,1365,1443,78,True
80,281,1365,1443,78,True
84,257,1365,1485,120,True
85,261,1365,1443,78,True
94,278,1365,1443,78,True
95,266,1365,1443,78,True
97,262,1365,1420,55,True
99,269,1365,1443,78,True
12,278,1366,1500,134,True
17,246,1366,1500,134,True
18,251,1366,1437,71,True
25,277,1366,1437,71,True
29,262,1366,1500,134,True
34,261,1366,1437,71,True
35,281,1366,1437,71,True
36,282,1366,1500,134,True
38,241,1366,1500,134,True
39,254,1366,1500,134,True
44,275,1366,1500,134,True
46,283,1366,1500,134,True
55,263,1366,1528,162,True
66,268,1366,1443,77,True
71,272,1366,1443,77,True
73,280,1366,1443,77,True
99,270,1366,1443,77,True
5,275,1367,1500,133,True
6,280,1367,1437,70,True
14,285,1367,1500,133,True
15,267,1367,1420,53,True
17,247,1367,1500,133,True
20,270,1367,1420,53,True
21,249,1367,1500,133,True
27,284,1367,1500,133,True
28,289,1367,1437,70,True
31,281,1367,1437,70,True
33,259,1367,1500,133,True
35,282,1367,1437,70,True
36,283,1367,1500,133,True
41,299,1367,1500,133,True
51,270,1367,1443,76,True
60,285,1367,1485,118,True
64,278,1367,1436,69,True
65,285,1367,1443,76,True
75,275,1367,1443,76,True
81,244,1367,1443,76,True
82,288,1367,1443,76,True
88,283,1367,1485,118,True
99,271,1367,1443,76,True
2,276,1368,1500,132,True
4,274,1368,1500,132,True
9,276,1368,1437,69,True
20,271,1368,1420,52,True
26,277,1368,1500,132,True
30,280,1368,1437,69,True
35,283,1368,1437,69,True
37,279,1368,1500,132,True
43,267,1368,1500,132,True
49,287,1368,1500,132,True
50,268,1368,1443,75,True
58,273,1368,1485,117,True
62,254,1368,1443,75,True
72,270,1368,1436,68,True
77,283,1368,1443,75,True
81,245,1368,1443,75,True
83,266,1368,1443,75,True
88,284,1368,1485,117,True
90,283,1368,1485,117,True
92,282,1368,1443,75,True
94,279,1368,1443,75,True
95,267,1368,1443,75,True
96,258,1368,1485,117,True
2,277,1369,1500,131,True
11,265,1369,1500,131,True
20,272,1369,1420,51,True
29,263,1369,1500,131,True
34,262,1369,1437,68,True
35,284,1369,1437,68,True
36,284,1369,1500,131,True
38,242,1369,1500,131,True
50,269,1369,1443,74,True
51,271,1369,1443,74,True
54,312,1369,1443,74,True
57,260,1369,1426,57,True
59,281,1369,1443,74,True
63,291,1369,1443,74,True
64,279,1369,1436,67,True
84,258,1369,1485,116,True
94,280,1369,1443,74,True
2,278,1370,1500,130,True
3,293,1370,1500,130,True
8,277,1370,1500,130,True
16,278,1370,1500,130,True
21,250,1370,1500,130,True
25,278,1370,1437,67,True
26,278,1370,1500,130,True
31,282,1370,1500,130,True
32,250,1370,1500,130,True
37,280,1370,1500,130,True
40,294,1370,1500,130,True
44,276,1370,1500,130,True
45,266,1370,1437,67,True
48,275,1370,1437,67,True
58,274,1370,1485,115,True
64,280,1370,1436,66,True
77,284,1370,1443,73,True
88,285,1370,1485,115,True
7,268,1371,1500,129,True
13,285,1371,1500,129,True
14,286,1371,1500,129,True
17,248,1371,1500,129,True
18,252,1371,1500,129,True
26,279,1371,1500,129,True
31,283,1371,1500,129,True
35,285,1371,1437,66,True
36,285,1371,1500,129,True
39,255,1371,1500,129,True
40,295,1371,1500,129,True
57,261,1371,1426,55,True
58,275,1371,1485,114,True
60,286,1371,1485,114,True
68,286,1371,1443,72,True
75,276,1371,1443,72,True
83,267,1371,1443,72,True
91,263,1371,1443,72,True
94,281,1371,1443,72,True
95,268,1371,1443,72,True
98,256,1371,1436,65,True
2,279,1372,1500,128,True
4,275,1372,1500,128,True
9,277,1372,1500,128,True
16,279,1372,1500,128,True
20,273,1372,1420,48,True
21,251,1372,1500,128,True
24,251,1372,1500,128,True
36,286,1372,1500,128,True
38,243,1372,1500,128,True
47,262,1372,1500,128,True
56,269,1372,1443,71,True
75,277,1372,1443,71,True
81,246,1372,1443,71,True
84,259,1372,1485,113,True
88,286,1372,1485,113,True
94,282,1372,1443,71,True
98,257,1372,1436,64,True
0,298,1373,1500,127,True
1,258,1373,1500,127,True
2,280,1373,1500,127,True
5,276,1373,1500,127,True
6,281,1373,1554,181,True
7,269,1373,1500,127,True
16,280,1373,1500,127,True
17,249,1373,1500,127,True
30,281,1373,1437,64,True
40,296,1373,1500,127,True
53,241,1373,1485,112,True
54,313,1373,1485,112,True
56,270,1373,1443,70,True
57,262,1373,1443,70,True
69,288,1373,1443,70,True
74,271,1373,1443,70,True
77,285,1373,1443,70,True
86,285,1373,1443,70,True
90,284,1373,1485,112,True
99,272,1373,1443,70,True
1,259,1374,1500,126,True
4,276,1374,1500,126,True
11,266,1374,1500,126,True
13,286,1374,1500,126,True
14,287,1374,1500,126,True
16,281,1374,1500,126,True
18,253,1374,1500,126,True
19,266,1374,1554,180,True
20,274,1374,1420,46,True
26,280,1374,1500,126,True
31,284,1374,1500,126,True
42,287,1374,1500,126,True
47,263,1374,1500,126,True
53,242,1374,1485,111,True
58,276,1374,1485,111,True
64,281,1374,1436,62,True
65,286,1374,1500,126,True
66,269,1374,1485,111,True
69,289,1374,1443,69,True
73,281,1374,1485,111,True
74,272,1374,1443,69,True
87,267,1374,1485,111,True
89,260,1374,1485,111,True
90,285,1374,1485,111,True
9,278,1375,1500,125,True
11,267,1375,1500,125,True
20,275,1375,1420,45,True
21,252,1375,1500,125,True
25,279,1375,1500,125,True
28,290,1375,1500,125,True
37,281,1375,1500,125,True
40,297,1375,1500,125,True
41,300,1375,1500,125,True
45,267,1375,1437,62,True
49,288,1375,1500,125,True
55,264,1375,1528,153,True
56,271,1375,1443,68,True
58,277,1375,1485,110,True
65,287,1375,1500,125,True
67,277,1375,1443,68,True
78,295,1375,1443,68,True
88,287,1375,1485,110,True
90,286,1375,1485,110,True
93,257,1375,1485,110,True
6,282,1376,1554,178,True
12,279,1376,1500,124,True
16,282,1376,1500,124,True
19,267,1376,1554,178,True
24,252,1376,1500,124,True
29,264,1376,1500,124,True
31,285,1376,1500,124,True
37,282,1376,1500,124,True
43,268,1376,1500,124,True
51,272,1376,1443,67,True
52,263,1376,,,False
56,272,1376,1443,67,True
65,288,1376,1500,124,True
70,281,1376,1443,67,True
71,273,1376,1485,109,True
76,292,1376,1443,67,True
77,286,1376,1443,67,True
81,247,1376,1443,67,True
83,268,1376,1485,109,True
86,286,1376,1443,67,True
87,268,1376,1485,109,True
88,288,1376,1485,109,True
89,261,1376,1485,109,True
91,264,1376,1443,67,True
92,283,1376,1443,67,True
93,258,1376,1485,109,True
94,283,1376,1443,67,True
96,259,1376,1485,109,True
5,277,1377,1500,123,True
12,280,1377,1500,123,True
15,268,1377,1500,123,True
16,283,1377,1500,123,True
19,268,1377,1554,177,True
22,294,1377,1500,123,True
24,253,1377,1500,123,True
27,285,1377,1500,123,True
28,291,1377,1500,123,True
29,265,1377,1500,123,True
31,286,1377,1500,123,True
32,251,1377,1500,123,True
34,263,1377,1437,60,True
38,244,1377,1500,123,True
40,298,1377,1500,123,True
44,277,1377,1500,123,True
46,284,1377,1500,123,True
52,264,1377,,,False
54,314,1377,1485,108,True
55,265,1377,1528,151,True
61,271,1377,1436,59,True
67,278,1377,1443,66,True
74,273,1377,1443,66,True
76,293,1377,1443,66,True
81,248,1377,1443,66,True
88,289,1377,1485,108,True
96,260,1377,1485,108,True
0,299,1378,1500,122,True
1,260,1378,1500,122,True
5,278,1378,1500,122,True
12,281,1378,1500,122,True
16,284,1378,1500,122,True
18,254,1378,1500,122,True
29,266,1378,1500,122,True
30,282,1378,1437,59,True
35,286,1378,1437,59,True
40,299,1378,1500,122,True
48,276,1378,1500,122,True
50,270,1378,1443,65,True
51,273,1378,1443,65,True
54,315,1378,1485,107,True
57,263,1378,1443,65,True
59,282,1378,1443,65,True
61,272,1378,1436,58,True
66,270,1378,1485,107,True
82,289,1378,1443,65,True
84,260,1378,1485,107,True
87,269,1378,1485,107,True
94,284,1378,1443,65,True
97,263,1378,1485,107,True
99,273,1378,1485,107,True
7,270,1379,1500,121,True
10,267,1379,1500,121,True
11,268,1379,1500,121,True
13,287,1379,1554,175,True
15,269,1379,1500,121,True
30,283,1379,1437,58,True
34,264,1379,1437,58,True
52,265,1379,,,False
56,273,1379,1443,64,True
58,278,1379,1485,106,True
60,287,1379,1485,106,True
64,282,1379,1470,91,True
67,279,1379,1485,106,True
68,287,1379,1468,89,True
70,282,1379,1443,64,True
88,290,1379,1485,106,True
94,285,1379,1443,64,True
97,264,1379,1485,106,True
99,274,1379,1485,106,True
1,261,1380,1500,120,True
8,278,1380,1500,120,True
9,279,1380,1500,120,True
10,268,1380,1500,120,True
11,269,1380,1500,120,True
16,285,1380,1500,120,True
18,255,1380,1500,120,True
25,280,1380,1500,120,True
28,292,1380,1500,120,True
38,245,1380,1500,120,True
39,256,1380,1500,120,True
47,264,1380,1500,120,True
52,266,1380,,,False
54,316,1380,1485,105,True
60,288,1380,1485,105,True
65,289,1380,1500,120,True
66,271,1380,1485,105,True
68,288,1380,1468,88,True
84,261,1380,1485,105,True
85,262,1380,1485,105,True
86,287,1380,1443,63,True
90,287,1380,1485,105,True
92,284,1380,1485,105,True
97,265,1380,1485,105,True
7,271,1381,1500,119,True
10,269,1381,1500,119,True
13,288,1381,1554,173,True
14,288,1381,1500,119,True
16,286,1381,1500,119,True
26,281,1381,1500,119,True
29,267,1381,1500,119,True
38,246,1381,1500,119,True
54,317,1381,1485,104,True
55,266,1381,1528,147,True
56,274,1381,1443,62,True
70,283,1381,1443,62,True
95,269,1381,1485,104,True
9,280,1382,1500,118,True
16,287,1382,1554,172,True
21,253,1382,1500,118,True
35,287,1382,1437,55,True
40,300,1382,1500,118,True
46,285,1382,1500,118,True
53,243,1382,1485,103,True
68,289,1382,1468,86,True
69,290,1382,1485,103,True
74,274,1382,1528,146,True
77,287,1382,1443,61,True
81,249,1382,1443,61,True
84,262,1382,1485,103,True
85,263,1382,1485,103,True
92,285,1382,1485,103,True
93,259,1382,1485,103,True
97,266,1382,1485,103,True
99,275,1382,1485,103,True
5,279,1383,1500,117,True
12,282,1383,1500,117,True
14,289,1383,1500,117,True
15,270,1383,1500,117,True
20,276,1383,1439,56,True
29,268,1383,1500,117,True
33,260,1383,1500,117,True
39,257,1383,1500,117,True
41,301,1383,1500,117,True
50,271,1383,1443,60,True
51,274,1383,1485,102,True
60,289,1383,1485,102,True
62,255,1383,1485,102,True
63,292,1383,1485,102,True
66,272,1383,1485,102,True
69,291,1383,1485,102,True
70,284,1383,1500,117,True
71,274,1383,1485,102,True
73,282,1383,1485,102,True
75,278,1383,1485,102,True
77,288,1383,1485,102,True
81,250,1383,1443,60,True
82,290,1383,1528,145,True
83,269,1383,1485,102,True
87,270,1383,1485,102,True
93,260,1383,1485,102,True
6,283,1384,1554,170,True
7,272,1384,1500,116,True
13,289,1384,1554,170,True
14,290,1384,1500,116,True
17,250,1384,1500,116,True
19,269,1384,1554,170,True
20,277,1384,1439,55,True
21,254,1384,1500,116,True
22,295,1384,1500,116,True
23,291,1384,1500,116,True
24,254,1384,1500,116,True
26,282,1384,1500,116,True
37,283,1384,1500,116,True
41,302,1384,1500,116,True
43,269,1384,1500,116,True
45,268,1384,1500,116,True
48,277,1384,1500,116,True
49,289,1384,1554,170,True
51,275,1384,1485,101,True
53,244,1384,1485,101,True
55,267,1384,1528,144,True
57,264,1384,1443,59,True
62,256,1384,1485,101,True
68,290,1384,1468,84,True
69,292,1384,1485,101,True
70,285,1384,1500,116,True
75,279,1384,1485,101,True
76,294,1384,1485,101,True
83,270,1384,1485,101,True
90,288,1384,1485,101,True
93,261,1384,1485,101,True
96,261,1384,1485,101,True
99,276,1384,1485,101,True
1,262,1385,1500,115,True
4,277,1385,1500,115,True
9,281,1385,1554,169,True
13,290,1385,1554,169,True
14,291,1385,1500,115,True
18,256,1385,1500,115,True
20,278,1385,1439,54,True
23,292,1385,1500,115,True
25,281,1385,1500,115,True
28,293,1385,1500,115,True
31,287,1385,1500,115,True
32,252,1385,1500,115,True
33,261,1385,1500,115,True
37,284,1385,1500,115,True
42,288,1385,1500,115,True
47,265,1385,1500,115,True
61,273,1385,1443,58,True
71,275,1385,1485,100,True
73,283,1385,1485,100,True
74,275,1385,1528,143,True
76,295,1385,1485,100,True
80,282,1385,1468,83,True
84,263,1385,1485,100,True
88,291,1385,1485,100,True
91,265,1385,1485,100,True
95,270,1385,1485,100,True
96,262,1385,1485,100,True
8,279,1386,1500,114,True
15,271,1386,1500,114,True
24,255,1386,1500,114,True
26,283,1386,1500,114,True
30,284,1386,1500,114,True
40,301,1386,1500,114,True
53,245,1386,1485,99,True
57,265,1386,1443,57,True
68,291,1386,1468,82,True
69,293,1386,1485,99,True
74,276,1386,1528,142,True
80,283,1386,1468,82,True
81,251,1386,1485,99,True
83,271,1386,1485,99,True
96,263,1386,1485,99,True
3,294,1387,1500,113,True
7,273,1387,1500,113,True
14,292,1387,1500,113,True
15,272,1387,1500,113,True
16,288,1387,1554,167,True
28,294,1387,1500,113,True
29,269,1387,1500,113,True
30,285,1387,1500,113,True
36,287,1387,1500,113,True
50,272,1387,1443,56,True
52,267,1387,,,False
58,279,1387,1485,98,True
64,283,1387,1470,83,True
66,273,1387,1485,98,True
71,276,1387,1485,98,True
76,296,1387,1485,98,True
86,288,1387,1514,127,True
88,292,1387,1485,98,True
89,262,1387,1485,98,True
9,282,1388,1554,166,True
16,289,1388,1554,166,True
20,279,1388,1439,51,True
26,284,1388,1500,112,True
28,295,1388,1500,112,True
29,270,1388,1500,112,True
30,286,1388,1554,166,True
31,288,1388,1500,112,True
40,302,1388,1500,112,True
42,289,1388,1500,112,True
44,278,1388,1500,112,True
46,286,1388,1500,112,True
49,290,1388,1554,166,True
54,318,1388,1485,97,True
55,268,1388,1528,140,True
60,290,1388,1485,97,True
62,257,1388,1485,97,True
68,292,1388,1468,80,True
76,297,1388,1485,97,True
82,291,1388,1528,140,True
88,293,1388,1485,97,True
93,262,1388,1485,97,True
98,258,1388,1468,80,True
99,277,1388,1485,97,True
0,300,1389,1500,111,True
2,281,1389,1500,111,True
15,273,1389,1500,111,True
24,256,1389,1500,111,True
26,285,1389,1500,111,True
31,289,1389,1500,111,True
32,253,1389,1500,111,True
33,262,1389,1500,111,True
36,288,1389,1500,111,True
38,247,1389,1500,111,True
52,268,1389,,,False
53,246,1389,1485,96,True
56,275,1389,1485,96,True
61,274,1389,1443,54,True
70,286,1389,1500,111,True
71,277,1389,1485,96,True
72,271,1389,1470,81,True
82,292,1389,1528,139,True
87,271,1389,1528,139,True
93,263,1389,1485,96,True
1,263,1390,1500,110,True
9,283,1390,1554,164,True
12,283,1390,1500,110,True
18,257,1390,1500,110,True
22,296,1390,1500,110,True
27,286,1390,1500,110,True
28,296,1390,1500,110,True
32,254,1390,1500,110,True
33,263,1390,1500,110,True
34,265,1390,1500,110,True
44,279,1390,1500,110,True
46,287,1390,1500,110,True
47,266,1390,1500,110,True
48,278,1390,1500,110,True
49,291,1390,1554,164,True
59,283,1390,1485,95,True
65,290,1390,1500,110,True
78,296,1390,1485,95,True
83,272,1390,1485,95,True
96,264,1390,1485,95,True
1,264,1391,1500,109,True
10,270,1391,1500,109,True
16,290,1391,1554,163,True
19,270,1391,1554,163,True
28,297,1391,1500,109,True
31,290,1391,1500,109,True
36,289,1391,1500,109,True
45,269,1391,1500,109,True
48,279,1391,1500,109,True
70,287,1391,1500,109,True
71,278,1391,1485,94,True
72,272,1391,1470,79,True
75,280,1391,1485,94,True
89,263,1391,1485,94,True
90,289,1391,1485,94,True
93,264,1391,1485,94,True
3,295,1392,1500,108,True
4,278,1392,1500,108,True
23,293,1392,1500,108,True
25,282,1392,1500,108,True
26,286,1392,1500,108,True
29,271,1392,1500,108,True
39,258,1392,1500,108,True
40,303,1392,1500,108,True
45,270,1392,1500,108,True
49,292,1392,1554,162,True
51,276,1392,1485,93,True
66,274,1392,1485,93,True
77,289,1392,1485,93,True
78,297,1392,1485,93,True
82,293,1392,1528,136,True
87,272,1392,1528,136,True
92,286,1392,1485,93,True
94,286,1392,1485,93,True
95,271,1392,1485,93,True
1,265,1393,1500,107,True
5,280,1393,1500,107,True
9,284,1393,1554,161,True
11,270,1393,1500,107,True
32,255,1393,1500,107,True
38,248,1393,1500,107,True
41,303,1393,1500,107,True
45,271,1393,1500,107,True
59,284,1393,1485,92,True
60,291,1393,1485,92,True
62,258,1393,1485,92,True
63,293,1393,1528,135,True
64,284,1393,1470,77,True
70,288,1393,1500,107,True
74,277,1393,1528,135,True
91,266,1393,1485,92,True
92,287,1393,1485,92,True
93,265,1393,1485,92,True
0,301,1394,1500,106,True
9,285,1394,1554,160,True
11,271,1394,1500,106,True
12,284,1394,1500,106,True
13,291,1394,1554,160,True
34,266,1394,1500,106,True
35,288,1394,1500,106,True
36,290,1394,1500,106,True
38,249,1394,1500,106,True
40,304,1394,1500,106,True
45,272,1394,1500,106,True
47,267,1394,1500,106,True
49,293,1394,1554,160,True
50,273,1394,1485,91,True
54,319,1394,1485,91,True
59,285,1394,1485,91,True
69,294,1394,1485,91,True
73,284,1394,1485,91,True
88,294,1394,1485,91,True
90,290,1394,1485,91,True
98,259,1394,1485,91,True
1,266,1395,1500,105,True
17,251,1395,1554,159,True
21,255,1395,1500,105,True
22,297,1395,1500,105,True
41,304,1395,1500,105,True
42,290,1395,1500,105,True
43,270,1395,1500,105,True
44,280,1395,1500,105,True
46,288,1395,1500,105,True
50,274,1395,1485,90,True
67,280,1395,1485,90,True
84,264,1395,1485,90,True
85,264,1395,1485,90,True
89,264,1395,1485,90,True
94,287,1395,1485,90,True
97,267,1395,1485,90,True
7,274,1396,1554,158,True
11,272,1396,1500,104,True
23,294,1396,1500,104,True
27,287,1396,1500,104,True
30,287,1396,1554,158,True
33,264,1396,1500,104,True
35,289,1396,1500,104,True
38,250,1396,1500,104,True
39,259,1396,1500,104,True
44,281,1396,1500,104,True
48,280,1396,1500,104,True
51,277,1396,1528,132,True
53,247,1396,1528,132,True
65,291,1396,1500,104,True
69,295,1396,1528,132,True
80,284,1396,1485,89,True
84,265,1396,1485,89,True
88,295,1396,1485,89,True
93,266,1396,1485,89,True
19,271,1397,1554,157,True
23,295,1397,1500,103,True
26,287,1397,1500,103,True
37,285,1397,1500,103,True
46,289,1397,1500,103,True
66,275,1397,1485,88,True
69,296,1397,1528,131,True
71,279,1397,1485,88,True
78,298,1397,1485,88,True
89,265,1397,1485,88,True
95,272,1397,1485,88,True
3,296,1398,1500,102,True
4,279,1398,1500,102,True
6,284,1398,1554,156,True
8,280,1398,1500,102,True
10,271,1398,1500,102,True
24,257,1398,1500,102,True
29,272,1398,1500,102,True
30,288,1398,1554,156,True
32,256,1398,1554,156,True
34,267,1398,1500,102,True
40,305,1398,1500,102,True
45,273,1398,1500,102,True
51,278,1398,1528,130,True
55,269,1398,1528,130,True
56,276,1398,1485,87,True
57,266,1398,1500,102,True
58,280,1398,1485,87,True
61,275,1398,1470,72,True
70,289,1398,1500,102,True
88,296,1398,1485,87,True
90,291,1398,1485,87,True
94,288,1398,1528,130,True
97,268,1398,1485,87,True
98,260,1398,1528,130,True
0,302,1399,1500,101,True
10,272,1399,1500,101,True
11,273,1399,1500,101,True
15,274,1399,1500,101,True
22,298,1399,1500,101,True
27,288,1399,1500,101,True
29,273,1399,1500,101,True
31,291,1399,1500,101,True
48,281,1399,1500,101,True
55,270,1399,1528,129,True
56,277,1399,1485,86,True
57,267,1399,1500,101,True
66,276,1399,1528,129,True
71,280,1399,1485,86,True
77,290,1399,1485,86,True
79,273,1399,1500,101,True
83,273,1399,1528,129,True
87,273,1399,1528,129,True
97,269,1399,1485,86,True
5,281,1400,1500,100,True
14,293,1400,1500,100,True
17,252,1400,1554,154,True
19,272,1400,1554,154,True
20,280,1400,1500,100,True
27,289,1400,1500,100,True
28,298,1400,1554,154,True
29,274,1400,1500,100,True
30,289,1400,1554,154,True
35,290,1400,1500,100,True
39,260,1400,1554,154,True
50,275,1400,1485,85,True
51,279,1400,1528,128,True
55,271,1400,1528,128,True
62,259,1400,1485,85,True
69,297,1400,1528,128,True
78,299,1400,1485,85,True
97,270,1400,1485,85,True
98,261,1400,1528,128,True
3,297,1401,1554,153,True
7,275,1401,1554,153,True
11,274,1401,1500,99,True
13,292,1401,1554,153,True
22,299,1401,1500,99,True
36,291,1401,1554,153,True
39,261,1401,1554,153,True
53,248,1401,1528,127,True
60,292,1401,1485,84,True
69,298,1401,1528,127,True
71,281,1401,1485,84,True
73,285,1401,1485,84,True
77,291,1401,1485,84,True
82,294,1401,1528,127,True
85,265,1401,1485,84,True
6,285,1402,1554,152,True
9,286,1402,1554,152,True
20,281,1402,1500,98,True
21,256,1402,1500,98,True
27,290,1402,1500,98,True
39,262,1402,1554,152,True
41,305,1402,1554,152,True
58,281,1402,1485,83,True
68,293,1402,1485,83,True
77,292,1402,1485,83,True
81,252,1402,1485,83,True
86,289,1402,1514,112,True
3,298,1403,1554,151,True
6,286,1403,1554,151,True
13,293,1403,1554,151,True
38,251,1403,1500,97,True
44,282,1403,1554,151,True
47,268,1403,1500,97,True
62,260,1403,1485,82,True
67,281,1403,1485,82,True
69,299,1403,1528,125,True
75,281,1403,1485,82,True
78,300,1403,1485,82,True
90,292,1403,1485,82,True
92,288,1403,1485,82,True
96,265,1403,1485,82,True
99,278,1403,1485,82,True
6,287,1404,1554,150,True
18,258,1404,1554,150,True
27,291,1404,1500,96,True
29,275,1404,1500,96,True
30,290,1404,1554,150,True
36,292,1404,1554,150,True
38,252,1404,1500,96,True
40,306,1404,1500,96,True
43,271,1404,1500,96,True
57,268,1404,1500,96,True
66,277,1404,1528,124,True
72,273,1404,1500,96,True
74,278,1404,1528,124,True
77,293,1404,1485,81,True
81,253,1404,1485,81,True
86,290,1404,1514,110,True
94,289,1404,1528,124,True
95,273,1404,1528,124,True
96,266,1404,1485,81,True
8,281,1405,1500,95,True
10,273,1405,1554,149,True
14,294,1405,1500,95,True
28,299,1405,1554,149,True
29,276,1405,1500,95,True
30,291,1405,1554,149,True
34,268,1405,1500,95,True
36,293,1405,1554,149,True
42,291,1405,1500,95,True
44,283,1405,1554,149,True
45,274,1405,1500,95,True
53,249,1405,1528,123,True
54,320,1405,1485,80,True
55,272,1405,1528,123,True
56,278,1405,1485,80,True
62,261,1405,1485,80,True
68,294,1405,1528,123,True
69,300,1405,1528,123,True
80,285,1405,1528,123,True
81,254,1405,1485,80,True
88,297,1405,1485,80,True
96,267,1405,1485,80,True
98,262,1405,1528,123,True
4,280,1406,1500,94,True
16,291,1406,1554,148,True
21,257,1406,1500,94,True
25,283,1406,1554,148,True
26,288,1406,1500,94,True
42,292,1406,1500,94,True
45,275,1406,1500,94,True
46,290,1406,1500,94,True
52,269,1406,,,False
53,250,1406,1528,122,True
56,279,1406,1485,79,True
59,286,1406,1485,79,True
67,282,1406,1485,79,True
73,286,1406,1485,79,True
85,266,1406,1485,79,True
86,291,1406,1514,108,True
87,274,1406,1528,122,True
91,267,1406,1528,122,True
94,290,1406,1528,122,True
0,303,1407,1500,93,True
2,282,1407,1554,147,True
5,282,1407,1554,147,True
15,275,1407,1554,147,True
20,282,1407,1500,93,True
21,258,1407,1500,93,True
36,294,1407,1554,147,True
44,284,1407,1554,147,True
45,276,1407,1500,93,True
46,291,1407,1500,93,True
48,282,1407,1554,147,True
64,285,1407,1500,93,True
78,301,1407,1485,78,True
96,268,1407,1485,78,True
98,263,1407,1528,121,True
8,282,1408,1500,92,True
23,296,1408,1500,92,True
32,257,1408,1554,146,True
34,269,1408,1554,146,True
37,286,1408,1554,146,True
38,253,1408,1554,146,True
45,277,1408,1500,92,True
47,269,1408,1500,92,True
54,321,1408,1485,77,True
58,282,1408,1528,120,True
64,286,1408,1500,92,True
67,283,1408,1485,77,True
72,274,1408,1500,92,True
84,266,1408,1485,77,True
1,267,1409,1500,91,True
20,283,1409,1500,91,True
24,258,1409,1500,91,True
27,292,1409,1500,91,True
30,292,1409,1554,145,True
32,258,1409,1554,145,True
41,306,1409,1554,145,True
50,276,1409,1514,105,True
55,273,1409,1528,119,True
61,276,1409,1500,91,True
62,262,1409,1485,76,True
64,287,1409,1500,91,True
66,278,1409,1528,119,True
75,282,1409,1485,76,True
82,295,1409,1528,119,True
84,267,1409,1485,76,True
87,275,1409,1528,119,True
89,266,1409,1485,76,True
91,268,1409,1528,119,True
93,267,1409,1485,76,True
97,271,1409,1528,119,True
4,281,1410,1554,144,True
7,276,1410,1554,144,True
8,283,1410,1500,90,True
9,287,1410,1554,144,True
12,285,1410,1500,90,True
23,297,1410,1500,90,True
31,292,1410,1554,144,True
36,295,1410,1554,144,True
38,254,1410,1554,144,True
48,283,1410,1554,144,True
64,288,1410,1500,90,True
66,279,1410,1528,118,True
71,282,1410,1485,75,True
73,287,1410,1485,75,True
74,279,1410,1528,118,True
80,286,1410,1528,118,True
83,274,1410,1528,118,True
85,267,1410,1485,75,True
88,298,1410,1485,75,True
89,267,1410,1485,75,True
3,299,1411,1554,143,True
6,288,1411,1554,143,True
7,277,1411,1554,143,True
12,286,1411,1500,89,True
17,253,1411,1554,143,True
20,284,1411,1500,89,True
22,300,1411,1554,143,True
23,298,1411,1500,89,True
25,284,1411,1554,143,True
26,289,1411,1500,89,True
31,293,1411,1554,143,True
35,291,1411,1554,143,True
37,287,1411,1554,143,True
39,263,1411,1554,143,True
44,285,1411,1554,143,True
45,278,1411,1554,143,True
52,270,1411,,,False
53,251,1411,1528,117,True
59,287,1411,1485,74,True
68,295,1411,1528,117,True
72,275,1411,1500,89,True
77,294,1411,1485,74,True
86,292,1411,1514,103,True
89,268,1411,1485,74,True
90,293,1411,1485,74,True
92,289,1411,1485,74,True
94,291,1411,1528,117,True
95,274,1411,1528,117,True
97,272,1411,1528,117,True
99,279,1411,1485,74,True
2,283,1412,1554,142,True
5,283,1412,1554,142,True
9,288,1412,1554,142,True
25,285,1412,1554,142,True
32,259,1412,1554,142,True
36,296,1412,1554,142,True
41,307,1412,1554,142,True
44,286,1412,1554,142,True
45,279,1412,1554,142,True
48,284,1412,1554,142,True
52,271,1412,,,False
53,252,1412,1528,116,True
56,280,1412,1485,73,True
59,288,1412,1485,73,True
68,296,1412,1528,116,True
69,301,1412,1528,116,True
71,283,1412,1485,73,True
75,283,1412,1485,73,True
90,294,1412,1485,73,True
91,269,1412,1528,116,True
94,292,1412,1528,116,True
97,273,1412,1528,116,True
98,264,1412,1528,116,True
99,280,1412,1485,73,True
1,268,1413,1500,87,True
7,278,1413,1554,141,True
9,289,1413,1554,141,True
19,273,1413,1554,141,True
24,259,1413,1554,141,True
26,290,1413,1500,87,True
31,294,1413,1554,141,True
40,307,1413,1554,141,True
42,293,1413,1554,141,True
43,272,1413,1554,141,True
46,292,1413,1554,141,True
47,270,1413,1554,141,True
51,280,1413,1528,115,True
53,253,1413,1528,115,True
61,277,1413,1500,87,True
64,289,1413,1500,87,True
68,297,1413,1528,115,True
72,276,1413,1500,87,True
73,288,1413,1500,87,True
74,280,1413,1528,115,True
82,296,1413,1528,115,True
83,275,1413,1528,115,True
90,295,1413,1485,72,True
96,269,1413,1528,115,True
2,284,1414,1554,140,True
3,300,1414,1554,140,True
5,284,1414,1554,140,True
30,293,1414,1554,140,True
42,294,1414,1554,140,True
50,277,1414,1514,100,True
53,254,1414,1528,114,True
55,274,1414,1528,114,True
56,281,1414,1485,71,True
57,269,1414,1500,86,True
73,289,1414,1500,86,True
78,302,1414,1485,71,True
80,287,1414,1528,114,True
84,268,1414,1485,71,True
85,268,1414,1485,71,True
89,269,1414,1485,71,True
94,293,1414,1528,114,True
95,275,1414,1528,114,True
96,270,1414,1528,114,True
3,301,1415,1554,139,True
18,259,1415,1554,139,True
32,260,1415,1554,139,True
39,264,1415,1554,139,True
42,295,1415,1554,139,True
43,273,1415,1554,139,True
49,294,1415,1554,139,True
52,272,1415,,,False
53,255,1415,1528,113,True
54,322,1415,1485,70,True
57,270,1415,1500,85,True
58,283,1415,1528,113,True
59,289,1415,1485,70,True
62,263,1415,1485,70,True
66,280,1415,1528,113,True
68,298,1415,1528,113,True
70,290,1415,1514,99,True
74,281,1415,1528,113,True
76,298,1415,1500,85,True
83,276,1415,1546,131,True
84,269,1415,1485,70,True
88,299,1415,1485,70,True
89,270,1415,1485,70,True
90,296,1415,1485,70,True
96,271,1415,1528,113,True
99,281,1415,1528,113,True
0,304,1416,1554,138,True
5,285,1416,1554,138,True
6,289,1416,1554,138,True
9,290,1416,1554,138,True
12,287,1416,1500,84,True
16,292,1416,1554,138,True
19,274,1416,1554,138,True
25,286,1416,1554,138,True
26,291,1416,1554,138,True
28,300,1416,1554,138,True
38,255,1416,1554,138,True
41,308,1416,1554,138,True
42,296,1416,1554,138,True
45,280,1416,1554,138,True
53,256,1416,1528,112,True
54,323,1416,1528,112,True
56,282,1416,1485,69,True
63,294,1416,1528,112,True
84,270,1416,1485,69,True
95,276,1416,1528,112,True
0,305,1417,1554,137,True
13,294,1417,1554,137,True
14,295,1417,1500,83,True
15,276,1417,1554,137,True
22,301,1417,1554,137,True
33,265,1417,1554,137,True
35,292,1417,1554,137,True
44,287,1417,1554,137,True
45,281,1417,1554,137,True
48,285,1417,1554,137,True
57,271,1417,1500,83,True
58,284,1417,1528,111,True
60,293,1417,1528,111,True
63,295,1417,1528,111,True
74,282,1417,1528,111,True
77,295,1417,1485,68,True
83,277,1417,1546,129,True
85,269,1417,1485,68,True
88,300,1417,1528,111,True
90,297,1417,1485,68,True
94,294,1417,1528,111,True
96,272,1417,1528,111,True
1,269,1418,1554,136,True
3,302,1418,1554,136,True
9,291,1418,1554,136,True
11,275,1418,1554,136,True
13,295,1418,1554,136,True
17,254,1418,1554,136,True
20,285,1418,1500,82,True
29,277,1418,1500,82,True
38,256,1418,1554,136,True
61,278,1418,1500,82,True
66,281,1418,1528,110,True
83,278,1418,1546,128,True
93,268,1418,1574,156,True
95,277,1418,1528,110,True
1,270,1419,1554,135,True
4,282,1419,1554,135,True
14,296,1419,1500,81,True
18,260,1419,1554,135,True
32,261,1419,1554,135,True
40,308,1419,1554,135,True
41,309,1419,1554,135,True
47,271,1419,1554,135,True
50,278,1419,1514,95,True
52,273,1419,,,False
58,285,1419,1528,109,True
60,294,1419,1528,109,True
62,264,1419,1528,109,True
63,296,1419,1528,109,True
68,299,1419,1528,109,True
74,283,1419,1528,109,True
75,284,1419,1485,66,True
88,301,1419,1528,109,True
89,271,1419,1528,109,True
91,270,1419,1528,109,True
97,274,1419,1528,109,True
9,292,1420,1554,134,True
10,274,1420,1554,134,True
18,261,1420,1554,134,True
20,286,1420,1500,80,True
22,302,1420,1554,134,True
23,299,1420,1554,134,True
29,278,1420,1500,80,True
34,270,1420,1554,134,True
43,274,1420,1554,134,True
46,293,1420,1554,134,True
47,272,1420,1554,134,True
49,295,1420,1554,134,True
53,257,1420,1528,108,True
59,290,1420,1485,65,True
64,290,1420,1514,94,True
65,292,1420,1500,80,True
67,284,1420,1485,65,True
87,276,1420,1528,108,True
93,269,1420,1574,154,True
97,275,1420,1528,108,True
2,285,1421,1554,133,True
3,303,1421,1554,133,True
6,290,1421,1554,133,True
13,296,1421,1554,133,True
22,303,1421,1554,133,True
26,292,1421,1554,133,True
29,279,1421,1500,79,True
34,271,1421,1554,133,True
35,293,1421,1554,133,True
37,288,1421,1554,133,True
41,310,1421,1554,133,True
44,288,1421,1554,133,True
45,282,1421,1554,133,True
49,296,1421,1554,133,True
51,281,1421,1528,107,True
52,274,1421,,,False
56,283,1421,1485,64,True
58,286,1421,1528,107,True
73,290,1421,1500,79,True
80,288,1421,1546,125,True
84,271,1421,1485,64,True
90,298,1421,1485,64,True
98,265,1421,1528,107,True
4,283,1422,1554,132,True
19,275,1422,1554,132,True
21,259,1422,1554,132,True
23,300,1422,1554,132,True
26,293,1422,1554,132,True
31,295,1422,1554,132,True
32,262,1422,1554,132,True
40,309,1422,1554,132,True
42,297,1422,1554,132,True
43,275,1422,1554,132,True
51,282,1422,1528,106,True
54,324,1422,1528,106,True
55,275,1422,1528,106,True
57,272,1422,1500,78,True
61,279,1422,1514,92,True
63,297,1422,1528,106,True
64,291,1422,1514,92,True
76,299,1422,1514,92,True
78,303,1422,1528,106,True
80,289,1422,1546,124,True
86,293,1422,1514,92,True
89,272,1422,1528,106,True
95,278,1422,1528,106,True
96,273,1422,1574,152,True
18,262,1423,1554,131,True
19,276,1423,1554,131,True
20,287,1423,1500,77,True
28,301,1423,1554,131,True
38,257,1423,1554,131,True
39,265,1423,1554,131,True
44,289,1423,1554,131,True
46,294,1423,1554,131,True
47,273,1423,1554,131,True
50,279,1423,1514,91,True
51,283,1423,1528,105,True
60,295,1423,1528,105,True
65,293,1423,1500,77,True
68,300,1423,1528,105,True
75,285,1423,1528,105,True
82,297,1423,1528,105,True
85,270,1423,1528,105,True
86,294,1423,1514,91,True
88,302,1423,1528,105,True
90,299,1423,1485,62,True
93,270,1423,1574,151,True
98,266,1423,1528,105,True
99,282,1423,1528,105,True
5,286,1424,1554,130,True
13,297,1424,1554,130,True
15,277,1424,1554,130,True
25,287,1424,1554,130,True
28,302,1424,1554,130,True
31,296,1424,1554,130,True
34,272,1424,1554,130,True
36,297,1424,1554,130,True
37,289,1424,1554,130,True
42,298,1424,1554,130,True
50,280,1424,1514,90,True
65,294,1424,1500,76,True
71,284,1424,1528,104,True
72,277,1424,1500,76,True
76,300,1424,1514,90,True
89,273,1424,1528,104,True
91,271,1424,1528,104,True
93,271,1424,1574,150,True
7,279,1425,1554,129,True
8,284,1425,1554,129,True
22,304,1425,1554,129,True
24,260,1425,1554,129,True
28,303,1425,1554,129,True
29,280,1425,1500,75,True
34,273,1425,1554,129,True
40,310,1425,1554,129,True
42,299,1425,1554,129,True
44,290,1425,1554,129,True
52,275,1425,,,False
53,258,1425,1528,103,True
54,325,1425,1528,103,True
55,276,1425,1528,103,True
58,287,1425,1528,103,True
67,285,1425,1528,103,True
69,302,1425,1528,103,True
77,296,1425,1528,103,True
82,298,1425,1528,103,True
86,295,1425,1514,89,True
92,290,1425,1528,103,True
0,306,1426,1554,128,True
7,280,1426,1554,128,True
13,298,1426,1554,128,True
15,278,1426,1554,128,True
16,293,1426,1554,128,True
17,255,1426,1554,128,True
23,301,1426,1554,128,True
33,266,1426,1554,128,True
36,298,1426,1554,128,True
43,276,1426,1554,128,True
44,291,1426,1554,128,True
50,281,1426,1514,88,True
51,284,1426,1528,102,True
60,296,1426,1528,102,True
61,280,1426,1514,88,True
67,286,1426,1528,102,True
70,291,1426,1514,88,True
72,278,1426,1500,74,True
81,255,1426,1528,102,True
82,299,1426,1528,102,True
85,271,1426,1528,102,True
90,300,1426,1528,102,True
1,271,1427,1554,127,True
2,286,1427,1554,127,True
3,304,1427,1554,127,True
10,275,1427,1554,127,True
11,276,1427,1554,127,True
22,305,1427,1554,127,True
24,261,1427,1554,127,True
28,304,1427,1554,127,True
33,267,1427,1554,127,True
43,277,1427,1554,127,True
52,276,1427,,,False
61,281,1427,1514,87,True
64,292,1427,1514,87,True
68,301,1427,1528,101,True
69,303,1427,1528,101,True
75,286,1427,1528,101,True
76,301,1427,1514,87,True
85,272,1427,1528,101,True
89,274,1427,1528,101,True
91,272,1427,1528,101,True
93,272,1427,1574,147,True
94,295,1427,1528,101,True
3,305,1428,1554,126,True
21,260,1428,1554,126,True
28,305,1428,1554,126,True
38,258,1428,1554,126,True
49,297,1428,1554,126,True
52,277,1428,,,False
53,259,1428,1546,118,True
56,284,1428,1574,146,True
65,295,1428,1500,72,True
66,282,1428,1528,100,True
79,274,1428,1500,72,True
92,291,1428,1528,100,True
96,274,1428,1574,146,True
3,306,1429,1554,125,True
7,281,1429,1554,125,True
9,293,1429,1554,125,True
10,276,1429,1554,125,True
16,294,1429,1554,125,True
31,297,1429,1554,125,True
42,300,1429,1554,125,True
55,277,1429,1546,117,True
75,287,1429,1528,99,True
82,300,1429,1528,99,True
94,296,1429,1528,99,True
97,276,1429,1528,99,True
7,282,1430,1554,124,True
9,294,1430,1554,124,True
18,263,1430,1554,124,True
20,288,1430,1500,70,True
21,261,1430,1554,124,True
23,302,1430,1554,124,True
24,262,1430,1554,124,True
26,294,1430,1554,124,True
27,293,1430,1554,124,True
32,263,1430,1554,124,True
33,268,1430,1554,124,True
41,311,1430,1554,124,True
63,298,1430,1546,116,True
64,293,1430,1514,84,True
66,283,1430,1528,98,True
69,304,1430,1528,98,True
73,291,1430,1514,84,True
83,279,1430,1546,116,True
85,273,1430,1528,98,True
88,303,1430,1528,98,True
98,267,1430,1528,98,True
0,307,1431,1554,123,True
2,287,1431,1554,123,True
6,291,1431,1554,123,True
7,283,1431,1554,123,True
13,299,1431,1554,123,True
17,256,1431,1554,123,True
27,294,1431,1554,123,True
30,294,1431,1554,123,True
31,298,1431,1554,123,True
37,290,1431,1554,123,True
48,286,1431,1554,123,True
52,278,1431,,,False
53,260,1431,1546,115,True
58,288,1431,1528,97,True
59,291,1431,1528,97,True
63,299,1431,1546,115,True
65,296,1431,1528,97,True
67,287,1431,1528,97,True
70,292,1431,1514,83,True
83,280,1431,1546,115,True
84,272,1431,1574,143,True
85,274,1431,1528,97,True
88,304,1431,1528,97,True
95,279,1431,1528,97,True
96,275,1431,1574,143,True
97,277,1431,1546,115,True
99,283,1431,1528,97,True
1,272,1432,1554,122,True
6,292,1432,1554,122,True
8,285,1432,1554,122,True
15,279,1432,1554,122,True
16,295,1432,1554,122,True
17,257,1432,1554,122,True
18,264,1432,1554,122,True
19,277,1432,1554,122,True
20,289,1432,1500,68,True
31,299,1432,1554,122,True
34,274,1432,1554,122,True
36,299,1432,1554,122,True
37,291,1432,1554,122,True
43,278,1432,1554,122,True
46,295,1432,1554,122,True
58,289,1432,1528,96,True
77,297,1432,1528,96,True
87,277,1432,1528,96,True
89,275,1432,1528,96,True
96,276,1432,1574,142,True
5,287,1433,1554,121,True
6,293,1433,1554,121,True
16,296,1433,1554,121,True
20,290,1433,1500,67,True
22,306,1433,1554,121,True
23,303,1433,1554,121,True
26,295,1433,1554,121,True
32,264,1433,1554,121,True
36,300,1433,1554,121,True
37,292,1433,1554,121,True
40,311,1433,1554,121,True
46,296,1433,1554,121,True
49,298,1433,1554,121,True
54,326,1433,1528,95,True
56,285,1433,1574,141,True
57,273,1433,1500,67,True
59,292,1433,1528,95,True
62,265,1433,1658,225,True
69,305,1433,1528,95,True
75,288,1433,1528,95,True
80,290,1433,1546,113,True
85,275,1433,1528,95,True
0,308,1434,1554,120,True
12,288,1434,1554,120,True
13,300,1434,1554,120,True
29,281,1434,1554,120,True
30,295,1434,1554,120,True
36,301,1434,1554,120,True
44,292,1434,1554,120,True
53,261,1434,1546,112,True
56,286,1434,1574,140,True
59,293,1434,1528,94,True
61,282,1434,1514,80,True
62,266,1434,1658,224,True
68,302,1434,1528,94,True
72,279,1434,1514,80,True
80,291,1434,1546,112,True
82,301,1434,1528,94,True
93,273,1434,1574,140,True
99,284,1434,1528,94,True
7,284,1435,1554,119,True
13,301,1435,1554,119,True
17,258,1435,1554,119,True
21,262,1435,1554,119,True
22,307,1435,1554,119,True
25,288,1435,1554,119,True
31,300,1435,1554,119,True
32,265,1435,1554,119,True
41,312,1435,1554,119,True
42,301,1435,1554,119,True
56,287,1435,1574,139,True
57,274,1435,1500,65,True
59,294,1435,1528,93,True
67,288,1435,1528,93,True
72,280,1435,1514,79,True
81,256,1435,1528,93,True
84,273,1435,1574,139,True
86,296,1435,1514,79,True
89,276,1435,1528,93,True
96,277,1435,1574,139,True
5,288,1436,1554,118,True
8,286,1436,1554,118,True
10,277,1436,1554,118,True
25,289,1436,1554,118,True
31,301,1436,1554,118,True
34,275,1436,1554,118,True
40,312,1436,1554,118,True
42,302,1436,1554,118,True
54,327,1436,1528,92,True
55,278,1436,1546,110,True
57,275,1436,1500,64,True
62,267,1436,1658,222,True
63,300,1436,1546,110,True
64,294,1436,1514,78,True
65,297,1436,1528,92,True
82,302,1436,1546,110,True
83,281,1436,1546,110,True
84,274,1436,1574,138,True
88,305,1436,1528,92,True
91,273,1436,1528,92,True
92,292,1436,1528,92,True
93,274,1436,1574,138,True
94,297,1436,1528,92,True
8,287,1437,1554,117,True
11,277,1437,1554,117,True
18,265,1437,1554,117,True
27,295,1437,1554,117,True
33,269,1437,1554,117,True
35,294,1437,1554,117,True
41,313,1437,1554,117,True
46,297,1437,1554,117,True
47,274,1437,1554,117,True
48,287,1437,1554,117,True
56,288,1437,1574,137,True
61,283,1437,1514,77,True
66,284,1437,1546,109,True
72,281,1437,1514,77,True
76,302,1437,1514,77,True
78,304,1437,1528,91,True
79,275,1437,1514,77,True
80,292,1437,1546,109,True
82,303,1437,1546,109,True
83,282,1437,1546,109,True
84,275,1437,1574,137,True
85,276,1437,1528,91,True
86,297,1437,1514,77,True
91,274,1437,1528,91,True
99,285,1437,1528,91,True
0,309,1438,1554,116,True
3,307,1438,1554,116,True
13,302,1438,1554,116,True
27,296,1438,1554,116,True
28,306,1438,1554,116,True
31,302,1438,1554,116,True
35,295,1438,1554,116,True
36,302,1438,1554,116,True
40,313,1438,1554,116,True
41,314,1438,1554,116,True
48,288,1438,1554,116,True
56,289,1438,1574,136,True
59,295,1438,1528,90,True
60,297,1438,1528,90,True
64,295,1438,1514,76,True
72,282,1438,1514,76,True
79,276,1438,1514,76,True
81,257,1438,1528,90,True
91,275,1438,1528,90,True
96,278,1438,1574,136,True
98,268,1438,1528,90,True
3,308,1439,1554,115,True
8,288,1439,1554,115,True
16,297,1439,1554,115,True
19,278,1439,1554,115,True
22,308,1439,1554,115,True
23,304,1439,1554,115,True
30,296,1439,1554,115,True
31,303,1439,1554,115,True
32,266,1439,1554,115,True
36,303,1439,1554,115,True
37,293,1439,1554,115,True
38,259,1439,1554,115,True
45,283,1439,1554,115,True
54,328,1439,1528,89,True
59,296,1439,1528,89,True
60,298,1439,1528,89,True
61,284,1439,1514,75,True
72,283,1439,1514,75,True
79,277,1439,1514,75,True
82,304,1439,1546,107,True
88,306,1439,1528,89,True
93,275,1439,1574,135,True
94,298,1439,1546,107,True
99,286,1439,1528,89,True
7,285,1440,1554,114,True
17,259,1440,1554,114,True
18,266,1440,1554,114,True
20,291,1440,1554,114,True
22,309,1440,1554,114,True
23,305,1440,1554,114,True
26,296,1440,1554,114,True
28,307,1440,1554,114,True
32,267,1440,1554,114,True
38,260,1440,1554,114,True
40,314,1440,1554,114,True
42,303,1440,1554,114,True
43,279,1440,1554,114,True
56,290,1440,1574,134,True
73,292,1440,1514,74,True
75,289,1440,1528,88,True
82,305,1440,1546,106,True
87,278,1440,1528,88,True
95,280,1440,1528,88,True
7,286,1441,1554,113,True
10,278,1441,1554,113,True
13,303,1441,1554,113,True
15,280,1441,1554,113,True
16,298,1441,1554,113,True
20,292,1441,1554,113,True
21,263,1441,1554,113,True
29,282,1441,1554,113,True
35,296,1441,1554,113,True
41,315,1441,1554,113,True
49,299,1441,1554,113,True
60,299,1441,1528,87,True
63,301,1441,1546,105,True
67,289,1441,1574,133,True
71,285,1441,1528,87,True
72,284,1441,1514,73,True
73,293,1441,1514,73,True
76,303,1441,1514,73,True
77,298,1441,1528,87,True
79,278,1441,1514,73,True
80,293,1441,1546,105,True
84,276,1441,1574,133,True
95,281,1441,1528,87,True
99,287,1441,1528,87,True
4,284,1442,1554,112,True
5,289,1442,1554,112,True
9,295,1442,1554,112,True
11,278,1442,1554,112,True
23,306,1442,1554,112,True
35,297,1442,1554,112,True
37,294,1442,1554,112,True
40,315,1442,1554,112,True
48,289,1442,1554,112,True
50,282,1442,1514,72,True
60,300,1442,1574,132,True
63,302,1442,1546,104,True
68,303,1442,1546,104,True
73,294,1442,1514,72,True
6,294,1443,1554,111,True
23,307,1443,1554,111,True
44,293,1443,1554,111,True
58,290,1443,1528,85,True
59,297,1443,1574,131,True
91,276,1443,1546,103,True
98,269,1443,1528,85,True
4,285,1444,1554,110,True
6,295,1444,1554,110,True
8,289,1444,1554,110,True
9,296,1444,1554,110,True
13,304,1444,1554,110,True
15,281,1444,1554,110,True
21,264,1444,1554,110,True
28,308,1444,1554,110,True
31,304,1444,1554,110,True
37,295,1444,1554,110,True
38,261,1444,1554,110,True
40,316,1444,1554,110,True
43,280,1444,1554,110,True
56,291,1444,1574,130,True
58,291,1444,1528,84,True
62,268,1444,1658,214,True
73,295,1444,1514,70,True
82,306,1444,1546,102,True
92,293,1444,1528,84,True
94,299,1444,1546,102,True
9,297,1445,1554,109,True
17,260,1445,1554,109,True
24,263,1445,1554,109,True
27,297,1445,1554,109,True
33,270,1445,1554,109,True
34,276,1445,1554,109,True
37,296,1445,1554,109,True
47,275,1445,1554,109,True
49,300,1445,1554,109,True
57,276,1445,1514,69,True
60,301,1445,1574,129,True
69,306,1445,1574,129,True
81,258,1445,1528,83,True
85,277,1445,1528,83,True
91,277,1445,1546,101,True
9,298,1446,1554,108,True
11,279,1446,1554,108,True
20,293,1446,1554,108,True
23,308,1446,1554,108,True
35,298,1446,1554,108,True
37,297,1446,1554,108,True
41,316,1446,1554,108,True
46,298,1446,1554,108,True
52,279,1446,,,False
57,277,1446,1554,108,True
59,298,1446,1574,128,True
62,269,1446,1658,212,True
77,299,1446,1528,82,True
81,259,1446,1528,82,True
82,307,1446,1546,100,True
87,279,1446,1528,82,True
91,278,1446,1546,100,True
92,294,1446,1528,82,True
94,300,1446,1546,100,True
0,310,1447,1554,107,True
1,273,1447,1554,107,True
2,288,1447,1554,107,True
11,280,1447,1554,107,True
18,267,1447,1554,107,True
20,294,1447,1554,107,True
21,265,1447,1554,107,True
25,290,1447,1554,107,True
27,298,1447,1554,107,True
31,305,1447,1554,107,True
36,304,1447,1554,107,True
39,266,1447,1554,107,True
43,281,1447,1554,107,True
44,294,1447,1554,107,True
60,302,1447,1574,127,True
62,270,1447,1658,211,True
70,293,1447,1554,107,True
74,284,1447,1574,127,True
77,300,1447,1528,81,True
80,294,1447,1546,99,True
81,260,1447,1528,81,True
82,308,1447,1546,99,True
87,280,1447,1528,81,True
4,286,1448,1554,106,True
15,282,1448,1554,106,True
21,266,1448,1554,106,True
29,283,1448,1554,106,True
33,271,1448,1554,106,True
35,299,1448,1587,139,True
42,304,1448,1554,106,True
46,299,1448,1554,106,True
55,279,1448,1546,98,True
57,278,1448,1554,106,True
59,299,1448,1574,126,True
61,285,1448,1514,66,True
68,304,1448,1546,98,True
71,286,1448,1546,98,True
72,285,1448,1514,66,True
74,285,1448,1574,126,True
83,283,1448,1546,98,True
84,277,1448,1574,126,True
87,281,1448,1574,126,True
89,277,1448,1528,80,True
90,301,1448,1528,80,True
0,311,1449,1554,105,True
5,290,1449,1554,105,True
7,287,1449,1554,105,True
17,261,1449,1554,105,True
22,310,1449,1554,105,True
28,309,1449,1554,105,True
35,300,1449,1587,138,True
37,298,1449,1554,105,True
38,262,1449,1554,105,True
40,317,1449,1554,105,True
48,290,1449,1554,105,True
51,285,1449,1546,97,True
59,300,1449,1574,125,True
70,294,1449,1554,105,True
72,286,1449,1514,65,True
75,290,1449,1528,79,True
93,276,1449,1574,125,True
4,287,1450,1554,104,True
8,290,1450,1554,104,True
10,279,1450,1554,104,True
13,305,1450,1554,104,True
26,297,1450,1554,104,True
30,297,1450,1554,104,True
31,306,1450,1554,104,True
37,299,1450,1554,104,True
40,318,1450,1554,104,True
49,301,1450,1554,104,True
50,283,1450,1528,78,True
53,262,1450,1546,96,True
56,292,1450,1574,124,True
59,301,1450,1574,124,True
61,286,1450,1514,64,True
64,296,1450,1554,104,True
68,305,1450,1546,96,True
69,307,1450,1574,124,True
78,305,1450,1528,78,True
79,279,1450,1514,64,True
86,298,1450,1514,64,True
98,270,1450,1528,78,True
17,262,1451,1554,103,True
20,295,1451,1554,103,True
23,309,1451,1554,103,True
24,264,1451,1554,103,True
26,298,1451,1554,103,True
28,310,1451,1554,103,True
30,298,1451,1554,103,True
36,305,1451,1554,103,True
38,263,1451,1554,103,True
40,319,1451,1554,103,True
46,300,1451,1554,103,True
48,291,1451,1587,136,True
49,302,1451,1554,103,True
53,263,1451,1546,95,True
71,287,1451,1546,95,True
74,286,1451,1574,123,True
75,291,1451,1528,77,True
76,304,1451,1528,77,True
84,278,1451,1574,123,True
86,299,1451,1514,63,True
93,277,1451,1574,123,True
95,282,1451,1554,103,True
0,312,1452,1554,102,True
2,289,1452,1554,102,True
8,291,1452,1554,102,True
12,289,1452,1554,102,True
13,306,1452,1554,102,True
36,306,1452,1554,102,True
50,284,1452,1528,76,True
56,293,1452,1574,122,True
73,296,1452,1554,102,True
75,292,1452,1528,76,True
83,284,1452,1574,122,True
90,302,1452,1528,76,True
95,283,1452,1554,102,True
96,279,1452,1574,122,True
17,263,1453,1554,101,True
21,267,1453,1554,101,True
23,310,1453,1554,101,True
25,291,1453,1554,101,True
26,299,1453,1554,101,True
28,311,1453,1554,101,True
35,301,1453,1587,134,True
40,320,1453,1587,134,True
49,303,1453,1554,101,True
54,329,1453,1546,93,True
56,294,1453,1574,121,True
60,303,1453,1574,121,True
73,297,1453,1554,101,True
85,278,1453,1528,75,True
94,301,1453,1546,93,True
95,284,1453,1554,101,True
4,288,1454,1554,100,True
7,288,1454,1554,100,True
21,268,1454,1554,100,True
27,299,1454,1554,100,True
29,284,1454,1554,100,True
39,267,1454,1554,100,True
49,304,1454,1554,100,True
53,264,1454,1546,92,True
54,330,1454,1546,92,True
57,279,1454,1554,100,True
62,271,1454,1658,204,True
63,303,1454,1574,120,True
65,298,1454,1528,74,True
68,306,1454,1546,92,True
69,308,1454,1574,120,True
70,295,1454,1554,100,True
80,295,1454,1546,92,True
85,279,1454,1528,74,True
90,303,1454,1574,120,True
91,279,1454,1546,92,True
99,288,1454,1546,92,True
3,309,1455,1554,99,True
9,299,1455,1554,99,True
15,283,1455,1554,99,True
18,268,1455,1554,99,True
22,311,1455,1554,99,True
25,292,1455,1554,99,True
27,300,1455,1554,99,True
47,276,1455,1554,99,True
50,285,1455,1528,73,True
58,292,1455,1528,73,True
59,302,1455,1574,119,True
65,299,1455,1528,73,True
66,285,1455,1546,91,True
73,298,1455,1554,99,True
77,301,1455,1528,73,True
79,280,1455,1528,73,True
80,296,1455,1546,91,True
85,280,1455,1528,73,True
87,282,1455,1574,119,True
98,271,1455,1554,99,True
2,290,1456,1554,98,True
3,310,1456,1554,98,True
5,291,1456,1554,98,True
7,289,1456,1554,98,True
10,280,1456,1587,131,True
16,299,1456,1554,98,True
18,269,1456,1554,98,True
23,311,1456,1554,98,True
28,312,1456,1554,98,True
32,268,1456,1554,98,True
37,300,1456,1554,98,True
47,277,1456,1554,98,True
48,292,1456,1587,131,True
49,305,1456,1554,98,True
62,272,1456,1658,202,True
63,304,1456,1574,118,True
78,306,1456,1574,118,True
85,281,1456,1528,72,True
89,278,1456,1546,90,True
98,272,1456,1554,98,True
99,289,1456,1546,90,True
1,274,1457,1554,97,True
2,291,1457,1554,97,True
5,292,1457,1554,97,True
11,281,1457,1554,97,True
15,284,1457,1554,97,True
17,264,1457,1554,97,True
18,270,1457,1554,97,True
37,301,1457,1554,97,True
43,282,1457,1554,97,True
49,306,1457,1554,97,True
57,280,1457,1554,97,True
58,293,1457,1528,71,True
62,273,1457,1658,201,True
75,293,1457,1546,89,True
84,279,1457,1574,117,True
91,280,1457,1546,89,True
97,278,1457,1546,89,True
5,293,1458,1554,96,True
9,300,1458,1554,96,True
12,290,1458,1554,96,True
15,285,1458,1554,96,True
18,271,1458,1554,96,True
23,312,1458,1554,96,True
26,300,1458,1554,96,True
30,299,1458,1554,96,True
34,277,1458,1554,96,True
39,268,1458,1554,96,True
60,304,1458,1574,116,True
63,305,1458,1574,116,True
72,287,1458,1554,96,True
73,299,1458,1554,96,True
74,287,1458,1574,116,True
82,309,1458,1546,88,True
85,282,1458,1528,70,True
88,307,1458,1658,200,True
89,279,1458,1546,88,True
92,295,1458,1574,116,True
95,285,1458,1554,96,True
10,281,1459,1587,128,True
12,291,1459,1554,95,True
13,307,1459,1554,95,True
18,272,1459,1554,95,True
23,313,1459,1554,95,True
24,265,1459,1554,95,True
26,301,1459,1554,95,True
27,301,1459,1554,95,True
30,300,1459,1554,95,True
34,278,1459,1554,95,True
40,321,1459,1587,128,True
41,317,1459,1554,95,True
44,295,1459,1554,95,True
45,284,1459,1554,95,True
57,281,1459,1554,95,True
74,288,1459,1574,115,True
76,305,1459,1528,69,True
89,280,1459,1546,87,True
91,281,1459,1546,87,True
96,280,1459,1574,115,True
99,290,1459,1546,87,True
2,292,1460,1587,127,True
29,285,1460,1554,94,True
51,286,1460,1546,86,True
55,280,1460,1546,86,True
56,295,1460,1574,114,True
58,294,1460,1574,114,True
65,300,1460,1528,68,True
67,290,1460,1574,114,True
77,302,1460,1546,86,True
80,297,1460,1546,86,True
91,282,1460,1546,86,True
97,279,1460,1546,86,True
99,291,1460,1546,86,True
8,292,1461,1554,93,True
17,265,1461,1587,126,True
24,266,1461,1554,93,True
32,269,1461,1554,93,True
35,302,1461,1587,126,True
38,264,1461,1587,126,True
46,301,1461,1554,93,True
48,293,1461,1587,126,True
58,295,1461,1574,113,True
62,274,1461,1658,197,True
68,307,1461,1546,85,True
69,309,1461,1574,113,True
72,288,1461,1554,93,True
75,294,1461,1546,85,True
77,303,1461,1546,85,True
78,307,1461,1574,113,True
79,281,1461,1528,67,True
94,302,1461,1546,85,True
95,286,1461,1554,93,True
97,280,1461,1546,85,True
3,311,1462,1554,92,True
9,301,1462,1554,92,True
12,292,1462,1554,92,True
20,296,1462,1554,92,True
26,302,1462,1554,92,True
27,302,1462,1554,92,True
35,303,1462,1587,125,True
37,302,1462,1554,92,True
50,286,1462,1554,92,True
51,287,1462,1546,84,True
53,265,1462,1546,84,True
58,296,1462,1574,112,True
59,303,1462,1574,112,True
65,301,1462,1528,66,True
72,289,1462,1554,92,True
82,310,1462,1546,84,True
1,275,1463,1554,91,True
7,290,1463,1587,124,True
9,302,1463,1554,91,True
11,282,1463,1554,91,True
17,266,1463,1587,124,True
21,269,1463,1554,91,True
33,272,1463,1554,91,True
41,318,1463,1554,91,True
53,266,1463,1546,83,True
54,331,1463,1546,83,True
58,297,1463,1574,111,True
67,291,1463,1574,111,True
70,296,1463,1554,91,True
72,290,1463,1554,91,True
75,295,1463,1546,83,True
79,282,1463,1528,65,True
80,298,1463,1546,83,True
88,308,1463,1658,195,True
89,281,1463,1658,195,True
93,278,1463,1574,111,True
98,273,1463,1554,91,True
6,296,1464,1554,90,True
9,303,1464,1587,123,True
16,300,1464,1554,90,True
18,273,1464,1587,123,True
21,270,1464,1554,90,True
24,267,1464,1554,90,True
39,269,1464,1554,90,True
47,278,1464,1554,90,True
48,294,1464,1587,123,True
50,287,1464,1554,90,True
53,267,1464,1546,82,True
54,332,1464,1546,82,True
56,296,1464,1574,110,True
65,302,1464,1528,64,True
69,310,1464,1574,110,True
73,300,1464,1554,90,True
91,283,1464,1546,82,True
1,276,1465,1554,89,True
3,312,1465,1554,89,True
6,297,1465,1554,89,True
10,282,1465,1587,122,True
18,274,1465,1587,122,True
20,297,1465,1554,89,True
25,293,1465,1587,122,True
27,303,1465,1554,89,True
39,270,1465,1554,89,True
52,280,1465,,,False
59,304,1465,1574,109,True
62,275,1465,1658,193,True
70,297,1465,1554,89,True
77,304,1465,1574,109,True
80,299,1465,1546,81,True
83,285,1465,1574,109,True
85,283,1465,1546,81,True
87,283,1465,1574,109,True
88,309,1465,1658,193,True
91,284,1465,1546,81,True
98,274,1465,1554,89,True
0,313,1466,1554,88,True
11,283,1466,1554,88,True
15,286,1466,1554,88,True
17,267,1466,1587,121,True
22,312,1466,1587,121,True
27,304,1466,1554,88,True
28,313,1466,1587,121,True
30,301,1466,1587,121,True
31,307,1466,1554,88,True
39,271,1466,1554,88,True
41,319,1466,1554,88,True
42,305,1466,1554,88,True
44,296,1466,1554,88,True
45,285,1466,1554,88,True
50,288,1466,1554,88,True
52,281,1466,,,False
56,297,1466,1574,108,True
61,287,1466,1554,88,True
63,306,1466,1574,108,True
66,286,1466,1546,80,True
70,298,1466,1554,88,True
71,288,1466,1574,108,True
79,283,1466,1528,62,True
80,300,1466,1546,80,True
81,261,1466,1574,108,True
82,311,1466,1546,80,True
86,300,1466,1528,62,True
87,284,1466,1574,108,True
1,277,1467,1554,87,True
3,313,1467,1554,87,True
6,298,1467,1554,87,True
8,293,1467,1554,87,True
10,283,1467,1587,120,True
16,301,1467,1554,87,True
27,305,1467,1554,87,True
30,302,1467,1587,120,True
36,307,1467,1554,87,True
38,265,1467,1587,120,True
43,283,1467,1587,120,True
47,279,1467,1554,87,True
48,295,1467,1587,120,True
50,289,1467,1554,87,True
52,282,1467,,,False
56,298,1467,1574,107,True
68,308,1467,1546,79,True
69,311,1467,1574,107,True
76,306,1467,1554,87,True
79,284,1467,1528,61,True
95,287,1467,1658,191,True
98,275,1467,1554,87,True
99,292,1467,1574,107,True
2,293,1468,1587,119,True
3,314,1468,1554,86,True
11,284,1468,1554,86,True
12,293,1468,1554,86,True
15,287,1468,1554,86,True
22,313,1468,1587,119,True
34,279,1468,1554,86,True
36,308,1468,1554,86,True
45,286,1468,1554,86,True
47,280,1468,1554,86,True
57,282,1468,1554,86,True
60,305,1468,1574,106,True
69,312,1468,1574,106,True
73,301,1468,1554,86,True
74,289,1468,1574,106,True
87,285,1468,1574,106,True
91,285,1468,1546,78,True
94,303,1468,1546,78,True
95,288,1468,1658,190,True
98,276,1468,1554,86,True
2,294,1469,1587,118,True
6,299,1469,1554,85,True
8,294,1469,1554,85,True
10,284,1469,1587,118,True
15,288,1469,1554,85,True
18,275,1469,1587,118,True
20,298,1469,1554,85,True
22,314,1469,1587,118,True
27,306,1469,1554,85,True
40,322,1469,1587,118,True
49,307,1469,1554,85,True
53,268,1469,1546,77,True
69,313,1469,1574,105,True
73,302,1469,1554,85,True
76,307,1469,1554,85,True
77,305,1469,1574,105,True
80,301,1469,1546,77,True
82,312,1469,1546,77,True
86,301,1469,1554,85,True
92,296,1469,1574,105,True
93,279,1469,1574,105,True
97,281,1469,1574,105,True
2,295,1470,1587,117,True
4,289,1470,1587,117,True
7,291,1470,1587,117,True
10,285,1470,1587,117,True
14,297,1470,1554,84,True
15,289,1470,1554,84,True
22,315,1470,1587,117,True
31,308,1470,1587,117,True
32,270,1470,1554,84,True
36,309,1470,1554,84,True
57,283,1470,1554,84,True
58,298,1470,1574,104,True
59,305,1470,1574,104,True
63,307,1470,1574,104,True
67,292,1470,1574,104,True
73,303,1470,1554,84,True
78,308,1470,1574,104,True
81,262,1470,1574,104,True
83,286,1470,1574,104,True
15,290,1471,1554,83,True
17,268,1471,1587,116,True
30,303,1471,1587,116,True
32,271,1471,1554,83,True
33,273,1471,1554,83,True
34,280,1471,1554,83,True
36,310,1471,1554,83,True
41,320,1471,1554,83,True
69,314,1471,1574,103,True
73,304,1471,1554,83,True
74,290,1471,1574,103,True
75,296,1471,1574,103,True
82,313,1471,1546,75,True
83,287,1471,1574,103,True
84,280,1471,1574,103,True
88,310,1471,1658,187,True
91,286,1471,1546,75,True
92,297,1471,1574,103,True
97,282,1471,1574,103,True
99,293,1471,1574,103,True
0,314,1472,1554,82,True
1,278,1472,1554,82,True
3,315,1472,1554,82,True
4,290,1472,1587,115,True
6,300,1472,1587,115,True
15,291,1472,1554,82,True
16,302,1472,1554,82,True
25,294,1472,1587,115,True
29,286,1472,1554,82,True
33,274,1472,1554,82,True
45,287,1472,1554,82,True
46,302,1472,1554,82,True
49,308,1472,1554,82,True
52,283,1472,,,False
64,297,1472,1554,82,True
73,305,1472,1554,82,True
81,263,1472,1574,102,True
97,283,1472,1574,102,True
0,315,1473,1554,81,True
9,304,1473,1587,114,True
11,285,1473,1554,81,True
12,294,1473,1554,81,True
16,303,1473,1554,81,True
18,276,1473,1587,114,True
21,271,1473,1554,81,True
22,316,1473,1587,114,True
25,295,1473,1587,114,True
31,309,1473,1587,114,True
36,311,1473,1554,81,True
37,303,1473,1554,81,True
41,321,1473,1554,81,True
46,303,1473,1554,81,True
48,296,1473,1587,114,True
49,309,1473,1587,114,True
51,288,1473,1546,73,True
55,281,1473,1574,101,True
56,299,1473,1658,185,True
57,284,1473,1554,81,True
59,306,1473,1574,101,True
61,288,1473,1554,81,True
64,298,1473,1554,81,True
67,293,1473,1574,101,True
69,315,1473,1574,101,True
77,306,1473,1574,101,True
80,302,1473,1546,73,True
85,284,1473,1546,73,True
89,282,1473,1658,185,True
91,287,1473,1546,73,True
3,316,1474,1554,80,True
6,301,1474,1587,113,True
7,292,1474,1587,113,True
8,295,1474,1554,80,True
10,286,1474,1587,113,True
22,317,1474,1587,113,True
26,303,1474,1554,80,True
27,307,1474,1587,113,True
28,314,1474,1587,113,True
33,275,1474,1554,80,True
39,272,1474,1554,80,True
43,284,1474,1587,113,True
44,297,1474,1554,80,True
55,282,1474,1574,100,True
58,299,1474,1574,100,True
63,308,1474,1574,100,True
64,299,1474,1554,80,True
65,303,1474,1554,80,True
66,287,1474,1574,100,True
67,294,1474,1574,100,True
68,309,1474,1546,72,True
70,299,1474,1554,80,True
75,297,1474,1574,100,True
77,307,1474,1574,100,True
79,285,1474,1554,80,True
89,283,1474,1658,184,True
95,289,1474,1658,184,True
97,284,1474,1574,100,True
99,294,1474,1574,100,True
1,279,1475,1554,79,True
6,302,1475,1587,112,True
15,292,1475,1554,79,True
16,304,1475,1554,79,True
22,318,1475,1587,112,True
23,314,1475,1554,79,True
26,304,1475,1554,79,True
28,315,1475,1587,112,True
35,304,1475,1587,112,True
41,322,1475,1554,79,True
42,306,1475,1587,112,True
44,298,1475,1554,79,True
47,281,1475,1587,112,True
48,297,1475,1587,112,True
50,290,1475,1554,79,True
57,285,1475,1554,79,True
58,300,1475,1574,99,True
62,276,1475,1658,183,True
68,310,1475,1546,71,True
69,316,1475,1574,99,True
72,291,1475,1554,79,True
88,311,1475,1658,183,True
89,284,1475,1658,183,True
93,280,1475,1574,99,True
0,316,1476,1554,78,True
1,280,1476,1554,78,True
8,296,1476,1554,78,True
17,269,1476,1587,111,True
18,277,1476,1587,111,True
19,279,1476,1587,111,True
22,319,1476,1587,111,True
23,315,1476,1554,78,True
27,308,1476,1587,111,True
35,305,1476,1587,111,True
55,283,1476,1574,98,True
59,307,1476,1574,98,True
69,317,1476,1574,98,True
70,300,1476,1554,78,True
73,306,1476,1554,78,True
78,309,1476,1574,98,True
88,312,1476,1658,182,True
91,288,1476,1546,70,True
92,298,1476,1574,98,True
94,304,1476,1574,98,True
97,285,1476,1574,98,True
99,295,1476,1574,98,True
0,317,1477,1554,77,True
4,291,1477,1587,110,True
7,293,1477,1587,110,True
10,287,1477,1587,110,True
18,278,1477,1587,110,True
20,299,1477,1554,77,True
24,268,1477,1554,77,True
33,276,1477,1554,77,True
37,304,1477,1554,77,True
52,284,1477,,,False
56,300,1477,1658,181,True
58,301,1477,1574,97,True
61,289,1477,1554,77,True
67,295,1477,1574,97,True
69,318,1477,1574,97,True
70,301,1477,1554,77,True
74,291,1477,1574,97,True
76,308,1477,1554,77,True
2,296,1478,1587,109,True
4,292,1478,1587,109,True
5,294,1478,1587,109,True
9,305,1478,1587,109,True
17,270,1478,1587,109,True
18,279,1478,1587,109,True
22,320,1478,1587,109,True
26,305,1478,1554,76,True
33,277,1478,1554,76,True
39,273,1478,1587,109,True
40,323,1478,1587,109,True
41,323,1478,1554,76,True
49,310,1478,1587,109,True
58,302,1478,1574,96,True
72,292,1478,1554,76,True
76,309,1478,1554,76,True
77,308,1478,1574,96,True
78,310,1478,1574,96,True
84,281,1478,1574,96,True
94,305,1478,1574,96,True
98,277,1478,1554,76,True
2,297,1479,1587,108,True
6,303,1479,1587,108,True
16,305,1479,1554,75,True
18,280,1479,1587,108,True
38,266,1479,1587,108,True
59,308,1479,1574,95,True
69,319,1479,1574,95,True
74,292,1479,1574,95,True
88,313,1479,1658,179,True
96,281,1479,1574,95,True
3,317,1480,1554,74,True
9,306,1480,1587,107,True
14,298,1480,1554,74,True
20,300,1480,1554,74,True
25,296,1480,1587,107,True
26,306,1480,1554,74,True
28,316,1480,1587,107,True
31,310,1480,1587,107,True
33,278,1480,1554,74,True
50,291,1480,1554,74,True
57,286,1480,1554,74,True
58,303,1480,1574,94,True
60,306,1480,1574,94,True
69,320,1480,1574,94,True
74,293,1480,1574,94,True
78,311,1480,1574,94,True
83,288,1480,1574,94,True
87,286,1480,1574,94,True
94,306,1480,1574,94,True
97,286,1480,1574,94,True
99,296,1480,1574,94,True
0,318,1481,1554,73,True
6,304,1481,1587,106,True
7,294,1481,1587,106,True
10,288,1481,1587,106,True
11,286,1481,1554,73,True
15,293,1481,1554,73,True
17,271,1481,1587,106,True
20,301,1481,1554,73,True
26,307,1481,1554,73,True
29,287,1481,1554,73,True
40,324,1481,1587,106,True
42,307,1481,1587,106,True
43,285,1481,1587,106,True
48,298,1481,1587,106,True
50,292,1481,1554,73,True
52,285,1481,,,False
55,284,1481,1574,93,True
56,301,1481,1658,177,True
57,287,1481,1554,73,True
65,304,1481,1554,73,True
70,302,1481,1554,73,True
75,298,1481,1574,93,True
80,303,1481,1546,65,True
84,282,1481,1574,93,True
88,314,1481,1658,177,True
90,304,1481,1574,93,True
91,289,1481,1574,93,True
95,290,1481,1658,177,True
97,287,1481,1574,93,True
0,319,1482,1554,72,True
5,295,1482,1587,105,True
11,287,1482,1554,72,True
15,294,1482,1554,72,True
16,306,1482,1587,105,True
23,316,1482,1554,72,True
33,279,1482,1554,72,True
34,281,1482,1587,105,True
35,306,1482,1587,105,True
36,312,1482,1587,105,True
49,311,1482,1587,105,True
56,302,1482,1658,176,True
73,307,1482,1554,72,True
79,286,1482,1574,92,True
81,264,1482,1658,176,True
84,283,1482,1574,92,True
98,278,1482,1554,72,True
2,298,1483,1587,104,True
4,293,1483,1587,104,True
9,307,1483,1587,104,True
11,288,1483,1554,71,True
12,295,1483,1554,71,True
16,307,1483,1587,104,True
18,281,1483,1587,104,True
23,317,1483,1554,71,True
26,308,1483,1554,71,True
32,272,1483,1554,71,True
33,280,1483,1554,71,True
35,307,1483,1587,104,True
36,313,1483,1587,104,True
40,325,1483,1587,104,True
41,324,1483,1587,104,True
42,308,1483,1587,104,True
52,286,1483,,,False
66,288,1483,1658,175,True
67,296,1483,1574,91,True
73,308,1483,1554,71,True
75,299,1483,1574,91,True
81,265,1483,1658,175,True
83,289,1483,1574,91,True
90,305,1483,1574,91,True
94,307,1483,1574,91,True
0,320,1484,1554,70,True
14,299,1484,1554,70,True
27,309,1484,1587,103,True
34,282,1484,1587,103,True
39,274,1484,1587,103,True
48,299,1484,1587,103,True
53,269,1484,1574,90,True
54,333,1484,1574,90,True
64,300,1484,1554,70,True
87,287,1484,1574,90,True
94,308,1484,1574,90,True
0,321,1485,1554,69,True
9,308,1485,1587,102,True
21,272,1485,1554,69,True
29,288,1485,1587,102,True
33,281,1485,1587,102,True
40,326,1485,1587,102,True
43,286,1485,1587,102,True
44,299,1485,1587,102,True
48,300,1485,1587,102,True
52,287,1485,,,False
63,309,1485,1658,173,True
68,311,1485,1546,61,True
69,321,1485,1574,89,True
73,309,1485,1554,69,True
78,312,1485,1574,89,True
80,304,1485,1574,89,True
86,302,1485,1554,69,True
88,315,1485,1658,173,True
89,285,1485,1658,173,True
94,309,1485,1574,89,True
11,289,1486,1554,68,True
12,296,1486,1554,68,True
19,280,1486,1587,101,True
27,310,1486,1587,101,True
30,304,1486,1587,101,True
34,283,1486,1587,101,True
39,275,1486,1587,101,True
40,327,1486,1587,101,True
47,282,1486,1587,101,True
50,293,1486,1554,68,True
56,303,1486,1658,172,True
63,310,1486,1658,172,True
66,289,1486,1658,172,True
68,312,1486,1546,60,True
69,322,1486,1658,172,True
74,294,1486,1574,88,True
77,309,1486,1574,88,True
80,305,1486,1574,88,True
81,266,1486,1658,172,True
82,314,1486,1546,60,True
93,281,1486,1574,88,True
98,279,1486,1554,68,True
0,322,1487,1554,67,True
4,294,1487,1587,100,True
9,309,1487,1587,100,True
10,289,1487,1587,100,True
12,297,1487,1554,67,True
14,300,1487,1554,67,True
16,308,1487,1587,100,True
18,282,1487,1587,100,True
32,273,1487,1587,100,True
35,308,1487,1587,100,True
36,314,1487,1587,100,True
37,305,1487,1587,100,True
38,267,1487,1587,100,True
46,304,1487,1554,67,True
48,301,1487,1587,100,True
49,312,1487,1587,100,True
54,334,1487,1574,87,True
57,288,1487,1554,67,True
64,301,1487,1554,67,True
67,297,1487,1658,171,True
68,313,1487,1546,59,True
74,295,1487,1574,87,True
76,310,1487,1574,87,True
81,267,1487,1658,171,True
84,284,1487,1658,171,True
90,306,1487,1574,87,True
91,290,1487,1574,87,True
92,299,1487,1574,87,True
96,282,1487,1658,171,True
0,323,1488,1554,66,True
16,309,1488,1587,99,True
18,283,1488,1587,99,True
23,318,1488,1587,99,True
25,297,1488,1587,99,True
27,311,1488,1587,99,True
33,282,1488,1587,99,True
42,309,1488,1587,99,True
50,294,1488,1554,66,True
59,309,1488,1574,86,True
63,311,1488,1658,170,True
67,298,1488,1658,170,True
75,300,1488,1574,86,True
76,311,1488,1574,86,True
81,268,1488,1658,170,True
84,285,1488,1658,170,True
92,300,1488,1574,86,True
93,282,1488,1574,86,True
94,310,1488,1574,86,True
1,281,1489,1554,65,True
10,290,1489,1587,98,True
21,273,1489,1554,65,True
24,269,1489,1587,98,True
32,274,1489,1587,98,True
35,309,1489,1587,98,True
50,295,1489,1554,65,True
51,289,1489,1574,85,True
52,288,1489,,,False
59,310,1489,1574,85,True
70,303,1489,1554,65,True
74,296,1489,1574,85,True
77,310,1489,1574,85,True
80,306,1489,1574,85,True
84,286,1489,1658,169,True
86,303,1489,1554,65,True
87,288,1489,1574,85,True
88,316,1489,1658,169,True
90,307,1489,1574,85,True
92,301,1489,1574,85,True
97,288,1489,1574,85,True
5,296,1490,1587,97,True
10,291,1490,1587,97,True
11,290,1490,1587,97,True
14,301,1490,1554,64,True
21,274,1490,1554,64,True
24,270,1490,1587,97,True
33,283,1490,1587,97,True
34,284,1490,1587,97,True
36,315,1490,1587,97,True
38,268,1490,1587,97,True
39,276,1490,1587,97,True
42,310,1490,1587,97,True
43,287,1490,1587,97,True
49,313,1490,1587,97,True
50,296,1490,1554,64,True
54,335,1490,1658,168,True
59,311,1490,1574,84,True
71,289,1490,1658,168,True
75,301,1490,1574,84,True
89,286,1490,1658,168,True
98,280,1490,1554,64,True
99,297,1490,1574,84,True
4,295,1491,1587,96,True
8,297,1491,1587,96,True
9,310,1491,1587,96,True
10,292,1491,1587,96,True
21,275,1491,1554,63,True
32,275,1491,1587,96,True
33,284,1491,1587,96,True
38,269,1491,1587,96,True
42,311,1491,1587,96,True
53,270,1491,1574,83,True
73,310,1491,1554,63,True
78,313,1491,1574,83,True
82,315,1491,1658,167,True
83,290,1491,1574,83,True
86,304,1491,1554,63,True
88,317,1491,1658,167,True
93,283,1491,1658,167,True
5,297,1492,1587,95,True
7,295,1492,1587,95,True
9,311,1492,1587,95,True
10,293,1492,1587,95,True
13,308,1492,1587,95,True
25,298,1492,1587,95,True
39,277,1492,1587,95,True
41,325,1492,1587,95,True
46,305,1492,1587,95,True
48,302,1492,1587,95,True
55,285,1492,1658,166,True
57,289,1492,1554,62,True
83,291,1492,1574,82,True
88,318,1492,1658,166,True
98,281,1492,1554,62,True
0,324,1493,1587,94,True
2,299,1493,1587,94,True
5,298,1493,1587,94,True
6,305,1493,1587,94,True
20,302,1493,1554,61,True
21,276,1493,1587,94,True
30,305,1493,1587,94,True
31,311,1493,1587,94,True
44,300,1493,1587,94,True
45,288,1493,1558,65,True
48,303,1493,1587,94,True
49,314,1493,1587,94,True
54,336,1493,1658,165,True
68,314,1493,1574,81,True
70,304,1493,1554,61,True
73,311,1493,1554,61,True
74,297,1493,1658,165,True
79,287,1493,1574,81,True
94,311,1493,1574,81,True
96,283,1493,1658,165,True
1,282,1494,1587,93,True
7,296,1494,1587,93,True
8,298,1494,1587,93,True
11,291,1494,1587,93,True
12,298,1494,1587,93,True
21,277,1494,1587,93,True
23,319,1494,1587,93,True
25,299,1494,1587,93,True
30,306,1494,1587,93,True
32,276,1494,1587,93,True
40,328,1494,1587,93,True
42,312,1494,1587,93,True
47,283,1494,1587,93,True
48,304,1494,1587,93,True
49,315,1494,1587,93,True
55,286,1494,1658,164,True
58,304,1494,1574,80,True
69,323,1494,1658,164,True
74,298,1494,1658,164,True
92,302,1494,1658,164,True
97,289,1494,1574,80,True
3,318,1495,1587,92,True
5,299,1495,1587,92,True
14,302,1495,1554,59,True
16,310,1495,1587,92,True
18,284,1495,1587,92,True
24,271,1495,1587,92,True
29,289,1495,1587,92,True
36,316,1495,1587,92,True
39,278,1495,1587,92,True
42,313,1495,1587,92,True
43,288,1495,1587,92,True
52,289,1495,,,False
57,290,1495,1554,59,True
67,299,1495,1658,163,True
68,315,1495,1574,79,True
76,312,1495,1574,79,True
78,314,1495,1658,163,True
80,307,1495,1574,79,True
82,316,1495,1658,163,True
85,285,1495,1574,79,True
86,305,1495,1554,59,True
92,303,1495,1658,163,True
99,298,1495,1574,79,True
16,311,1496,1587,91,True
33,285,1496,1587,91,True
46,306,1496,1587,91,True
57,291,1496,1554,58,True
66,290,1496,1658,162,True
68,316,1496,1574,78,True
69,324,1496,1658,162,True
72,293,1496,1574,78,True
77,311,1496,1574,78,True
81,269,1496,1658,162,True
90,308,1496,1658,162,True
3,319,1497,1587,90,True
8,299,1497,1587,90,True
13,309,1497,1587,90,True
19,281,1497,1587,90,True
26,309,1497,1587,90,True
29,290,1497,1587,90,True
31,312,1497,1587,90,True
32,277,1497,1587,90,True
33,286,1497,1587,90,True
35,310,1497,1587,90,True
39,279,1497,1587,90,True
41,326,1497,1587,90,True
47,284,1497,1587,90,True
64,302,1497,1554,57,True
69,325,1497,1658,161,True
70,305,1497,1554,57,True
80,308,1497,1574,77,True
83,292,1497,1658,161,True
90,309,1497,1658,161,True
92,304,1497,1658,161,True
0,325,1498,1587,89,True
2,300,1498,1587,89,True
9,312,1498,1587,89,True
15,295,1498,1554,56,True
18,285,1498,1587,89,True
25,300,1498,1587,89,True
29,291,1498,1587,89,True
41,327,1498,1587,89,True
51,290,1498,1658,160,True
56,304,1498,1658,160,True
65,305,1498,1615,117,True
73,312,1498,1574,76,True
86,306,1498,1554,56,True
89,287,1498,1658,160,True
90,310,1498,1658,160,True
96,284,1498,1658,160,True
9,313,1499,1587,88,True
13,310,1499,1587,88,True
16,312,1499,1587,88,True
24,272,1499,1587,88,True
28,317,1499,1587,88,True
30,307,1499,1587,88,True
35,311,1499,1587,88,True
38,270,1499,1587,88,True
42,314,1499,1587,88,True
49,316,1499,1587,88,True
63,312,1499,1658,159,True
73,313,1499,1574,75,True
75,302,1499,1574,75,True
79,288,1499,1574,75,True
82,317,1499,1658,159,True
98,282,1499,1554,55,True
2,301,1500,1587,87,True
15,296,1500,1554,54,True
22,321,1500,1587,87,True
30,308,1500,1587,87,True
32,278,1500,1587,87,True
37,306,1500,1587,87,True
39,280,1500,1587,87,True
41,328,1500,1587,87,True
46,307,1500,1587,87,True
57,292,1500,1554,54,True
60,307,1500,1658,158,True
70,306,1500,1554,54,True
80,309,1500,1574,74,True
87,289,1500,1574,74,True
97,290,1500,1574,74,True
0,326,1501,1587,86,True
1,283,1501,1587,86,True
15,297,1501,1554,53,True
16,313,1501,1587,86,True
17,272,1501,1587,86,True
21,278,1501,1587,86,True
25,301,1501,1587,86,True
33,287,1501,1587,86,True
36,317,1501,1587,86,True
38,271,1501,1587,86,True
41,329,1501,1587,86,True
43,289,1501,1587,86,True
55,287,1501,1658,157,True
56,305,1501,1658,157,True
57,293,1501,1554,53,True
63,313,1501,1658,157,True
69,326,1501,1658,157,True
70,307,1501,1574,73,True
71,290,1501,1658,157,True
74,299,1501,1658,157,True
83,293,1501,1658,157,True
1,284,1502,1587,85,True
2,302,1502,1587,85,True
4,296,1502,1587,85,True
8,300,1502,1587,85,True
19,282,1502,1587,85,True
30,309,1502,1587,85,True
31,313,1502,1587,85,True
32,279,1502,1587,85,True
34,285,1502,1587,85,True
35,312,1502,1587,85,True
38,272,1502,1587,85,True
41,330,1502,1587,85,True
43,290,1502,1587,85,True
45,289,1502,1558,56,True
49,317,1502,1587,85,True
50,297,1502,1664,162,True
51,291,1502,1658,156,True
54,337,1502,1658,156,True
57,294,1502,1554,52,True
58,305,1502,1664,162,True
62,277,1502,1658,156,True
63,314,1502,1658,156,True
64,303,1502,1554,52,True
65,306,1502,1615,113,True
73,314,1502,1574,72,True
87,290,1502,1574,72,True
89,288,1502,1658,156,True
94,312,1502,1574,72,True
2,303,1503,1587,84,True
7,297,1503,1587,84,True
9,314,1503,1587,84,True
13,311,1503,1587,84,True
15,298,1503,1558,55,True
29,292,1503,1587,84,True
31,314,1503,1587,84,True
36,318,1503,1587,84,True
40,329,1503,1587,84,True
44,301,1503,1587,84,True
47,285,1503,1587,84,True
68,317,1503,1574,71,True
89,289,1503,1658,155,True
91,291,1503,1658,155,True
93,284,1503,1658,155,True
95,291,1503,1658,155,True
96,285,1503,1658,155,True
3,320,1504,1587,83,True
5,300,1504,1587,83,True
12,299,1504,1587,83,True
20,303,1504,1558,54,True
38,273,1504,1587,83,True
42,315,1504,1587,83,True
43,291,1504,1587,83,True
49,318,1504,1587,83,True
50,298,1504,1664,160,True
62,278,1504,1658,154,True
70,308,1504,1574,70,True
74,300,1504,1658,154,True
82,318,1504,1658,154,True
83,294,1504,1658,154,True
94,313,1504,1658,154,True
97,291,1504,1574,70,True
6,306,1505,1587,82,True
10,294,1505,1587,82,True
13,312,1505,1587,82,True
16,314,1505,1587,82,True
20,304,1505,1558,53,True
22,322,1505,1587,82,True
23,320,1505,1587,82,True
24,273,1505,1587,82,True
27,312,1505,1587,82,True
28,318,1505,1587,82,True
33,288,1505,1587,82,True
45,290,1505,1558,53,True
48,305,1505,1657,152,True
50,299,1505,1664,159,True
60,308,1505,1658,153,True
67,300,1505,1658,153,True
72,294,1505,1574,69,True
74,301,1505,1658,153,True
77,312,1505,1658,153,True
78,315,1505,1658,153,True
86,307,1505,1574,69,True
91,292,1505,1658,153,True
6,307,1506,1587,81,True
11,292,1506,1587,81,True
13,313,1506,1587,81,True
21,279,1506,1587,81,True
23,321,1506,1587,81,True
31,315,1506,1587,81,True
40,330,1506,1587,81,True
47,286,1506,1587,81,True
51,292,1506,1658,152,True
62,279,1506,1658,152,True
66,291,1506,1658,152,True
70,309,1506,1574,68,True
73,315,1506,1574,68,True
77,313,1506,1658,152,True
78,316,1506,1658,152,True
82,319,1506,1658,152,True
84,287,1506,1658,152,True
86,308,1506,1574,68,True
87,291,1506,1574,68,True
94,314,1506,1658,152,True
1,285,1507,1587,80,True
3,321,1507,1587,80,True
11,293,1507,1587,80,True
23,322,1507,1587,80,True
27,313,1507,1587,80,True
30,310,1507,1587,80,True
32,280,1507,1587,80,True
34,286,1507,1587,80,True
37,307,1507,1657,150,True
41,331,1507,1587,80,True
44,302,1507,1587,80,True
53,271,1507,1658,151,True
58,306,1507,1664,157,True
62,280,1507,1658,151,True
63,315,1507,1658,151,True
66,292,1507,1658,151,True
68,318,1507,1574,67,True
80,310,1507,1658,151,True
83,295,1507,1658,151,True
86,309,1507,1574,67,True
88,319,1507,1658,151,True
89,290,1507,1658,151,True
94,315,1507,1658,151,True
1,286,1508,1587,79,True
9,315,1508,1587,79,True
15,299,1508,1558,50,True
16,315,1508,1587,79,True
20,305,1508,1558,50,True
21,280,1508,1587,79,True
30,311,1508,1587,79,True
48,306,1508,1657,149,True
52,290,1508,,,False
60,309,1508,1658,150,True
63,316,1508,1658,150,True
66,293,1508,1658,150,True
69,327,1508,1658,150,True
72,295,1508,1574,66,True
80,311,1508,1658,150,True
81,270,1508,1658,150,True
90,311,1508,1658,150,True
94,316,1508,1658,150,True
97,292,1508,1574,66,True
2,304,1509,1587,78,True
3,322,1509,1587,78,True
6,308,1509,1587,78,True
16,316,1509,1587,78,True
17,273,1509,1587,78,True
18,286,1509,1587,78,True
21,281,1509,1587,78,True
26,310,1509,1587,78,True
46,308,1509,1587,78,True
51,293,1509,1658,149,True
55,288,1509,1658,149,True
56,306,1509,1658,149,True
57,295,1509,1574,65,True
70,310,1509,1574,65,True
72,296,1509,1574,65,True
77,314,1509,1658,149,True
80,312,1509,1658,149,True
83,296,1509,1658,149,True
92,305,1509,1658,149,True
95,292,1509,1658,149,True
96,286,1509,1658,149,True
97,293,1509,1574,65,True
0,327,1510,1587,77,True
7,298,1510,1587,77,True
8,301,1510,1587,77,True
9,316,1510,1587,77,True
10,295,1510,1587,77,True
17,274,1510,1587,77,True
20,306,1510,1558,48,True
21,282,1510,1587,77,True
33,289,1510,1587,77,True
46,309,1510,1587,77,True
51,294,1510,1658,148,True
57,296,1510,1574,64,True
75,303,1510,1658,148,True
83,297,1510,1658,148,True
88,320,1510,1658,148,True
94,317,1510,1658,148,True
96,287,1510,1658,148,True
97,294,1510,1658,148,True
0,328,1511,1587,76,True
2,305,1511,1587,76,True
8,302,1511,1587,76,True
14,303,1511,1587,76,True
16,317,1511,1587,76,True
20,307,1511,1558,47,True
27,314,1511,1587,76,True
28,319,1511,1587,76,True
42,316,1511,1587,76,True
49,319,1511,1587,76,True
56,307,1511,1658,147,True
65,307,1511,1615,104,True
67,301,1511,1658,147,True
69,328,1511,1658,147,True
70,311,1511,1615,104,True
74,302,1511,1658,147,True
78,317,1511,1658,147,True
82,320,1511,1658,147,True
89,291,1511,1658,147,True
90,312,1511,1658,147,True
94,318,1511,1658,147,True
4,297,1512,1587,75,True
5,301,1512,1587,75,True
9,317,1512,1587,75,True
20,308,1512,1558,46,True
21,283,1512,1587,75,True
22,323,1512,1587,75,True
25,302,1512,1587,75,True
36,319,1512,1587,75,True
39,281,1512,1587,75,True
42,317,1512,1587,75,True
43,292,1512,1587,75,True
46,310,1512,1587,75,True
50,300,1512,1664,152,True
54,338,1512,1658,146,True
59,312,1512,1658,146,True
64,304,1512,1574,62,True
67,302,1512,1658,146,True
68,319,1512,1658,146,True
72,297,1512,1574,62,True
78,318,1512,1658,146,True
79,289,1512,1574,62,True
89,292,1512,1658,146,True
95,293,1512,1658,146,True
96,288,1512,1658,146,True
0,329,1513,1587,74,True
1,287,1513,1587,74,True
11,294,1513,1587,74,True
15,300,1513,1558,45,True
20,309,1513,1558,45,True
22,324,1513,1587,74,True
24,274,1513,1587,74,True
26,311,1513,1587,74,True
28,320,1513,1587,74,True
32,281,1513,1587,74,True
57,297,1513,1574,61,True
62,281,1513,1658,145,True
73,316,1513,1574,61,True
76,313,1513,1574,61,True
85,286,1513,1664,151,True
87,292,1513,1658,145,True
90,313,1513,1658,145,True
92,306,1513,1658,145,True
96,289,1513,1658,145,True
1,288,1514,1587,73,True
2,306,1514,1587,73,True
5,302,1514,1587,73,True
11,295,1514,1587,73,True
12,300,1514,1587,73,True
14,304,1514,1587,73,True
17,275,1514,1587,73,True
27,315,1514,1587,73,True
29,293,1514,1587,73,True
33,290,1514,1587,73,True
35,313,1514,1587,73,True
45,291,1514,1558,44,True
48,307,1514,1657,143,True
52,291,1514,,,False
55,289,1514,1658,144,True
60,310,1514,1658,144,True
69,329,1514,1658,144,True
70,312,1514,1615,101,True
73,317,1514,1574,60,True
79,290,1514,1574,60,True
80,313,1514,1658,144,True
88,321,1514,1658,144,True
0,330,1515,1587,72,True
8,303,1515,1587,72,True
12,301,1515,1587,72,True
14,305,1515,1587,72,True
21,284,1515,1587,72,True
33,291,1515,1587,72,True
38,274,1515,1587,72,True
40,331,1515,1587,72,True
43,293,1515,1587,72,True
56,308,1515,1658,143,True
65,308,1515,1615,100,True
67,303,1515,1658,143,True
80,314,1515,1658,143,True
81,271,1515,1664,149,True
85,287,1515,1664,149,True
89,293,1515,1658,143,True
95,294,1515,1658,143,True
98,283,1515,1574,59,True
0,331,1516,1587,71,True
1,289,1516,1587,71,True
3,323,1516,1587,71,True
4,298,1516,1587,71,True
5,303,1516,1587,71,True
16,318,1516,1587,71,True
20,310,1516,1558,42,True
32,282,1516,1587,71,True
37,308,1516,1657,141,True
39,282,1516,1587,71,True
41,332,1516,1694,178,True
47,287,1516,1587,71,True
73,318,1516,1574,58,True
76,314,1516,1574,58,True
80,315,1516,1658,142,True
89,294,1516,1658,142,True
90,314,1516,1658,142,True
95,295,1516,1658,142,True
98,284,1516,1574,58,True
2,307,1517,1587,70,True
19,283,1517,1587,70,True
29,294,1517,1587,70,True
38,275,1517,1587,70,True
41,333,1517,1694,177,True
42,318,1517,1587,70,True
46,311,1517,1587,70,True
58,307,1517,1664,147,True
61,290,1517,1574,57,True
64,305,1517,1574,57,True
66,294,1517,1658,141,True
75,304,1517,1658,141,True
91,293,1517,1658,141,True
92,307,1517,1658,141,True
93,285,1517,1658,141,True
9,318,1518,1587,69,True
14,306,1518,1587,69,True
15,301,1518,1601,83,True
18,287,1518,1587,69,True
21,285,1518,1587,69,True
25,303,1518,1587,69,True
28,321,1518,1587,69,True
38,276,1518,1587,69,True
48,308,1518,1657,139,True
50,301,1518,1664,146,True
51,295,1518,1658,140,True
52,292,1518,,,False
57,298,1518,1574,56,True
59,313,1518,1658,140,True
61,291,1518,1574,56,True
62,282,1518,1658,140,True
64,306,1518,1574,56,True
72,298,1518,1574,56,True
74,303,1518,1658,140,True
81,272,1518,1664,146,True
93,286,1518,1658,140,True
97,295,1518,1658,140,True
98,285,1518,1574,56,True
2,308,1519,1587,68,True
9,319,1519,1587,68,True
19,284,1519,1587,68,True
20,311,1519,1558,39,True
21,286,1519,1587,68,True
22,325,1519,1657,138,True
35,314,1519,1587,68,True
44,303,1519,1587,68,True
46,312,1519,1587,68,True
49,320,1519,1587,68,True
50,302,1519,1664,145,True
54,339,1519,1658,139,True
56,309,1519,1658,139,True
61,292,1519,1574,55,True
67,304,1519,1658,139,True
69,330,1519,1658,139,True
71,291,1519,1658,139,True
72,299,1519,1574,55,True
74,304,1519,1658,139,True
75,305,1519,1664,145,True
80,316,1519,1658,139,True
94,319,1519,1658,139,True
3,324,1520,1657,137,True
8,304,1520,1615,95,True
12,302,1520,1587,67,True
18,288,1520,1657,137,True
23,323,1520,1587,67,True
29,295,1520,1587,67,True
42,319,1520,1587,67,True
50,303,1520,1664,144,True
51,296,1520,1658,138,True
77,315,1520,1658,138,True
86,310,1520,1574,54,True
88,322,1520,1658,138,True
93,287,1520,1658,138,True
94,320,1520,1658,138,True
97,296,1520,1658,138,True
2,309,1521,1587,66,True
13,314,1521,1587,66,True
21,287,1521,1587,66,True
23,324,1521,1587,66,True
24,275,1521,1587,66,True
26,312,1521,1587,66,True
36,320,1521,1587,66,True
37,309,1521,1657,136,True
40,332,1521,1587,66,True
45,292,1521,1587,66,True
48,309,1521,1657,136,True
51,297,1521,1658,137,True
52,293,1521,,,False
53,272,1521,1658,137,True
56,310,1521,1658,137,True
62,283,1521,1658,137,True
65,309,1521,1615,94,True
67,305,1521,1658,137,True
72,300,1521,1574,53,True
79,291,1521,1574,53,True
81,273,1521,1664,143,True
88,323,1521,1658,137,True
94,321,1521,1658,137,True
2,310,1522,1587,65,True
4,299,1522,1587,65,True
5,304,1522,1587,65,True
9,320,1522,1587,65,True
15,302,1522,1601,79,True
33,292,1522,1587,65,True
38,277,1522,1587,65,True
47,288,1522,1587,65,True
71,292,1522,1658,136,True
72,301,1522,1574,52,True
86,311,1522,1574,52,True
88,324,1522,1658,136,True
89,295,1522,1658,136,True
95,296,1522,1658,136,True
96,290,1522,1658,136,True
97,297,1522,1658,136,True
14,307,1523,1587,64,True
16,319,1523,1587,64,True
18,289,1523,1657,134,True
20,312,1523,1587,64,True
28,322,1523,1587,64,True
30,312,1523,1587,64,True
35,315,1523,1587,64,True
37,310,1523,1657,134,True
43,294,1523,1657,134,True
48,310,1523,1657,134,True
59,314,1523,1658,135,True
61,293,1523,1574,51,True
69,331,1523,1658,135,True
74,305,1523,1658,135,True
75,306,1523,1664,141,True
80,317,1523,1658,135,True
83,298,1523,1658,135,True
86,312,1523,1574,51,True
89,296,1523,1658,135,True
90,315,1523,1658,135,True
91,294,1523,1658,135,True
95,297,1523,1658,135,True
0,332,1524,1587,63,True
3,325,1524,1657,133,True
7,299,1524,1587,63,True
9,321,1524,1587,63,True
11,296,1524,1587,63,True
13,315,1524,1587,63,True
16,320,1524,1587,63,True
26,313,1524,1587,63,True
29,296,1524,1587,63,True
39,283,1524,1587,63,True
43,295,1524,1657,133,True
50,304,1524,1664,140,True
56,311,1524,1658,134,True
57,299,1524,1574,50,True
59,315,1524,1658,134,True
67,306,1524,1658,134,True
70,313,1524,1615,91,True
74,306,1524,1658,134,True
79,292,1524,1574,50,True
82,321,1524,1658,134,True
89,297,1524,1658,134,True
94,322,1524,1658,134,True
95,298,1524,1658,134,True
6,309,1525,1587,62,True
7,300,1525,1587,62,True
14,308,1525,1587,62,True
34,287,1525,1587,62,True
55,290,1525,1658,133,True
63,317,1525,1658,133,True
67,307,1525,1658,133,True
75,307,1525,1664,139,True
76,315,1525,1658,133,True
79,293,1525,1574,49,True
82,322,1525,1658,133,True
89,298,1525,1658,133,True
92,308,1525,1658,133,True
95,299,1525,1658,133,True
25,304,1526,1694,168,True
30,313,1526,1587,61,True
34,288,1526,1587,61,True
42,320,1526,1587,61,True
49,321,1526,1587,61,True
52,294,1526,,,False
59,316,1526,1658,132,True
64,307,1526,1587,61,True
66,295,1526,1658,132,True
67,308,1526,1658,132,True
70,314,1526,1615,89,True
71,293,1526,1658,132,True
85,288,1526,1664,138,True
87,293,1526,1658,132,True
88,325,1526,1658,132,True
90,316,1526,1658,132,True
92,309,1526,1658,132,True
93,288,1526,1658,132,True
3,326,1527,1657,130,True
12,303,1527,1587,60,True
21,288,1527,1694,167,True
22,326,1527,1657,130,True
24,276,1527,1587,60,True
25,305,1527,1694,167,True
28,323,1527,1657,130,True
35,316,1527,1587,60,True
36,321,1527,1587,60,True
39,284,1527,1587,60,True
45,293,1527,1587,60,True
47,289,1527,1587,60,True
56,312,1527,1658,131,True
64,308,1527,1587,60,True
73,319,1527,1658,131,True
74,307,1527,1658,131,True
90,317,1527,1658,131,True
91,295,1527,1658,131,True
93,289,1527,1658,131,True
99,299,1527,1658,131,True
2,311,1528,1587,59,True
5,305,1528,1587,59,True
6,310,1528,1587,59,True
7,301,1528,1587,59,True
12,304,1528,1587,59,True
15,303,1528,1601,73,True
24,277,1528,1587,59,True
37,311,1528,1657,129,True
38,278,1528,1657,129,True
47,290,1528,1587,59,True
52,295,1528,,,False
57,300,1528,1615,87,True
61,294,1528,1574,46,True
77,316,1528,1658,130,True
79,294,1528,1574,46,True
89,299,1528,1658,130,True
94,323,1528,1658,130,True
0,333,1529,1587,58,True
3,327,1529,1657,128,True
6,311,1529,1587,58,True
14,309,1529,1587,58,True
22,327,1529,1657,128,True
25,306,1529,1694,165,True
42,321,1529,1587,58,True
46,313,1529,1587,58,True
50,305,1529,1664,135,True
52,296,1529,,,False
54,340,1529,1658,129,True
63,318,1529,1658,129,True
67,309,1529,1658,129,True
71,294,1529,1658,129,True
77,317,1529,1658,129,True
0,334,1530,1587,57,True
2,312,1530,1587,57,True
3,328,1530,1657,127,True
8,305,1530,1615,85,True
9,322,1530,1694,164,True
21,289,1530,1694,164,True
24,278,1530,1587,57,True
29,297,1530,1657,127,True
31,316,1530,1587,57,True
33,293,1530,1615,85,True
34,289,1530,1587,57,True
41,334,1530,1694,164,True
46,314,1530,1587,57,True
51,298,1530,1658,128,True
52,297,1530,,,False
53,273,1530,1658,128,True
55,291,1530,1658,128,True
56,313,1530,1658,128,True
59,317,1530,1658,128,True
67,310,1530,1658,128,True
79,295,1530,1574,44,True
80,318,1530,1658,128,True
82,323,1530,1658,128,True
85,289,1530,1664,134,True
86,313,1530,1658,128,True
92,310,1530,1658,128,True
99,300,1530,1658,128,True
0,335,1531,1587,56,True
2,313,1531,1587,56,True
4,300,1531,1587,56,True
17,276,1531,1657,126,True
26,314,1531,1587,56,True
30,314,1531,1587,56,True
31,317,1531,1587,56,True
35,317,1531,1587,56,True
53,274,1531,1658,127,True
62,284,1531,1658,127,True
67,311,1531,1658,127,True
71,295,1531,1658,127,True
75,308,1531,1664,133,True
76,316,1531,1658,127,True
85,290,1531,1664,133,True
92,311,1531,1658,127,True
6,312,1532,1587,55,True
18,290,1532,1657,125,True
20,313,1532,1601,69,True
27,316,1532,1587,55,True
32,283,1532,1587,55,True
35,318,1532,1587,55,True
39,285,1532,1587,55,True
44,304,1532,1694,162,True
53,275,1532,1658,126,True
55,292,1532,1658,126,True
56,314,1532,1658,126,True
57,301,1532,1615,83,True
59,318,1532,1658,126,True
62,285,1532,1658,126,True
72,302,1532,1587,55,True
75,309,1532,1664,132,True
78,319,1532,1658,126,True
80,319,1532,1658,126,True
81,274,1532,1664,132,True
83,299,1532,1658,126,True
94,324,1532,1658,126,True
98,286,1532,1658,126,True
9,323,1533,1694,161,True
12,305,1533,1587,54,True
18,291,1533,1657,124,True
22,328,1533,1657,124,True
27,317,1533,1587,54,True
37,312,1533,1657,124,True
39,286,1533,1587,54,True
41,335,1533,1694,161,True
47,291,1533,1587,54,True
48,311,1533,1657,124,True
61,295,1533,1587,54,True
69,332,1533,1664,131,True
74,308,1533,1664,131,True
76,317,1533,1658,125,True
78,320,1533,1664,131,True
82,324,1533,1658,125,True
88,326,1533,1664,131,True
89,300,1533,1658,125,True
98,287,1533,1658,125,True
4,301,1534,1587,53,True
6,313,1534,1587,53,True
18,292,1534,1657,123,True
20,314,1534,1601,67,True
22,329,1534,1657,123,True
28,324,1534,1657,123,True
31,318,1534,1587,53,True
33,294,1534,1615,81,True
34,290,1534,1601,67,True
49,322,1534,1587,53,True
59,319,1534,1658,124,True
60,311,1534,1664,130,True
64,309,1534,1587,53,True
67,312,1534,1658,124,True
74,309,1534,1664,130,True
77,318,1534,1658,124,True
84,288,1534,1658,124,True
87,294,1534,1658,124,True
89,301,1534,1658,124,True
90,318,1534,1658,124,True
96,291,1534,1658,124,True
0,336,1535,1587,52,True
2,314,1535,1587,52,True
3,329,1535,1657,122,True
8,306,1535,1615,80,True
14,310,1535,1615,80,True
21,290,1535,1694,159,True
27,318,1535,1587,52,True
40,333,1535,1657,122,True
47,292,1535,1587,52,True
50,306,1535,1664,129,True
53,276,1535,1658,123,True
55,293,1535,1658,123,True
82,325,1535,1658,123,True
85,291,1535,1664,129,True
2,315,1536,1587,51,True
15,304,1536,1601,65,True
19,285,1536,1587,51,True
25,307,1536,1694,158,True
34,291,1536,1601,65,True
37,313,1536,1657,121,True
46,315,1536,1587,51,True
54,341,1536,1658,122,True
58,308,1536,1664,128,True
68,320,1536,1658,122,True
77,319,1536,1658,122,True
90,319,1536,1658,122,True
93,290,1536,1664,128,True
99,301,1536,1658,122,True
0,337,1537,1587,50,True
2,316,1537,1587,50,True
6,314,1537,1587,50,True
12,306,1537,1587,50,True
16,321,1537,1657,120,True
28,325,1537,1657,120,True
29,298,1537,1657,120,True
33,295,1537,1615,78,True
35,319,1537,1601,64,True
46,316,1537,1587,50,True
51,299,1537,1658,121,True
52,298,1537,,,False
57,302,1537,1615,78,True
59,320,1537,1658,121,True
61,296,1537,1587,50,True
67,313,1537,1658,121,True
75,310,1537,1664,127,True
80,320,1537,1658,121,True
83,300,1537,1658,121,True
88,327,1537,1664,127,True
92,312,1537,1658,121,True
96,292,1537,1664,127,True
0,338,1538,1587,49,True
4,302,1538,1587,49,True
5,306,1538,1657,119,True
6,315,1538,1587,49,True
11,297,1538,1587,49,True
23,325,1538,1694,156,True
29,299,1538,1657,119,True
31,319,1538,1587,49,True
32,284,1538,1587,49,True
36,322,1538,1694,156,True
38,279,1538,1657,119,True
42,322,1538,1587,49,True
46,317,1538,1657,119,True
51,300,1538,1658,120,True
52,299,1538,,,False
55,294,1538,1658,120,True
64,310,1538,1615,77,True
73,320,1538,1658,120,True
74,310,1538,1664,126,True
83,301,1538,1658,120,True
91,296,1538,1658,120,True
4,303,1539,1657,118,True
8,307,1539,1615,76,True
14,311,1539,1615,76,True
18,293,1539,1694,155,True
37,314,1539,1657,118,True
42,323,1539,1587,48,True
54,342,1539,1658,119,True
58,309,1539,1664,125,True
62,286,1539,1658,119,True
71,296,1539,1664,125,True
73,321,1539,1658,119,True
78,321,1539,1664,125,True
85,292,1539,1664,125,True
87,295,1539,1664,125,True
94,325,1539,1658,119,True
0,339,1540,1587,47,True
1,290,1540,1657,117,True
7,302,1540,1694,154,True
18,294,1540,1694,154,True
19,286,1540,1587,47,True
22,330,1540,1657,117,True
23,326,1540,1694,154,True
30,315,1540,1587,47,True
35,320,1540,1601,61,True
37,315,1540,1657,117,True
38,280,1540,1657,117,True
45,294,1540,1601,61,True
55,295,1540,1658,118,True
58,310,1540,1664,124,True
61,297,1540,1658,118,True
65,310,1540,1658,118,True
66,296,1540,1658,118,True
68,321,1540,1658,118,True
74,311,1540,1664,124,True
85,293,1540,1664,124,True
91,297,1540,1658,118,True
95,300,1540,1658,118,True
0,340,1541,1587,46,True
2,317,1541,1587,46,True
3,330,1541,1657,116,True
5,307,1541,1657,116,True
7,303,1541,1694,153,True
14,312,1541,1615,74,True
15,305,1541,1657,116,True
19,287,1541,1587,46,True
37,316,1541,1657,116,True
40,334,1541,1694,153,True
46,318,1541,1694,153,True
49,323,1541,1587,46,True
60,312,1541,1664,123,True
61,298,1541,1658,117,True
65,311,1541,1658,117,True
66,297,1541,1658,117,True
68,322,1541,1658,117,True
69,333,1541,1664,123,True
70,315,1541,1658,117,True
74,312,1541,1664,123,True
77,320,1541,1664,123,True
79,296,1541,1658,117,True
88,328,1541,1664,123,True
91,298,1541,1658,117,True
99,302,1541,1658,117,True
0,341,1542,1587,45,True
1,291,1542,1657,115,True
13,316,1542,1694,152,True
14,313,1542,1615,73,True
21,291,1542,1694,152,True
22,331,1542,1657,115,True
29,300,1542,1657,115,True
43,296,1542,1657,115,True
49,324,1542,1587,45,True
50,307,1542,1664,122,True
54,343,1542,1658,116,True
59,321,1542,1664,122,True
62,287,1542,1658,116,True
69,334,1542,1664,122,True
75,311,1542,1664,122,True
87,296,1542,1664,122,True
90,320,1542,1658,116,True
91,299,1542,1658,116,True
92,313,1542,1658,116,True
95,301,1542,1658,116,True
3,331,1543,1657,114,True
9,324,1543,1694,151,True
12,307,1543,1587,44,True
14,314,1543,1615,72,True
16,322,1543,1657,114,True
19,288,1543,1587,44,True
20,315,1543,1601,58,True
26,315,1543,1587,44,True
31,320,1543,1587,44,True
34,292,1543,1601,58,True
35,321,1543,1601,58,True
36,323,1543,1694,151,True
43,297,1543,1657,114,True
62,288,1543,1658,115,True
64,311,1543,1615,72,True
66,298,1543,1658,115,True
67,314,1543,1658,115,True
75,312,1543,1664,121,True
78,322,1543,1664,121,True
86,314,1543,1658,115,True
90,321,1543,1658,115,True
93,291,1543,1664,121,True
98,288,1543,1658,115,True
0,342,1544,1753,209,True
2,318,1544,1587,43,True
3,332,1544,1694,150,True
6,316,1544,1694,150,True
11,298,1544,1587,43,True
14,315,1544,1615,71,True
15,306,1544,1657,113,True
18,295,1544,1694,150,True
21,292,1544,1694,150,True
22,332,1544,1657,113,True
23,327,1544,1694,150,True
24,279,1544,1657,113,True
25,308,1544,1694,150,True
27,319,1544,1694,150,True
28,326,1544,1657,113,True
35,322,1544,1601,57,True
38,281,1544,1657,113,True
39,287,1544,1694,150,True
47,293,1544,1657,113,True
59,322,1544,1664,120,True
60,313,1544,1664,120,True
74,313,1544,1664,120,True
77,321,1544,1664,120,True
90,322,1544,1658,114,True
97,298,1544,1658,114,True
1,292,1545,1657,112,True
14,316,1545,1615,70,True
17,277,1545,1657,112,True
20,316,1545,1601,56,True
27,320,1545,1694,149,True
33,296,1545,1615,70,True
34,293,1545,1601,56,True
36,324,1545,1694,149,True
41,336,1545,1694,149,True
53,277,1545,1664,119,True
59,323,1545,1664,119,True
61,299,1545,1658,113,True
62,289,1545,1658,113,True
63,319,1545,1664,119,True
66,299,1545,1658,113,True
70,316,1545,1658,113,True
75,313,1545,1664,119,True
83,302,1545,1658,113,True
16,323,1546,1657,111,True
20,317,1546,1601,55,True
36,325,1546,1694,148,True
38,282,1546,1657,111,True
45,295,1546,1657,111,True
53,278,1546,1664,118,True
56,315,1546,1658,112,True
69,335,1546,1664,118,True
73,322,1546,1658,112,True
80,321,1546,1658,112,True
81,275,1546,1664,118,True
89,302,1546,1664,118,True
92,314,1546,1658,112,True
93,292,1546,1664,118,True
96,293,1546,1664,118,True
99,303,1546,1664,118,True
0,343,1547,1753,206,True
3,333,1547,1694,147,True
15,307,1547,1657,110,True
23,328,1547,1694,147,True
38,283,1547,1657,110,True
39,288,1547,1694,147,True
61,300,1547,1658,111,True
74,314,1547,1664,117,True
86,315,1547,1658,111,True
0,344,1548,1753,205,True
5,308,1548,1657,109,True
7,304,1548,1694,146,True
12,308,1548,1657,109,True
22,333,1548,1657,109,True
23,329,1548,1694,146,True
30,316,1548,1694,146,True
31,321,1548,1657,109,True
35,323,1548,1601,53,True
36,326,1548,1694,146,True
42,324,1548,1657,109,True
46,319,1548,1694,146,True
48,312,1548,1694,146,True
66,300,1548,1664,116,True
69,336,1548,1664,116,True
71,297,1548,1664,116,True
73,323,1548,1658,110,True
78,323,1548,1664,116,True
81,276,1548,1664,116,True
83,303,1548,1658,110,True
85,294,1548,1664,116,True
94,326,1548,1664,116,True
97,299,1548,1658,110,True
8,308,1549,1694,145,True
15,308,1549,1657,108,True
27,321,1549,1694,145,True
28,327,1549,1657,108,True
34,294,1549,1657,108,True
38,284,1549,1657,108,True
43,298,1549,1657,108,True
46,320,1549,1694,145,True
59,324,1549,1664,115,True
61,301,1549,1658,109,True
69,337,1549,1664,115,True
76,318,1549,1664,115,True
83,304,1549,1664,115,True
88,329,1549,1740,191,True
94,327,1549,1664,115,True
95,302,1549,1658,109,True
99,304,1549,1664,115,True
2,319,1550,1694,144,True
13,317,1550,1694,144,True
15,309,1550,1657,107,True
21,293,1550,1694,144,True
26,316,1550,1657,107,True
34,295,1550,1657,107,True
36,327,1550,1694,144,True
37,317,1550,1694,144,True
43,299,1550,1657,107,True
45,296,1550,1657,107,True
47,294,1550,1657,107,True
48,313,1550,1694,144,True
54,344,1550,1658,108,True
58,311,1550,1664,114,True
62,290,1550,1664,114,True
72,303,1550,1658,108,True
82,326,1550,1658,108,True
85,295,1550,1664,114,True
90,323,1550,1664,114,True
92,315,1550,1658,108,True
2,320,1551,1694,143,True
5,309,1551,1694,143,True
7,305,1551,1694,143,True
10,296,1551,1694,143,True
14,317,1551,1615,64,True
22,334,1551,1657,106,True
28,328,1551,1694,143,True
32,285,1551,1694,143,True
47,295,1551,1657,106,True
48,314,1551,1694,143,True
56,316,1551,1658,107,True
60,314,1551,1664,113,True
64,312,1551,1658,107,True
65,312,1551,1658,107,True
66,301,1551,1664,113,True
74,315,1551,1664,113,True
75,314,1551,1664,113,True
76,319,1551,1664,113,True
95,303,1551,1658,107,True
96,294,1551,1664,113,True
98,289,1551,1658,107,True
14,318,1552,1615,63,True
16,324,1552,1694,142,True
17,278,1552,1657,105,True
19,289,1552,1694,142,True
20,318,1552,1657,105,True
21,294,1552,1694,142,True
30,317,1552,1694,142,True
31,322,1552,1657,105,True
37,318,1552,1694,142,True
40,335,1552,1694,142,True
46,321,1552,1694,142,True
48,315,1552,1694,142,True
51,301,1552,1658,106,True
80,322,1552,1658,106,True
84,289,1552,1658,106,True
95,304,1552,1658,106,True
99,305,1552,1664,112,True
2,321,1553,1694,141,True
9,325,1553,1694,141,True
11,299,1553,1694,141,True
12,309,1553,1657,104,True
13,318,1553,1694,141,True
21,295,1553,1694,141,True
22,335,1553,1694,141,True
26,317,1553,1694,141,True
33,297,1553,1694,141,True
34,296,1553,1657,104,True
50,308,1553,1664,111,True
56,317,1553,1658,105,True
63,320,1553,1664,111,True
69,338,1553,1664,111,True
71,298,1553,1664,111,True
77,322,1553,1664,111,True
78,324,1553,1664,111,True
84,290,1553,1658,105,True
85,296,1553,1664,111,True
86,316,1553,1658,105,True
92,316,1553,1658,105,True
8,309,1554,1694,140,True
34,297,1554,1657,103,True
54,345,1554,1664,110,True
57,303,1554,1615,61,True
59,325,1554,1664,110,True
62,291,1554,1664,110,True
69,339,1554,1664,110,True
71,299,1554,1664,110,True
72,304,1554,1658,104,True
75,315,1554,1664,110,True
76,320,1554,1664,110,True
79,297,1554,1658,104,True
93,293,1554,1664,110,True
95,305,1554,1658,104,True
8,310,1555,1694,139,True
9,326,1555,1694,139,True
26,318,1555,1694,139,True
27,322,1555,1694,139,True
30,318,1555,1694,139,True
34,298,1555,1657,102,True
37,319,1555,1694,139,True
40,336,1555,1694,139,True
43,300,1555,1694,139,True
55,296,1555,1664,109,True
61,302,1555,1658,103,True
73,324,1555,1664,109,True
78,325,1555,1664,109,True
87,297,1555,1664,109,True
95,306,1555,1658,103,True
5,310,1556,1694,138,True
12,310,1556,1694,138,True
18,296,1556,1694,138,True
24,280,1556,1694,138,True
28,329,1556,1694,138,True
30,319,1556,1694,138,True
33,298,1556,1694,138,True
37,320,1556,1694,138,True
39,289,1556,1694,138,True
64,313,1556,1658,102,True
82,327,1556,1658,102,True
83,305,1556,1664,108,True
96,295,1556,1664,108,True
2,322,1557,1694,137,True
4,304,1557,1753,196,True
9,327,1557,1694,137,True
17,279,1557,1694,137,True
19,290,1557,1694,137,True
23,330,1557,1694,137,True
28,330,1557,1694,137,True
41,337,1557,1694,137,True
45,297,1557,1657,100,True
49,325,1557,1657,100,True
57,304,1557,1658,101,True
58,312,1557,1664,107,True
63,321,1557,1664,107,True
66,302,1557,1664,107,True
69,340,1557,1664,107,True
73,325,1557,1664,107,True
74,316,1557,1664,107,True
77,323,1557,1664,107,True
78,326,1557,1664,107,True
84,291,1557,1664,107,True
89,303,1557,1664,107,True
93,294,1557,1664,107,True
7,306,1558,1694,136,True
13,319,1558,1694,136,True
15,310,1558,1657,99,True
17,280,1558,1694,136,True
26,319,1558,1694,136,True
46,322,1558,1694,136,True
52,300,1558,,,False
56,318,1558,1664,106,True
69,341,1558,1664,106,True
70,317,1558,1658,100,True
79,298,1558,1658,100,True
84,292,1558,1664,106,True
86,317,1558,1658,100,True
87,298,1558,1664,106,True
91,300,1558,1658,100,True
93,295,1558,1664,106,True
95,307,1558,1658,100,True
97,300,1558,1664,106,True
4,305,1559,1753,194,True
6,317,1559,1694,135,True
7,307,1559,1694,135,True
10,297,1559,1694,135,True
21,296,1559,1694,135,True
24,281,1559,1694,135,True
30,320,1559,1694,135,True
38,285,1559,1694,135,True
47,296,1559,1657,98,True
51,302,1559,1664,105,True
54,346,1559,1664,105,True
55,297,1559,1664,105,True
63,322,1559,1664,105,True
67,315,1559,1664,105,True
77,324,1559,1664,105,True
89,304,1559,1664,105,True
90,324,1559,1664,105,True
3,334,1560,1694,134,True
4,306,1560,1753,193,True
7,308,1560,1694,134,True
13,320,1560,1694,134,True
20,319,1560,1657,97,True
22,336,1560,1694,134,True
23,331,1560,1694,134,True
24,282,1560,1694,134,True
30,321,1560,1694,134,True
31,323,1560,1694,134,True
40,337,1560,1694,134,True
41,338,1560,1694,134,True
43,301,1560,1694,134,True
44,305,1560,1753,193,True
55,298,1560,1664,104,True
73,326,1560,1664,104,True
74,317,1560,1664,104,True
82,328,1560,1658,98,True
87,299,1560,1664,104,True
89,305,1560,1664,104,True
93,296,1560,1664,104,True
94,328,1560,1664,104,True
2,323,1561,1694,133,True
9,328,1561,1694,133,True
12,311,1561,1694,133,True
16,325,1561,1694,133,True
18,297,1561,1694,133,True
30,322,1561,1694,133,True
34,299,1561,1657,96,True
39,290,1561,1694,133,True
48,316,1561,1694,133,True
56,319,1561,1664,103,True
60,315,1561,1681,120,True
61,303,1561,1658,97,True
63,323,1561,1664,103,True
64,314,1561,1658,97,True
75,316,1561,1664,103,True
76,321,1561,1664,103,True
78,327,1561,1664,103,True
79,299,1561,1658,97,True
80,323,1561,1664,103,True
88,330,1561,1740,179,True
96,296,1561,1664,103,True
2,324,1562,1694,132,True
3,335,1562,1694,132,True
7,309,1562,1694,132,True
14,319,1562,1657,95,True
27,323,1562,1694,132,True
29,301,1562,1753,191,True
40,338,1562,1694,132,True
41,339,1562,1694,132,True
47,297,1562,1753,191,True
49,326,1562,1694,132,True
56,320,1562,1664,102,True
58,313,1562,1664,102,True
59,326,1562,1664,102,True
63,324,1562,1664,102,True
65,313,1562,1658,96,True
73,327,1562,1664,102,True
74,318,1562,1664,102,True
76,322,1562,1664,102,True
80,324,1562,1664,102,True
81,277,1562,1664,102,True
95,308,1562,1664,102,True
4,307,1563,1753,190,True
21,297,1563,1694,131,True
30,323,1563,1694,131,True
31,324,1563,1694,131,True
32,286,1563,1694,131,True
33,299,1563,1694,131,True
42,325,1563,1753,190,True
43,302,1563,1694,131,True
55,299,1563,1664,101,True
58,314,1563,1664,101,True
60,316,1563,1681,118,True
69,342,1563,1664,101,True
74,319,1563,1664,101,True
87,300,1563,1664,101,True
91,301,1563,1664,101,True
93,297,1563,1664,101,True
3,336,1564,1694,130,True
6,318,1564,1694,130,True
7,310,1564,1694,130,True
11,300,1564,1694,130,True
18,298,1564,1694,130,True
21,298,1564,1694,130,True
22,337,1564,1694,130,True
24,283,1564,1694,130,True
25,309,1564,1694,130,True
26,320,1564,1694,130,True
28,331,1564,1694,130,True
41,340,1564,1694,130,True
43,303,1564,1694,130,True
44,306,1564,1753,189,True
58,315,1564,1664,100,True
75,317,1564,1664,100,True
77,325,1564,1664,100,True
82,329,1564,1664,100,True
84,293,1564,1664,100,True
85,297,1564,1664,100,True
90,325,1564,1664,100,True
91,302,1564,1664,100,True
7,311,1565,1694,129,True
12,312,1565,1694,129,True
17,281,1565,1694,129,True
24,284,1565,1694,129,True
30,324,1565,1694,129,True
31,325,1565,1694,129,True
32,287,1565,1694,129,True
46,323,1565,1753,188,True
50,309,1565,1664,99,True
61,304,1565,1658,93,True
64,315,1565,1658,93,True
72,305,1565,1658,93,True
75,318,1565,1664,99,True
76,323,1565,1664,99,True
82,330,1565,1664,99,True
86,318,1565,1658,93,True
88,331,1565,1740,175,True
92,317,1565,1664,99,True
99,306,1565,1664,99,True
3,337,1566,1694,128,True
10,298,1566,1694,128,True
11,301,1566,1694,128,True
16,326,1566,1694,128,True
18,299,1566,1694,128,True
27,324,1566,1694,128,True
30,325,1566,1694,128,True
37,321,1566,1753,187,True
38,286,1566,1694,128,True
42,326,1566,1753,187,True
49,327,1566,1694,128,True
53,279,1566,1664,98,True
67,316,1566,1664,98,True
71,300,1566,1664,98,True
76,324,1566,1664,98,True
3,338,1567,1694,127,True
6,319,1567,1694,127,True
15,311,1567,1657,90,True
16,327,1567,1694,127,True
18,300,1567,1694,127,True
22,338,1567,1694,127,True
33,300,1567,1694,127,True
35,324,1567,1694,127,True
36,328,1567,1694,127,True
44,307,1567,1753,186,True
46,324,1567,1753,186,True
54,347,1567,1664,97,True
55,300,1567,1664,97,True
56,321,1567,1664,97,True
57,305,1567,1658,91,True
58,316,1567,1664,97,True
63,325,1567,1664,97,True
65,314,1567,1664,97,True
69,343,1567,1664,97,True
72,306,1567,1664,97,True
77,326,1567,1664,97,True
84,294,1567,1664,97,True
87,301,1567,1664,97,True
2,325,1568,1694,126,True
6,320,1568,1694,126,True
11,302,1568,1694,126,True
18,301,1568,1694,126,True
26,321,1568,1694,126,True
37,322,1568,1753,185,True
40,339,1568,1694,126,True
43,304,1568,1694,126,True
48,317,1568,1694,126,True
59,327,1568,1664,96,True
71,301,1568,1664,96,True
86,319,1568,1658,90,True
94,329,1568,1664,96,True
95,309,1568,1664,96,True
3,339,1569,1694,125,True
7,312,1569,1694,125,True
8,311,1569,1694,125,True
19,291,1569,1694,125,True
20,320,1569,1657,88,True
21,299,1569,1694,125,True
33,301,1569,1694,125,True
34,300,1569,1694,125,True
35,325,1569,1694,125,True
37,323,1569,1753,184,True
42,327,1569,1753,184,True
55,301,1569,1664,95,True
56,322,1569,1664,95,True
57,306,1569,1658,89,True
58,317,1569,1664,95,True
63,326,1569,1664,95,True
70,318,1569,1664,95,True
73,328,1569,1664,95,True
77,327,1569,1664,95,True
86,320,1569,1664,95,True
88,332,1569,1740,171,True
95,310,1569,1664,95,True
98,290,1569,1664,95,True
9,329,1570,1694,124,True
12,313,1570,1753,183,True
26,322,1570,1694,124,True
40,340,1570,1694,124,True
42,328,1570,1753,183,True
44,308,1570,1753,183,True
50,310,1570,1664,94,True
58,318,1570,1664,94,True
60,317,1570,1681,111,True
61,305,1570,1658,88,True
63,327,1570,1664,94,True
69,344,1570,1664,94,True
72,307,1570,1664,94,True
75,319,1570,1664,94,True
77,328,1570,1664,94,True
82,331,1570,1664,94,True
90,326,1570,1664,94,True
94,330,1570,1664,94,True
96,297,1570,1664,94,True
97,301,1570,1664,94,True
99,307,1570,1664,94,True
0,345,1571,1753,182,True
4,308,1571,1753,182,True
6,321,1571,1694,123,True
18,302,1571,1753,182,True
20,321,1571,1657,86,True
25,310,1571,1694,123,True
26,323,1571,1694,123,True
36,329,1571,1694,123,True
39,291,1571,1694,123,True
41,341,1571,1694,123,True
44,309,1571,1753,182,True
48,318,1571,1694,123,True
64,316,1571,1658,87,True
66,303,1571,1664,93,True
69,345,1571,1664,93,True
75,320,1571,1664,93,True
89,306,1571,1664,93,True
90,327,1571,1664,93,True
91,303,1571,1681,110,True
92,318,1571,1664,93,True
93,298,1571,1664,93,True
14,320,1572,1753,181,True
31,326,1572,1694,122,True
33,302,1572,1753,181,True
34,301,1572,1694,122,True
38,287,1572,1694,122,True
42,329,1572,1753,181,True
43,305,1572,1753,181,True
46,325,1572,1753,181,True
51,303,1572,1664,92,True
53,280,1572,1681,109,True
68,323,1572,1664,92,True
70,319,1572,1664,92,True
71,302,1572,1664,92,True
74,320,1572,1664,92,True
79,300,1572,1694,122,True
81,278,1572,1664,92,True
84,295,1572,1664,92,True
90,328,1572,1664,92,True
91,304,1572,1681,109,True
95,311,1572,1664,92,True
96,298,1572,1664,92,True
5,311,1573,1753,180,True
6,322,1573,1694,121,True
9,330,1573,1694,121,True
14,321,1573,1753,180,True
21,300,1573,1694,121,True
22,339,1573,1694,121,True
28,332,1573,1694,121,True
30,326,1573,1694,121,True
33,303,1573,1753,180,True
37,324,1573,1753,180,True
51,304,1573,1664,91,True
74,321,1573,1664,91,True
76,325,1573,1664,91,True
89,307,1573,1664,91,True
93,299,1573,1664,91,True
5,312,1574,1753,179,True
11,303,1574,1694,120,True
12,314,1574,1753,179,True
14,322,1574,1753,179,True
15,312,1574,1657,83,True
19,292,1574,1694,120,True
22,340,1574,1694,120,True
29,302,1574,1753,179,True
32,288,1574,1753,179,True
33,304,1574,1753,179,True
35,326,1574,1694,120,True
40,341,1574,1753,179,True
43,306,1574,1753,179,True
45,298,1574,1766,192,True
53,281,1574,1681,107,True
54,348,1574,1681,107,True
56,323,1574,1664,90,True
63,328,1574,1664,90,True
64,317,1574,1658,84,True
71,303,1574,1664,90,True
73,329,1574,1664,90,True
75,321,1574,1664,90,True
77,329,1574,1664,90,True
88,333,1574,1740,166,True
90,329,1574,1664,90,True
92,319,1574,1664,90,True
95,312,1574,1664,90,True
0,346,1575,1753,178,True
2,326,1575,1694,119,True
3,340,1575,1753,178,True
13,321,1575,1694,119,True
17,282,1575,1694,119,True
18,303,1575,1753,178,True
21,301,1575,1694,119,True
29,303,1575,1753,178,True
30,327,1575,1694,119,True
43,307,1575,1753,178,True
45,299,1575,1766,191,True
52,301,1575,,,False
62,292,1575,1664,89,True
70,320,1575,1664,89,True
74,322,1575,1664,89,True
82,332,1575,1664,89,True
86,321,1575,1664,89,True
92,320,1575,1664,89,True
98,291,1575,1664,89,True
2,327,1576,1694,118,True
8,312,1576,1694,118,True
49,328,1576,1694,118,True
51,305,1576,1664,88,True
54,349,1576,1681,105,True
55,302,1576,1740,164,True
57,307,1576,1658,82,True
68,324,1576,1664,88,True
73,330,1576,1664,88,True
77,330,1576,1664,88,True
91,305,1576,1681,105,True
95,313,1576,1664,88,True
0,347,1577,1753,176,True
3,341,1577,1753,176,True
5,313,1577,1753,176,True
6,323,1577,1694,117,True
9,331,1577,1694,117,True
13,322,1577,1694,117,True
18,304,1577,1753,176,True
27,325,1577,1753,176,True
28,333,1577,1694,117,True
29,304,1577,1753,176,True
30,328,1577,1694,117,True
33,305,1577,1753,176,True
40,342,1577,1753,176,True
50,311,1577,1664,87,True
52,302,1577,,,False
57,308,1577,1658,81,True
59,328,1577,1664,87,True
61,306,1577,1664,87,True
62,293,1577,1664,87,True
68,325,1577,1664,87,True
76,326,1577,1694,117,True
80,325,1577,1664,87,True
88,334,1577,1740,163,True
91,306,1577,1681,104,True
92,321,1577,1664,87,True
96,299,1577,1664,87,True
99,308,1577,1664,87,True
0,348,1578,1753,175,True
11,304,1578,1753,175,True
13,323,1578,1694,116,True
22,341,1578,1753,175,True
28,334,1578,1694,116,True
29,305,1578,1753,175,True
32,289,1578,1753,175,True
35,327,1578,1694,116,True
36,330,1578,1753,175,True
38,288,1578,1753,175,True
40,343,1578,1753,175,True
48,319,1578,1694,116,True
52,303,1578,,,False
59,329,1578,1664,86,True
61,307,1578,1664,86,True
63,329,1578,1664,86,True
70,321,1578,1664,86,True
72,308,1578,1664,86,True
74,323,1578,1664,86,True
79,301,1578,1694,116,True
80,326,1578,1664,86,True
93,300,1578,1664,86,True
95,314,1578,1664,86,True
97,302,1578,1664,86,True
2,328,1579,1694,115,True
16,328,1579,1753,174,True
19,293,1579,1694,115,True
41,342,1579,1753,174,True
46,326,1579,1753,174,True
48,320,1579,1694,115,True
52,304,1579,,,False
53,282,1579,1681,102,True
54,350,1579,1681,102,True
55,303,1579,1740,161,True
57,309,1579,1658,79,True
60,318,1579,1681,102,True
69,346,1579,1664,85,True
71,304,1579,1664,85,True
77,331,1579,1664,85,True
78,328,1579,1681,102,True
86,322,1579,1664,85,True
93,301,1579,1664,85,True
95,315,1579,1664,85,True
0,349,1580,1753,173,True
6,324,1580,1694,114,True
13,324,1580,1694,114,True
19,294,1580,1694,114,True
22,342,1580,1753,173,True
23,332,1580,1753,173,True
26,324,1580,1753,173,True
30,329,1580,1694,114,True
37,325,1580,1753,173,True
41,343,1580,1753,173,True
50,312,1580,1664,84,True
65,315,1580,1664,84,True
66,304,1580,1664,84,True
69,347,1580,1664,84,True
74,324,1580,1664,84,True
78,329,1580,1681,101,True
93,302,1580,1664,84,True
99,309,1580,1664,84,True
8,313,1581,1753,172,True
11,305,1581,1753,172,True
14,323,1581,1753,172,True
16,329,1581,1753,172,True
18,305,1581,1753,172,True
22,343,1581,1753,172,True
23,333,1581,1753,172,True
25,311,1581,1694,113,True
29,306,1581,1753,172,True
33,306,1581,1753,172,True
38,289,1581,1753,172,True
41,344,1581,1753,172,True
42,330,1581,1753,172,True
44,310,1581,1753,172,True
46,327,1581,1753,172,True
51,306,1581,1664,83,True
54,351,1581,1681,100,True
58,319,1581,1664,83,True
60,319,1581,1681,100,True
64,318,1581,1658,77,True
70,322,1581,1664,83,True
72,309,1581,1664,83,True
76,327,1581,1694,113,True
77,332,1581,1664,83,True
81,279,1581,1664,83,True
82,333,1581,1664,83,True
83,306,1581,1664,83,True
89,308,1581,1681,100,True
91,307,1581,1681,100,True
95,316,1581,1664,83,True
98,292,1581,1664,83,True
99,310,1581,1664,83,True
0,350,1582,1753,171,True
4,309,1582,1753,171,True
20,322,1582,1694,112,True
22,344,1582,1753,171,True
25,312,1582,1694,112,True
31,327,1582,1694,112,True
40,344,1582,1753,171,True
48,321,1582,1694,112,True
52,305,1582,,,False
66,305,1582,1664,82,True
68,326,1582,1664,82,True
70,323,1582,1664,82,True
72,310,1582,1664,82,True
77,333,1582,1664,82,True
83,307,1582,1664,82,True
91,308,1582,1681,99,True
93,303,1582,1681,99,True
96,300,1582,1664,82,True
97,303,1582,1664,82,True
1,293,1583,1753,170,True
3,342,1583,1753,170,True
11,306,1583,1753,170,True
12,315,1583,1753,170,True
16,330,1583,1753,170,True
17,283,1583,1694,111,True
35,328,1583,1694,111,True
40,345,1583,1753,170,True
43,308,1583,1753,170,True
44,311,1583,1753,170,True
55,304,1583,1740,157,True
56,324,1583,1664,81,True
58,320,1583,1664,81,True
61,308,1583,1664,81,True
70,324,1583,1664,81,True
75,322,1583,1681,98,True
76,328,1583,1694,111,True
78,330,1583,1681,98,True
80,327,1583,1664,81,True
81,280,1583,1664,81,True
84,296,1583,1664,81,True
87,302,1583,1664,81,True
88,335,1583,1740,157,True
0,351,1584,1753,169,True
7,313,1584,1694,110,True
10,299,1584,1766,182,True
11,307,1584,1753,169,True
12,316,1584,1753,169,True
19,295,1584,1694,110,True
21,302,1584,1753,169,True
23,334,1584,1753,169,True
27,326,1584,1753,169,True
29,307,1584,1753,169,True
30,330,1584,1694,110,True
32,290,1584,1753,169,True
34,302,1584,1694,110,True
36,331,1584,1753,169,True
39,292,1584,1753,169,True
42,331,1584,1753,169,True
45,300,1584,1766,182,True
46,328,1584,1753,169,True
48,322,1584,1694,110,True
49,329,1584,1753,169,True
51,307,1584,1664,80,True
53,283,1584,1681,97,True
64,319,1584,1664,80,True
68,327,1584,1664,80,True
70,325,1584,1664,80,True
76,329,1584,1694,110,True
78,331,1584,1681,97,True
81,281,1584,1664,80,True
83,308,1584,1664,80,True
84,297,1584,1664,80,True
86,323,1584,1664,80,True
5,314,1585,1753,168,True
10,300,1585,1766,181,True
13,325,1585,1694,109,True
14,324,1585,1753,168,True
15,313,1585,1766,181,True
19,296,1585,1694,109,True
26,325,1585,1753,168,True
33,307,1585,1753,168,True
41,345,1585,1753,168,True
43,309,1585,1753,168,True
47,298,1585,1753,168,True
50,313,1585,1664,79,True
60,320,1585,1681,96,True
62,294,1585,1664,79,True
68,328,1585,1664,79,True
70,326,1585,1664,79,True
71,305,1585,1681,96,True
72,311,1585,1664,79,True
74,325,1585,1740,155,True
75,323,1585,1681,96,True
76,330,1585,1694,109,True
79,302,1585,1694,109,True
80,328,1585,1664,79,True
89,309,1585,1681,96,True
12,317,1586,1753,167,True
20,323,1586,1694,108,True
23,335,1586,1753,167,True
26,326,1586,1753,167,True
31,328,1586,1753,167,True
33,308,1586,1753,167,True
37,326,1586,1753,167,True
39,293,1586,1753,167,True
41,346,1586,1753,167,True
44,312,1586,1753,167,True
52,306,1586,,,False
54,352,1586,1681,95,True
55,305,1586,1740,154,True
63,330,1586,1664,78,True
65,316,1586,1664,78,True
66,306,1586,1664,78,True
68,329,1586,1664,78,True
77,334,1586,1664,78,True
82,334,1586,1664,78,True
84,298,1586,1681,95,True
88,336,1586,1740,154,True
89,310,1586,1681,95,True
97,304,1586,1664,78,True
3,343,1587,1753,166,True
9,332,1587,1694,107,True
10,301,1587,1766,179,True
11,308,1587,1753,166,True
13,326,1587,1753,166,True
15,314,1587,1766,179,True
16,331,1587,1753,166,True
23,336,1587,1753,166,True
30,331,1587,1694,107,True
31,329,1587,1753,166,True
34,303,1587,1694,107,True
41,347,1587,1753,166,True
43,310,1587,1753,166,True
46,329,1587,1753,166,True
51,308,1587,1664,77,True
62,295,1587,1681,94,True
70,327,1587,1694,107,True
86,324,1587,1664,77,True
87,303,1587,1664,77,True
90,330,1587,1681,94,True
96,301,1587,1740,153,True
99,311,1587,1664,77,True
0,352,1588,1753,165,True
1,294,1588,1753,165,True
8,314,1588,1753,165,True
9,333,1588,1694,106,True
10,302,1588,1766,178,True
11,309,1588,1753,165,True
12,318,1588,1753,165,True
19,297,1588,1694,106,True
20,324,1588,1694,106,True
21,303,1588,1753,165,True
30,332,1588,1694,106,True
36,332,1588,1753,165,True
40,346,1588,1753,165,True
41,348,1588,1753,165,True
48,323,1588,1753,165,True
49,330,1588,1753,165,True
55,306,1588,1740,152,True
56,325,1588,1681,93,True
57,310,1588,1694,106,True
59,330,1588,1664,76,True
61,309,1588,1694,106,True
63,331,1588,1664,76,True
70,328,1588,1694,106,True
71,306,1588,1681,93,True
72,312,1588,1664,76,True
77,335,1588,1664,76,True
79,303,1588,1694,106,True
86,325,1588,1664,76,True
87,304,1588,1664,76,True
95,317,1588,1664,76,True
7,314,1589,1694,105,True
10,303,1589,1766,177,True
13,327,1589,1753,164,True
14,325,1589,1753,164,True
16,332,1589,1753,164,True
26,327,1589,1753,164,True
29,308,1589,1753,164,True
35,329,1589,1694,105,True
52,307,1589,,,False
67,317,1589,1664,75,True
70,329,1589,1694,105,True
74,326,1589,1740,151,True
75,324,1589,1681,92,True
79,304,1589,1694,105,True
90,331,1589,1681,92,True
96,302,1589,1740,151,True
98,293,1589,1694,105,True
3,344,1590,1753,163,True
4,310,1590,1753,163,True
13,328,1590,1753,163,True
16,333,1590,1753,163,True
19,298,1590,1694,104,True
43,311,1590,1753,163,True
49,331,1590,1753,163,True
53,284,1590,1681,91,True
55,307,1590,1740,150,True
59,331,1590,1664,74,True
61,310,1590,1694,104,True
71,307,1590,1681,91,True
79,305,1590,1694,104,True
82,335,1590,1664,74,True
85,298,1590,1664,74,True
86,326,1590,1664,74,True
89,311,1590,1681,91,True
96,303,1590,1740,150,True
3,345,1591,1753,162,True
13,329,1591,1753,162,True
14,326,1591,1753,162,True
18,306,1591,1753,162,True
26,328,1591,1753,162,True
36,333,1591,1753,162,True
39,294,1591,1753,162,True
44,313,1591,1753,162,True
51,309,1591,1664,73,True
52,308,1591,,,False
55,308,1591,1740,149,True
56,326,1591,1681,90,True
61,311,1591,1694,103,True
65,317,1591,1664,73,True
74,327,1591,1740,149,True
78,332,1591,1681,90,True
82,336,1591,1664,73,True
88,337,1591,1740,149,True
91,309,1591,1681,90,True
5,315,1592,1753,161,True
10,304,1592,1766,174,True
20,325,1592,1694,102,True
37,327,1592,1753,161,True
43,312,1592,1753,161,True
50,314,1592,1664,72,True
67,318,1592,1681,89,True
77,336,1592,1681,89,True
79,306,1592,1694,102,True
84,299,1592,1681,89,True
89,312,1592,1681,89,True
92,322,1592,1681,89,True
0,353,1593,1753,160,True
4,311,1593,1753,160,True
10,305,1593,1766,173,True
18,307,1593,1753,160,True
26,329,1593,1753,160,True
29,309,1593,1753,160,True
30,333,1593,1694,101,True
42,332,1593,1753,160,True
43,313,1593,1753,160,True
48,324,1593,1753,160,True
53,285,1593,1681,88,True
56,327,1593,1681,88,True
69,348,1593,1681,88,True
71,308,1593,1681,88,True
72,313,1593,1664,71,True
74,328,1593,1740,147,True
76,331,1593,1694,101,True
88,338,1593,1740,147,True
91,310,1593,1681,88,True
95,318,1593,1664,71,True
97,305,1593,1681,88,True
6,325,1594,1753,159,True
9,334,1594,1694,100,True
11,310,1594,1753,159,True
15,315,1594,1766,172,True
17,284,1594,1753,159,True
20,326,1594,1694,100,True
40,347,1594,1753,159,True
45,301,1594,1766,172,True
66,307,1594,1740,146,True
69,349,1594,1681,87,True
71,309,1594,1681,87,True
72,314,1594,1664,70,True
76,332,1594,1694,100,True
81,282,1594,1681,87,True
86,327,1594,1664,70,True
6,326,1595,1753,158,True
12,319,1595,1753,158,True
15,316,1595,1766,171,True
16,334,1595,1753,158,True
18,308,1595,1753,158,True
32,291,1595,1753,158,True
33,309,1595,1753,158,True
36,334,1595,1753,158,True
50,315,1595,1664,69,True
59,332,1595,1681,86,True
68,330,1595,1664,69,True
86,328,1595,1664,69,True
88,339,1595,1740,145,True
89,313,1595,1681,86,True
4,312,1596,1753,157,True
22,345,1596,1753,157,True
30,334,1596,1694,98,True
33,310,1596,1753,157,True
37,328,1596,1753,157,True
40,348,1596,1753,157,True
43,314,1596,1753,157,True
52,309,1596,,,False
55,309,1596,1740,144,True
65,318,1596,1694,98,True
67,319,1596,1681,85,True
73,331,1596,1694,98,True
75,325,1596,1681,85,True
96,304,1596,1740,144,True
1,295,1597,1753,156,True
3,346,1597,1753,156,True
6,327,1597,1753,156,True
8,315,1597,1753,156,True
9,335,1597,1694,97,True
12,320,1597,1753,156,True
25,313,1597,1694,97,True
28,335,1597,1753,156,True
32,292,1597,1753,156,True
33,311,1597,1753,156,True
36,335,1597,1753,156,True
37,329,1597,1753,156,True
48,325,1597,1753,156,True
52,310,1597,,,False
61,312,1597,1694,97,True
64,320,1597,1694,97,True
66,308,1597,1740,143,True
67,320,1597,1681,84,True
70,330,1597,1694,97,True
73,332,1597,1694,97,True
76,333,1597,1694,97,True
79,307,1597,1694,97,True
87,305,1597,1681,84,True
90,332,1597,1681,84,True
93,304,1597,1740,143,True
94,331,1597,1664,67,True
95,319,1597,1664,67,True
99,312,1597,1681,84,True
1,296,1598,1753,155,True
2,329,1598,1694,96,True
3,347,1598,1753,155,True
7,315,1598,1694,96,True
10,306,1598,1766,168,True
11,311,1598,1753,155,True
13,330,1598,1753,155,True
22,346,1598,1753,155,True
27,327,1598,1753,155,True
39,295,1598,1753,155,True
42,333,1598,1753,155,True
43,315,1598,1753,155,True
45,302,1598,1766,168,True
47,299,1598,1753,155,True
56,328,1598,1681,83,True
61,313,1598,1694,96,True
62,296,1598,1681,83,True
69,350,1598,1681,83,True
72,315,1598,1694,96,True
74,329,1598,1740,142,True
81,283,1598,1740,142,True
83,309,1598,1681,83,True
86,329,1598,1664,66,True
87,306,1598,1681,83,True
90,333,1598,1681,83,True
93,305,1598,1740,142,True
94,332,1598,1664,66,True
97,306,1598,1681,83,True
1,297,1599,1753,154,True
2,330,1599,1694,95,True
3,348,1599,1753,154,True
4,313,1599,1753,154,True
5,316,1599,1753,154,True
8,316,1599,1753,154,True
17,285,1599,1753,154,True
20,327,1599,1694,95,True
22,347,1599,1766,167,True
25,314,1599,1694,95,True
31,330,1599,1753,154,True
32,293,1599,1753,154,True
39,296,1599,1753,154,True
42,334,1599,1753,154,True
48,326,1599,1753,154,True
49,332,1599,1753,154,True
54,353,1599,1681,82,True
61,314,1599,1694,95,True
65,319,1599,1694,95,True
66,309,1599,1740,141,True
73,333,1599,1694,95,True
76,334,1599,1694,95,True
79,308,1599,1694,95,True
82,337,1599,1664,65,True
83,310,1599,1740,141,True
84,300,1599,1681,82,True
85,299,1599,1681,82,True
92,323,1599,1681,82,True
93,306,1599,1740,141,True
99,313,1599,1681,82,True
2,331,1600,1694,94,True
4,314,1600,1753,153,True
17,286,1600,1753,153,True
19,299,1600,1766,166,True
20,328,1600,1694,94,True
25,315,1600,1753,153,True
32,294,1600,1753,153,True
44,314,1600,1753,153,True
46,330,1600,1753,153,True
58,321,1600,1681,81,True
78,333,1600,1681,81,True
84,301,1600,1681,81,True
85,300,1600,1681,81,True
90,334,1600,1681,81,True
0,354,1601,1753,152,True
2,332,1601,1694,93,True
3,349,1601,1753,152,True
7,316,1601,1694,93,True
9,336,1601,1694,93,True
11,312,1601,1753,152,True
21,304,1601,1753,152,True
25,316,1601,1753,152,True
27,328,1601,1753,152,True
28,336,1601,1753,152,True
32,295,1601,1753,152,True
33,312,1601,1753,152,True
34,304,1601,1694,93,True
36,336,1601,1753,152,True
38,290,1601,1753,152,True
42,335,1601,1753,152,True
47,300,1601,1753,152,True
49,333,1601,1753,152,True
54,354,1601,1681,80,True
59,333,1601,1681,80,True
60,321,1601,1740,139,True
62,297,1601,1681,80,True
64,321,1601,1694,93,True
68,331,1601,1664,63,True
88,340,1601,1740,139,True
91,311,1601,1681,80,True
96,305,1601,1740,139,True
97,307,1601,1681,80,True
98,294,1601,1694,93,True
6,328,1602,1753,151,True
8,317,1602,1753,151,True
10,307,1602,1766,164,True
17,287,1602,1753,151,True
41,349,1602,1753,151,True
43,316,1602,1753,151,True
48,327,1602,1753,151,True
52,311,1602,,,False
58,322,1602,1681,79,True
59,334,1602,1681,79,True
60,322,1602,1740,138,True
63,332,1602,1740,138,True
83,311,1602,1740,138,True
92,324,1602,1681,79,True
97,308,1602,1681,79,True
4,315,1603,1753,150,True
8,318,1603,1753,150,True
14,327,1603,1753,150,True
27,329,1603,1753,150,True
28,337,1603,1753,150,True
36,337,1603,1753,150,True
43,317,1603,1753,150,True
46,331,1603,1753,150,True
58,323,1603,1681,78,True
68,332,1603,1664,61,True
71,310,1603,1740,137,True
72,316,1603,1694,91,True
78,334,1603,1740,137,True
80,329,1603,1664,61,True
83,312,1603,1740,137,True
85,301,1603,1681,78,True
92,325,1603,1681,78,True
99,314,1603,1681,78,True
0,355,1604,1753,149,True
13,331,1604,1753,149,True
16,335,1604,1753,149,True
17,288,1604,1753,149,True
18,309,1604,1753,149,True
21,305,1604,1753,149,True
22,348,1604,1766,162,True
30,335,1604,1753,149,True
32,296,1604,1753,149,True
34,305,1604,1694,90,True
36,338,1604,1753,149,True
38,291,1604,1753,149,True
47,301,1604,1753,149,True
54,355,1604,1681,77,True
56,329,1604,1681,77,True
57,311,1604,1694,90,True
64,322,1604,1694,90,True
66,310,1604,1740,136,True
69,351,1604,1681,77,True
90,335,1604,1681,77,True
91,312,1604,1681,77,True
96,306,1604,1740,136,True
10,308,1605,1766,161,True
13,332,1605,1753,148,True
14,328,1605,1753,148,True
18,310,1605,1753,148,True
19,300,1605,1766,161,True
20,329,1605,1694,89,True
27,330,1605,1753,148,True
43,318,1605,1753,148,True
46,332,1605,1753,148,True
56,330,1605,1681,76,True
57,312,1605,1694,89,True
58,324,1605,1681,76,True
59,335,1605,1681,76,True
63,333,1605,1740,135,True
66,311,1605,1740,135,True
71,311,1605,1740,135,True
76,335,1605,1694,89,True
89,314,1605,1740,135,True
90,336,1605,1681,76,True
92,326,1605,1681,76,True
2,333,1606,1694,88,True
4,316,1606,1753,147,True
6,329,1606,1753,147,True
15,317,1606,1766,160,True
18,311,1606,1753,147,True
19,301,1606,1766,160,True
21,306,1606,1753,147,True
28,338,1606,1753,147,True
29,310,1606,1753,147,True
30,336,1606,1753,147,True
32,297,1606,1753,147,True
35,330,1606,1766,160,True
37,330,1606,1753,147,True
38,292,1606,1753,147,True
39,297,1606,1753,147,True
41,350,1606,1753,147,True
43,319,1606,1753,147,True
48,328,1606,1753,147,True
52,312,1606,,,False
53,286,1606,1740,134,True
58,325,1606,1681,75,True
60,323,1606,1740,134,True
62,298,1606,1681,75,True
64,323,1606,1694,88,True
65,320,1606,1694,88,True
71,312,1606,1740,134,True
76,336,1606,1694,88,True
78,335,1606,1740,134,True
80,330,1606,1664,58,True
92,327,1606,1681,75,True
94,333,1606,1721,115,True
95,320,1606,1694,88,True
96,307,1606,1740,134,True
99,315,1606,1681,75,True
0,356,1607,1753,146,True
6,330,1607,1753,146,True
8,319,1607,1753,146,True
9,337,1607,1753,146,True
10,309,1607,1766,159,True
16,336,1607,1753,146,True
23,337,1607,1753,146,True
29,311,1607,1753,146,True
36,339,1607,1753,146,True
37,331,1607,1753,146,True
42,336,1607,1753,146,True
45,303,1607,1766,159,True
49,334,1607,1753,146,True
52,313,1607,,,False
58,326,1607,1681,74,True
72,317,1607,1694,87,True
77,337,1607,1740,133,True
80,331,1607,1664,57,True
82,338,1607,1721,114,True
83,313,1607,1740,133,True
94,334,1607,1721,114,True
99,316,1607,1681,74,True
5,317,1608,1753,145,True
10,310,1608,1766,158,True
22,349,1608,1766,158,True
25,317,1608,1753,145,True
27,331,1608,1753,145,True
37,332,1608,1753,145,True
39,298,1608,1753,145,True
43,320,1608,1753,145,True
48,329,1608,1753,145,True
51,310,1608,1694,86,True
53,287,1608,1740,132,True
56,331,1608,1681,73,True
60,324,1608,1740,132,True
63,334,1608,1740,132,True
66,312,1608,1740,132,True
83,314,1608,1740,132,True
87,307,1608,1681,73,True
92,328,1608,1681,73,True
99,317,1608,1681,73,True
0,357,1609,1753,144,True
1,298,1609,1753,144,True
11,313,1609,1753,144,True
13,333,1609,1753,144,True
14,329,1609,1753,144,True
15,318,1609,1766,157,True
27,332,1609,1753,144,True
30,337,1609,1753,144,True
32,298,1609,1753,144,True
39,299,1609,1753,144,True
40,349,1609,1753,144,True
48,330,1609,1753,144,True
53,288,1609,1740,131,True
60,325,1609,1740,131,True
63,335,1609,1740,131,True
72,318,1609,1694,85,True
78,336,1609,1740,131,True
92,329,1609,1681,72,True
95,321,1609,1694,85,True
98,295,1609,1694,85,True
12,321,1610,1753,143,True
28,339,1610,1753,143,True
29,312,1610,1753,143,True
34,306,1610,1694,84,True
37,333,1610,1753,143,True
38,293,1610,1753,143,True
40,350,1610,1753,143,True
48,331,1610,1753,143,True
50,316,1610,1694,84,True
56,332,1610,1681,71,True
57,313,1610,1694,84,True
60,326,1610,1740,130,True
67,321,1610,1681,71,True
88,341,1610,1740,130,True
91,313,1610,1681,71,True
95,322,1610,1694,84,True
98,296,1610,1694,84,True
1,299,1611,1753,142,True
12,322,1611,1753,142,True
16,337,1611,1753,142,True
18,312,1611,1753,142,True
19,302,1611,1766,155,True
35,331,1611,1766,155,True
40,351,1611,1753,142,True
54,356,1611,1740,129,True
68,333,1611,1681,70,True
70,331,1611,1694,83,True
76,337,1611,1694,83,True
93,307,1611,1740,129,True
0,358,1612,1753,141,True
2,334,1612,1694,82,True
18,313,1612,1753,141,True
30,338,1612,1753,141,True
34,307,1612,1694,82,True
37,334,1612,1753,141,True
41,351,1612,1753,141,True
44,315,1612,1766,154,True
46,333,1612,1753,141,True
53,289,1612,1740,128,True
54,357,1612,1740,128,True
56,333,1612,1681,69,True
60,327,1612,1740,128,True
64,324,1612,1694,82,True
66,313,1612,1740,128,True
76,338,1612,1694,82,True
86,330,1612,1694,82,True
97,309,1612,1681,69,True
0,359,1613,1753,140,True
6,331,1613,1753,140,True
8,320,1613,1753,140,True
11,314,1613,1753,140,True
19,303,1613,1766,153,True
20,330,1613,1694,81,True
22,350,1613,1766,153,True
30,339,1613,1753,140,True
35,332,1613,1766,153,True
46,334,1613,1753,140,True
49,335,1613,1753,140,True
53,290,1613,1740,127,True
56,334,1613,1681,68,True
63,336,1613,1740,127,True
68,334,1613,1681,68,True
70,332,1613,1694,81,True
71,313,1613,1740,127,True
72,319,1613,1694,81,True
76,339,1613,1694,81,True
92,330,1613,1681,68,True
0,360,1614,1753,139,True
1,300,1614,1753,139,True
15,319,1614,1766,152,True
19,304,1614,1766,152,True
30,340,1614,1753,139,True
43,321,1614,1753,139,True
44,316,1614,1766,152,True
47,302,1614,1753,139,True
51,311,1614,1694,80,True
60,328,1614,1740,126,True
68,335,1614,1681,67,True
72,320,1614,1694,80,True
86,331,1614,1694,80,True
6,332,1615,1753,138,True
7,317,1615,1766,151,True
8,321,1615,1753,138,True
13,334,1615,1753,138,True
20,331,1615,1694,79,True
21,307,1615,1753,138,True
22,351,1615,1766,151,True
33,313,1615,1753,138,True
34,308,1615,1694,79,True
35,333,1615,1766,151,True
39,300,1615,1753,138,True
41,352,1615,1753,138,True
44,317,1615,1766,151,True
45,304,1615,1766,151,True
58,327,1615,1740,125,True
63,337,1615,1740,125,True
72,321,1615,1694,79,True
80,332,1615,1694,79,True
82,339,1615,1721,106,True
83,315,1615,1740,125,True
84,302,1615,1740,125,True
92,331,1615,1681,66,True
94,335,1615,1721,106,True
0,361,1616,1753,137,True
4,317,1616,1753,137,True
6,333,1616,1753,137,True
18,314,1616,1753,137,True
21,308,1616,1753,137,True
28,340,1616,1753,137,True
31,331,1616,1753,137,True
38,294,1616,1753,137,True
39,301,1616,1753,137,True
40,352,1616,1753,137,True
49,336,1616,1753,137,True
50,317,1616,1694,78,True
52,314,1616,,,False
54,358,1616,1740,124,True
56,335,1616,1740,124,True
59,336,1616,1740,124,True
69,352,1616,1740,124,True
84,303,1616,1740,124,True
85,302,1616,1681,65,True
93,308,1616,1740,124,True
97,310,1616,1681,65,True
98,297,1616,1694,78,True
99,318,1616,1740,124,True
13,335,1617,1753,136,True
35,334,1617,1766,149,True
38,295,1617,1753,136,True
39,302,1617,1753,136,True
40,353,1617,1753,136,True
48,332,1617,1753,136,True
62,299,1617,1740,123,True
64,325,1617,1694,77,True
66,314,1617,1740,123,True
70,333,1617,1694,77,True
75,326,1617,1740,123,True
77,338,1617,1740,123,True
78,337,1617,1740,123,True
94,336,1617,1721,104,True
95,323,1617,1694,77,True
0,362,1618,1753,135,True
4,318,1618,1753,135,True
15,320,1618,1766,148,True
16,338,1618,1753,135,True
29,313,1618,1753,135,True
32,299,1618,1753,135,True
50,318,1618,1721,103,True
60,329,1618,1740,122,True
61,315,1618,1694,76,True
62,300,1618,1740,122,True
80,333,1618,1694,76,True
82,340,1618,1721,103,True
90,337,1618,1740,122,True
91,314,1618,1681,63,True
2,335,1619,1766,147,True
8,322,1619,1753,134,True
11,315,1619,1753,134,True
13,336,1619,1753,134,True
23,338,1619,1753,134,True
25,318,1619,1753,134,True
35,335,1619,1766,147,True
48,333,1619,1753,134,True
56,336,1619,1740,121,True
60,330,1619,1740,121,True
61,316,1619,1694,75,True
65,321,1619,1694,75,True
69,353,1619,1740,121,True
76,340,1619,1694,75,True
77,339,1619,1740,121,True
78,338,1619,1740,121,True
83,316,1619,1740,121,True
85,303,1619,1681,62,True
89,315,1619,1740,121,True
90,338,1619,1740,121,True
94,337,1619,1721,102,True
99,319,1619,1740,121,True
3,350,1620,1753,133,True
4,319,1620,1753,133,True
10,311,1620,1766,146,True
12,323,1620,1753,133,True
24,285,1620,1753,133,True
25,319,1620,1753,133,True
26,330,1620,1753,133,True
28,341,1620,1753,133,True
29,314,1620,1753,133,True
30,341,1620,1766,146,True
31,332,1620,1753,133,True
39,303,1620,1753,133,True
42,337,1620,1753,133,True
45,305,1620,1766,146,True
46,335,1620,1753,133,True
48,334,1620,1753,133,True
57,314,1620,1694,74,True
61,317,1620,1694,74,True
65,322,1620,1694,74,True
69,354,1620,1740,120,True
71,314,1620,1740,120,True
91,315,1620,1721,101,True
92,332,1620,1740,120,True
1,301,1621,1753,132,True
4,320,1621,1753,132,True
5,318,1621,1753,132,True
15,321,1621,1766,145,True
17,289,1621,1753,132,True
19,305,1621,1766,145,True
22,352,1621,1766,145,True
31,333,1621,1753,132,True
35,336,1621,1766,145,True
36,340,1621,1753,132,True
48,335,1621,1753,132,True
50,319,1621,1721,100,True
51,312,1621,1721,100,True
54,359,1621,1740,119,True
56,337,1621,1740,119,True
59,337,1621,1740,119,True
60,331,1621,1740,119,True
67,322,1621,1740,119,True
68,336,1621,1721,100,True
71,315,1621,1740,119,True
76,341,1621,1694,73,True
83,317,1621,1740,119,True
96,308,1621,1740,119,True
97,311,1621,1681,60,True
0,363,1622,1753,131,True
5,319,1622,1753,131,True
17,290,1622,1753,131,True
22,353,1622,1766,144,True
27,333,1622,1753,131,True
30,342,1622,1766,144,True
35,337,1622,1766,144,True
36,341,1622,1753,131,True
38,296,1622,1753,131,True
40,354,1622,1766,144,True
44,318,1622,1766,144,True
49,337,1622,1753,131,True
58,328,1622,1740,118,True
60,332,1622,1740,118,True
65,323,1622,1694,72,True
66,315,1622,1740,118,True
67,323,1622,1740,118,True
68,337,1622,1721,99,True
71,316,1622,1740,118,True
72,322,1622,1694,72,True
75,327,1622,1740,118,True
82,341,1622,1721,99,True
85,304,1622,1740,118,True
86,332,1622,1694,72,True
88,342,1622,1740,118,True
90,339,1622,1740,118,True
92,333,1622,1740,118,True
94,338,1622,1721,99,True
95,324,1622,1694,72,True
96,309,1622,1740,118,True
3,351,1623,1766,143,True
10,312,1623,1766,143,True
11,316,1623,1753,130,True
19,306,1623,1766,143,True
30,343,1623,1766,143,True
32,300,1623,1753,130,True
41,353,1623,1753,130,True
43,322,1623,1753,130,True
50,320,1623,1721,98,True
51,313,1623,1721,98,True
53,291,1623,1740,117,True
58,329,1623,1740,117,True
66,316,1623,1740,117,True
67,324,1623,1740,117,True
68,338,1623,1721,98,True
69,355,1623,1740,117,True
73,334,1623,1694,71,True
74,330,1623,1740,117,True
77,340,1623,1740,117,True
94,339,1623,1721,98,True
98,298,1623,1694,71,True
2,336,1624,1766,142,True
4,321,1624,1753,129,True
5,320,1624,1753,129,True
7,318,1624,1766,142,True
16,339,1624,1753,129,True
18,315,1624,1753,129,True
19,307,1624,1766,142,True
34,309,1624,1766,142,True
43,323,1624,1753,129,True
49,338,1624,1753,129,True
51,314,1624,1721,97,True
53,292,1624,1740,116,True
54,360,1624,1740,116,True
56,338,1624,1740,116,True
61,318,1624,1694,70,True
70,334,1624,1694,70,True
72,323,1624,1694,70,True
81,284,1624,1740,116,True
84,304,1624,1740,116,True
85,305,1624,1740,116,True
93,309,1624,1740,116,True
21,309,1625,1753,128,True
23,339,1625,1753,128,True
25,320,1625,1753,128,True
32,301,1625,1766,141,True
35,338,1625,1766,141,True
36,342,1625,1753,128,True
47,303,1625,1753,128,True
61,319,1625,1694,69,True
64,326,1625,1694,69,True
66,317,1625,1740,115,True
67,325,1625,1740,115,True
68,339,1625,1721,96,True
71,317,1625,1740,115,True
73,335,1625,1721,96,True
74,331,1625,1740,115,True
78,339,1625,1740,115,True
86,333,1625,1694,69,True
87,308,1625,1740,115,True
88,343,1625,1740,115,True
89,316,1625,1740,115,True
91,316,1625,1721,96,True
93,310,1625,1740,115,True
94,340,1625,1721,96,True
1,302,1626,1753,127,True
3,352,1626,1766,140,True
11,317,1626,1753,127,True
22,354,1626,1766,140,True
26,331,1626,1753,127,True
27,334,1626,1753,127,True
32,302,1626,1766,140,True
36,343,1626,1753,127,True
37,335,1626,1753,127,True
39,304,1626,1753,127,True
44,319,1626,1766,140,True
58,330,1626,1740,114,True
71,318,1626,1740,114,True
74,332,1626,1740,114,True
76,342,1626,1694,68,True
78,340,1626,1740,114,True
90,340,1626,1740,114,True
93,311,1626,1740,114,True
95,325,1626,1694,68,True
96,310,1626,1740,114,True
2,337,1627,1766,139,True
3,353,1627,1766,139,True
6,334,1627,1753,126,True
11,318,1627,1753,126,True
42,338,1627,1753,126,True
45,306,1627,1766,139,True
56,339,1627,1740,113,True
57,315,1627,1694,67,True
58,331,1627,1740,113,True
64,327,1627,1694,67,True
71,319,1627,1740,113,True
72,324,1627,1694,67,True
77,341,1627,1740,113,True
79,309,1627,1694,67,True
84,305,1627,1740,113,True
87,309,1627,1740,113,True
88,344,1627,1740,113,True
95,326,1627,1694,67,True
1,303,1628,1753,125,True
10,313,1628,1766,138,True
11,319,1628,1753,125,True
19,308,1628,1766,138,True
28,342,1628,1766,138,True
32,303,1628,1766,138,True
37,336,1628,1753,125,True
38,297,1628,1753,125,True
43,324,1628,1753,125,True
47,304,1628,1753,125,True
49,339,1628,1753,125,True
51,315,1628,1721,93,True
62,301,1628,1740,112,True
70,335,1628,1694,66,True
72,325,1628,1694,66,True
73,336,1628,1721,93,True
79,310,1628,1694,66,True
80,334,1628,1721,93,True
86,334,1628,1694,66,True
89,317,1628,1740,112,True
92,334,1628,1740,112,True
94,341,1628,1721,93,True
96,311,1628,1740,112,True
97,312,1628,1721,93,True
98,299,1628,1694,66,True
1,304,1629,1753,124,True
9,338,1629,1766,137,True
13,337,1629,1753,124,True
17,291,1629,1766,137,True
26,332,1629,1753,124,True
28,343,1629,1766,137,True
30,344,1629,1766,137,True
37,337,1629,1753,124,True
38,298,1629,1753,124,True
40,355,1629,1766,137,True
44,320,1629,1766,137,True
47,305,1629,1753,124,True
48,336,1629,1766,137,True
51,316,1629,1721,92,True
53,293,1629,1740,111,True
59,338,1629,1740,111,True
63,338,1629,1740,111,True
64,328,1629,1694,65,True
78,341,1629,1740,111,True
83,318,1629,1818,189,True
87,310,1629,1740,111,True
90,341,1629,1740,111,True
91,317,1629,1721,92,True
94,342,1629,1721,92,True
95,327,1629,1721,92,True
8,323,1630,1766,136,True
14,330,1630,1753,123,True
22,355,1630,1766,136,True
26,333,1630,1753,123,True
40,356,1630,1766,136,True
59,339,1630,1740,110,True
61,320,1630,1694,64,True
64,329,1630,1694,64,True
65,324,1630,1694,64,True
71,320,1630,1740,110,True
76,343,1630,1721,91,True
81,285,1630,1740,110,True
88,345,1630,1740,110,True
99,320,1630,1740,110,True
1,305,1631,1753,122,True
16,340,1631,1753,122,True
23,340,1631,1753,122,True
29,315,1631,1753,122,True
36,344,1631,1753,122,True
42,339,1631,1753,122,True
44,321,1631,1766,135,True
69,356,1631,1740,109,True
71,321,1631,1740,109,True
76,344,1631,1721,90,True
80,335,1631,1721,90,True
81,286,1631,1740,109,True
86,335,1631,1694,63,True
89,318,1631,1740,109,True
98,300,1631,1694,63,True
4,322,1632,1753,121,True
8,324,1632,1766,134,True
11,320,1632,1753,121,True
12,324,1632,1753,121,True
20,332,1632,1766,134,True
21,310,1632,1753,121,True
23,341,1632,1766,134,True
29,316,1632,1753,121,True
33,314,1632,1753,121,True
37,338,1632,1753,121,True
39,305,1632,1766,134,True
40,357,1632,1766,134,True
43,325,1632,1753,121,True
47,306,1632,1753,121,True
54,361,1632,1740,108,True
68,340,1632,1721,89,True
70,336,1632,1694,62,True
72,326,1632,1694,62,True
75,328,1632,1740,108,True
84,306,1632,1740,108,True
85,306,1632,1740,108,True
93,312,1632,1740,108,True
2,338,1633,1766,133,True
9,339,1633,1766,133,True
12,325,1633,1766,133,True
14,331,1633,1753,120,True
37,339,1633,1753,120,True
47,307,1633,1753,120,True
56,340,1633,1740,107,True
61,321,1633,1694,61,True
67,326,1633,1740,107,True
69,357,1633,1740,107,True
84,307,1633,1740,107,True
86,336,1633,1694,61,True
92,335,1633,1740,107,True
97,313,1633,1721,88,True
2,339,1634,1766,132,True
3,354,1634,1766,132,True
8,325,1634,1766,132,True
9,340,1634,1766,132,True
10,314,1634,1766,132,True
11,321,1634,1753,119,True
12,326,1634,1766,132,True
29,317,1634,1753,119,True
30,345,1634,1766,132,True
33,315,1634,1753,119,True
35,339,1634,1766,132,True
37,340,1634,1753,119,True
38,299,1634,1766,132,True
42,340,1634,1753,119,True
44,322,1634,1766,132,True
50,321,1634,1721,87,True
54,362,1634,1740,106,True
55,310,1634,1818,184,True
56,341,1634,1740,106,True
77,342,1634,1740,106,True
79,311,1634,1694,60,True
90,342,1634,1740,106,True
91,318,1634,1721,87,True
95,328,1634,1721,87,True
1,306,1635,1753,118,True
2,340,1635,1766,131,True
5,321,1635,1766,131,True
12,327,1635,1766,131,True
16,341,1635,1766,131,True
17,292,1635,1766,131,True
39,306,1635,1766,131,True
40,358,1635,1766,131,True
42,341,1635,1753,118,True
56,342,1635,1740,105,True
66,318,1635,1818,183,True
68,341,1635,1721,86,True
69,358,1635,1740,105,True
75,329,1635,1740,105,True
77,343,1635,1740,105,True
80,336,1635,1721,86,True
81,287,1635,1740,105,True
83,319,1635,1818,183,True
87,311,1635,1740,105,True
94,343,1635,1721,86,True
98,301,1635,1721,86,True
3,355,1636,1766,130,True
6,335,1636,1766,130,True
9,341,1636,1766,130,True
10,315,1636,1766,130,True
12,328,1636,1766,130,True
23,342,1636,1766,130,True
25,321,1636,1766,130,True
27,335,1636,1766,130,True
34,310,1636,1766,130,True
40,359,1636,1766,130,True
44,323,1636,1766,130,True
63,339,1636,1740,104,True
65,325,1636,1721,85,True
80,337,1636,1721,85,True
90,343,1636,1740,104,True
91,319,1636,1721,85,True
96,312,1636,1740,104,True
4,323,1637,1753,116,True
5,322,1637,1766,129,True
15,322,1637,1766,129,True
16,342,1637,1766,129,True
18,316,1637,1766,129,True
21,311,1637,1753,116,True
35,340,1637,1766,129,True
36,345,1637,1766,129,True
41,354,1637,1766,129,True
44,324,1637,1766,129,True
46,336,1637,1753,116,True
50,322,1637,1721,84,True
53,294,1637,1818,181,True
57,316,1637,1694,57,True
71,322,1637,1740,103,True
77,344,1637,1740,103,True
79,312,1637,1694,57,True
80,338,1637,1721,84,True
81,288,1637,1740,103,True
84,308,1637,1740,103,True
86,337,1637,1694,57,True
91,320,1637,1721,84,True
97,314,1637,1721,84,True
7,319,1638,1766,128,True
12,329,1638,1766,128,True
13,338,1638,1766,128,True
16,343,1638,1766,128,True
19,309,1638,1766,128,True
21,312,1638,1753,115,True
22,356,1638,1766,128,True
26,334,1638,1766,128,True
34,311,1638,1766,128,True
37,341,1638,1766,128,True
38,300,1638,1766,128,True
42,342,1638,1766,128,True
43,326,1638,1766,128,True
46,337,1638,1753,115,True
75,330,1638,1740,102,True
81,289,1638,1740,102,True
84,309,1638,1740,102,True
93,313,1638,1740,102,True
95,329,1638,1721,83,True
98,302,1638,1721,83,True
2,341,1639,1766,127,True
3,356,1639,1766,127,True
8,326,1639,1766,127,True
16,344,1639,1766,127,True
21,313,1639,1753,114,True
30,346,1639,1766,127,True
31,334,1639,1766,127,True
38,301,1639,1766,127,True
39,307,1639,1766,127,True
44,325,1639,1766,127,True
49,340,1639,1753,114,True
67,327,1639,1740,101,True
69,359,1639,1740,101,True
70,337,1639,1694,55,True
72,327,1639,1721,82,True
73,337,1639,1721,82,True
77,345,1639,1740,101,True
78,342,1639,1740,101,True
82,342,1639,1740,101,True
84,310,1639,1740,101,True
90,344,1639,1740,101,True
94,344,1639,1721,82,True
2,342,1640,1766,126,True
16,345,1640,1766,126,True
17,293,1640,1766,126,True
22,357,1640,1766,126,True
24,286,1640,1766,126,True
25,322,1640,1766,126,True
29,318,1640,1753,113,True
30,347,1640,1766,126,True
31,335,1640,1766,126,True
35,341,1640,1766,126,True
50,323,1640,1721,81,True
52,315,1640,,,False
54,363,1640,1740,100,True
67,328,1640,1740,100,True
70,338,1640,1694,54,True
72,328,1640,1721,81,True
74,333,1640,1740,100,True
80,339,1640,1721,81,True
81,290,1640,1740,100,True
97,315,1640,1721,81,True
99,321,1640,1740,100,True
9,342,1641,1766,125,True
12,330,1641,1766,125,True
17,294,1641,1766,125,True
18,317,1641,1766,125,True
22,358,1641,1766,125,True
29,319,1641,1753,112,True
35,342,1641,1766,125,True
36,346,1641,1766,125,True
38,302,1641,1766,125,True
39,308,1641,1766,125,True
41,355,1641,1766,125,True
44,326,1641,1766,125,True
46,338,1641,1766,125,True
49,341,1641,1766,125,True
51,317,1641,1721,80,True
52,316,1641,,,False
54,364,1641,1740,99,True
63,340,1641,1818,177,True
66,319,1641,1818,177,True
74,334,1641,1740,99,True
85,307,1641,1740,99,True
86,338,1641,1721,80,True
93,314,1641,1740,99,True
97,316,1641,1721,80,True
3,357,1642,1766,124,True
9,343,1642,1766,124,True
10,316,1642,1766,124,True
14,332,1642,1753,111,True
15,323,1642,1766,124,True
23,343,1642,1766,124,True
24,287,1642,1766,124,True
30,348,1642,1766,124,True
32,304,1642,1766,124,True
40,360,1642,1766,124,True
47,308,1642,1753,111,True
55,311,1642,1818,176,True
56,343,1642,1740,98,True
66,320,1642,1818,176,True
69,360,1642,1740,98,True
70,339,1642,1694,52,True
74,335,1642,1740,98,True
80,340,1642,1740,98,True
84,311,1642,1740,98,True
96,313,1642,1740,98,True
4,324,1643,1753,110,True
7,320,1643,1766,123,True
23,344,1643,1766,123,True
32,305,1643,1766,123,True
34,312,1643,1766,123,True
43,327,1643,1766,123,True
46,339,1643,1766,123,True
54,365,1643,1740,97,True
59,340,1643,1740,97,True
61,322,1643,1694,51,True
92,336,1643,1740,97,True
93,315,1643,1740,97,True
1,307,1644,1753,109,True
6,336,1644,1766,122,True
8,327,1644,1766,122,True
11,322,1644,1766,122,True
26,335,1644,1766,122,True
28,344,1644,1766,122,True
42,343,1644,1766,122,True
44,327,1644,1766,122,True
50,324,1644,1721,77,True
53,295,1644,1818,174,True
54,366,1644,1740,96,True
62,302,1644,1740,96,True
63,341,1644,1818,174,True
64,330,1644,1702,58,True
65,326,1644,1721,77,True
66,321,1644,1818,174,True
71,323,1644,1740,96,True
74,336,1644,1740,96,True
77,346,1644,1740,96,True
80,341,1644,1740,96,True
85,308,1644,1740,96,True
88,346,1644,1740,96,True
89,319,1644,1740,96,True
97,317,1644,1740,96,True
98,303,1644,1721,77,True
0,364,1645,1753,108,True
3,358,1645,1766,121,True
6,337,1645,1766,121,True
16,346,1645,1766,121,True
18,318,1645,1766,121,True
20,333,1645,1766,121,True
26,336,1645,1766,121,True
29,320,1645,1753,108,True
31,336,1645,1766,121,True
42,344,1645,1766,121,True
47,309,1645,1753,108,True
49,342,1645,1766,121,True
52,317,1645,,,False
54,367,1645,1740,95,True
55,312,1645,1818,173,True
60,333,1645,1740,95,True
61,323,1645,1721,76,True
67,329,1645,1740,95,True
70,340,1645,1694,49,True
71,324,1645,1740,95,True
72,329,1645,1721,76,True
73,338,1645,1721,76,True
85,309,1645,1740,95,True
3,359,1646,1766,120,True
5,323,1646,1766,120,True
6,338,1646,1766,120,True
11,323,1646,1766,120,True
16,347,1646,1766,120,True
28,345,1646,1766,120,True
31,337,1646,1766,120,True
44,328,1646,1766,120,True
52,318,1646,,,False
55,313,1646,1818,172,True
56,344,1646,1740,94,True
57,317,1646,1702,56,True
58,332,1646,1740,94,True
63,342,1646,1818,172,True
68,342,1646,1740,94,True
69,361,1646,1740,94,True
70,341,1646,1721,75,True
74,337,1646,1740,94,True
76,345,1646,1753,107,True
80,342,1646,1740,94,True
90,345,1646,1740,94,True
7,321,1647,1766,119,True
13,339,1647,1766,119,True
14,333,1647,1753,106,True
18,319,1647,1766,119,True
19,310,1647,1766,119,True
21,314,1647,1753,106,True
26,337,1647,1766,119,True
36,347,1647,1766,119,True
39,309,1647,1766,119,True
51,318,1647,1740,93,True
53,296,1647,1818,171,True
59,341,1647,1740,93,True
60,334,1647,1740,93,True
61,324,1647,1721,74,True
63,343,1647,1818,171,True
65,327,1647,1721,74,True
67,330,1647,1740,93,True
74,338,1647,1740,93,True
77,347,1647,1740,93,True
83,320,1647,1818,171,True
87,312,1647,1740,93,True
96,314,1647,1740,93,True
3,360,1648,1766,118,True
4,325,1648,1803,155,True
17,295,1648,1766,118,True
22,359,1648,1766,118,True
41,356,1648,1766,118,True
43,328,1648,1766,118,True
48,337,1648,1766,118,True
50,325,1648,1721,73,True
71,325,1648,1740,92,True
80,343,1648,1740,92,True
82,343,1648,1759,111,True
83,321,1648,1818,170,True
85,310,1648,1740,92,True
92,337,1648,1740,92,True
94,345,1648,1759,111,True
96,315,1648,1740,92,True
97,318,1648,1740,92,True
5,324,1649,1766,117,True
6,339,1649,1766,117,True
7,322,1649,1766,117,True
10,317,1649,1766,117,True
19,311,1649,1766,117,True
25,323,1649,1766,117,True
26,338,1649,1766,117,True
36,348,1649,1766,117,True
42,345,1649,1766,117,True
52,319,1649,,,False
53,297,1649,1818,169,True
65,328,1649,1753,104,True
69,362,1649,1740,91,True
82,344,1649,1759,110,True
84,312,1649,1740,91,True
88,347,1649,1740,91,True
89,320,1649,1740,91,True
91,321,1649,1740,91,True
97,319,1649,1740,91,True
98,304,1649,1721,72,True
99,322,1649,1740,91,True
1,308,1650,1753,103,True
13,340,1650,1766,116,True
15,324,1650,1766,116,True
22,360,1650,1766,116,True
32,306,1650,1766,116,True
36,349,1650,1766,116,True
41,357,1650,1766,116,True
45,307,1650,1766,116,True
47,310,1650,1753,103,True
55,314,1650,1818,168,True
59,342,1650,1740,90,True
62,303,1650,1740,90,True
69,363,1650,1818,168,True
73,339,1650,1753,103,True
78,343,1650,1740,90,True
84,313,1650,1740,90,True
86,339,1650,1721,71,True
87,313,1650,1740,90,True
88,348,1650,1740,90,True
89,321,1650,1740,90,True
94,346,1650,1759,109,True
2,343,1651,1766,115,True
8,328,1651,1766,115,True
20,334,1651,1766,115,True
24,288,1651,1766,115,True
38,303,1651,1766,115,True
40,361,1651,1766,115,True
41,358,1651,1766,115,True
44,329,1651,1803,152,True
48,338,1651,1766,115,True
51,319,1651,1740,89,True
53,298,1651,1818,167,True
55,315,1651,1818,167,True
65,329,1651,1753,102,True
66,322,1651,1818,167,True
77,348,1651,1740,89,True
80,344,1651,1740,89,True
81,291,1651,1740,89,True
83,322,1651,1818,167,True
84,314,1651,1740,89,True
98,305,1651,1721,70,True
4,326,1652,1803,151,True
5,325,1652,1766,114,True
6,340,1652,1766,114,True
14,334,1652,1753,101,True
15,325,1652,1766,114,True
25,324,1652,1766,114,True
27,336,1652,1766,114,True
31,338,1652,1766,114,True
38,304,1652,1766,114,True
39,310,1652,1766,114,True
40,362,1652,1766,114,True
42,346,1652,1766,114,True
47,311,1652,1753,101,True
49,343,1652,1766,114,True
52,320,1652,,,False
55,316,1652,1818,166,True
60,335,1652,1740,88,True
66,323,1652,1818,166,True
68,343,1652,1740,88,True
70,342,1652,1721,69,True
84,315,1652,1740,88,True
85,311,1652,1740,88,True
88,349,1652,1818,166,True
91,322,1652,1818,166,True
92,338,1652,1740,88,True
2,344,1653,1766,113,True
3,361,1653,1766,113,True
12,331,1653,1766,113,True
17,296,1653,1766,113,True
20,335,1653,1766,113,True
23,345,1653,1766,113,True
30,349,1653,1766,113,True
32,307,1653,1766,113,True
39,311,1653,1766,113,True
60,336,1653,1740,87,True
65,330,1653,1753,100,True
66,324,1653,1818,165,True
71,326,1653,1740,87,True
80,345,1653,1740,87,True
84,316,1653,1740,87,True
89,322,1653,1740,87,True
93,316,1653,1740,87,True
5,326,1654,1766,112,True
10,318,1654,1766,112,True
11,324,1654,1766,112,True
15,326,1654,1766,112,True
16,348,1654,1766,112,True
19,312,1654,1766,112,True
20,336,1654,1766,112,True
29,321,1654,1753,99,True
41,359,1654,1766,112,True
45,308,1654,1766,112,True
46,340,1654,1766,112,True
51,320,1654,1740,86,True
52,321,1654,,,False
58,333,1654,1740,86,True
62,304,1654,1740,86,True
69,364,1654,1818,164,True
72,330,1654,1753,99,True
74,339,1654,1740,86,True
75,331,1654,1740,86,True
86,340,1654,1721,67,True
88,350,1654,1818,164,True
92,339,1654,1740,86,True
93,317,1654,1740,86,True
97,320,1654,1818,164,True
0,365,1655,1766,111,True
1,309,1655,1753,98,True
15,327,1655,1766,111,True
20,337,1655,1766,111,True
37,342,1655,1766,111,True
42,347,1655,1766,111,True
47,312,1655,1753,98,True
53,299,1655,1818,163,True
56,345,1655,1740,85,True
78,344,1655,1740,85,True
87,314,1655,1740,85,True
91,323,1655,1818,163,True
7,323,1656,1803,147,True
10,319,1656,1766,110,True
12,332,1656,1766,110,True
16,349,1656,1766,110,True
17,297,1656,1766,110,True
21,315,1656,1753,97,True
22,361,1656,1766,110,True
24,289,1656,1766,110,True
28,346,1656,1766,110,True
38,305,1656,1766,110,True
41,360,1656,1766,110,True
44,330,1656,1803,147,True
45,309,1656,1766,110,True
49,344,1656,1766,110,True
55,317,1656,1818,162,True
61,325,1656,1721,65,True
69,365,1656,1818,162,True
70,343,1656,1721,65,True
75,332,1656,1740,84,True
80,346,1656,1740,84,True
94,347,1656,1759,103,True
98,306,1656,1740,84,True
6,341,1657,1766,109,True
23,346,1657,1803,146,True
25,325,1657,1766,109,True
27,337,1657,1766,109,True
29,322,1657,1753,96,True
51,321,1657,1740,83,True
58,334,1657,1740,83,True
61,326,1657,1753,96,True
70,344,1657,1721,64,True
73,340,1657,1753,96,True
78,345,1657,1740,83,True
81,292,1657,1740,83,True
89,323,1657,1740,83,True
90,346,1657,1740,83,True
96,316,1657,1740,83,True
2,345,1658,1766,108,True
6,342,1658,1766,108,True
7,324,1658,1803,145,True
8,329,1658,1766,108,True
15,328,1658,1766,108,True
18,320,1658,1766,108,True
22,362,1658,1766,108,True
28,347,1658,1766,108,True
42,348,1658,1766,108,True
56,346,1658,1740,82,True
62,305,1658,1818,160,True
70,345,1658,1721,63,True
71,327,1658,1740,82,True
73,341,1658,1753,95,True
74,340,1658,1740,82,True
75,333,1658,1740,82,True
78,346,1658,1740,82,True
85,312,1658,1818,160,True
86,341,1658,1721,63,True
93,318,1658,1740,82,True
96,317,1658,1740,82,True
1,310,1659,1803,144,True
3,362,1659,1766,107,True
5,327,1659,1766,107,True
6,343,1659,1766,107,True
13,341,1659,1766,107,True
20,338,1659,1766,107,True
27,338,1659,1766,107,True
30,350,1659,1766,107,True
34,313,1659,1766,107,True
35,343,1659,1766,107,True
46,341,1659,1766,107,True
62,306,1659,1818,159,True
65,331,1659,1753,94,True
66,325,1659,1818,159,True
71,328,1659,1740,81,True
73,342,1659,1753,94,True
78,347,1659,1740,81,True
86,342,1659,1753,94,True
89,324,1659,1740,81,True
94,348,1659,1759,100,True
95,330,1659,1740,81,True
96,318,1659,1740,81,True
3,363,1660,1766,106,True
10,320,1660,1766,106,True
15,329,1660,1766,106,True
22,363,1660,1766,106,True
23,347,1660,1803,143,True
28,348,1660,1766,106,True
32,308,1660,1766,106,True
47,313,1660,1766,106,True
48,339,1660,1766,106,True
49,345,1660,1803,143,True
56,347,1660,1740,80,True
58,335,1660,1740,80,True
59,343,1660,1740,80,True
63,344,1660,1818,158,True
64,331,1660,1753,93,True
72,331,1660,1753,93,True
80,347,1660,1740,80,True
84,317,1660,1740,80,True
88,351,1660,1818,158,True
94,349,1660,1759,99,True
3,364,1661,1766,105,True
13,342,1661,1766,105,True
23,348,1661,1803,142,True
24,290,1661,1766,105,True
32,309,1661,1803,142,True
44,331,1661,1803,142,True
48,340,1661,1766,105,True
52,322,1661,,,False
64,332,1661,1753,92,True
75,334,1661,1740,79,True
79,313,1661,1721,60,True
93,319,1661,1740,79,True
95,331,1661,1740,79,True
97,321,1661,1818,157,True
99,323,1661,1818,157,True
0,366,1662,1766,104,True
3,365,1662,1766,104,True
4,327,1662,1803,141,True
8,330,1662,1766,104,True
9,344,1662,1766,104,True
11,325,1662,1803,141,True
13,343,1662,1766,104,True
16,350,1662,1766,104,True
17,298,1662,1766,104,True
19,313,1662,1766,104,True
21,316,1662,1803,141,True
22,364,1662,1766,104,True
25,326,1662,1766,104,True
29,323,1662,1803,141,True
30,351,1662,1766,104,True
38,306,1662,1766,104,True
39,312,1662,1766,104,True
43,329,1662,1766,104,True
48,341,1662,1766,104,True
57,318,1662,1753,91,True
58,336,1662,1740,78,True
63,345,1662,1818,156,True
80,348,1662,1740,78,True
81,293,1662,1740,78,True
83,323,1662,1818,156,True
85,313,1662,1818,156,True
88,352,1662,1818,156,True
92,340,1662,1740,78,True
93,320,1662,1740,78,True
96,319,1662,1740,78,True
15,330,1663,1766,103,True
19,314,1663,1766,103,True
24,291,1663,1766,103,True
27,339,1663,1766,103,True
28,349,1663,1766,103,True
31,339,1663,1766,103,True
33,316,1663,1766,103,True
35,344,1663,1766,103,True
41,361,1663,1766,103,True
44,332,1663,1803,140,True
54,368,1663,1740,77,True
60,337,1663,1818,155,True
64,333,1663,1753,90,True
66,326,1663,1818,155,True
70,346,1663,1721,58,True
71,329,1663,1740,77,True
75,335,1663,1740,77,True
78,348,1663,1818,155,True
81,294,1663,1740,77,True
83,324,1663,1818,155,True
90,347,1663,1740,77,True
96,320,1663,1740,77,True
98,307,1663,1740,77,True
1,311,1664,1803,139,True
9,345,1664,1766,102,True
32,310,1664,1803,139,True
33,317,1664,1803,139,True
38,307,1664,1766,102,True
44,333,1664,1803,139,True
45,310,1664,1766,102,True
46,342,1664,1766,102,True
48,342,1664,1766,102,True
49,346,1664,1803,139,True
50,326,1664,1753,89,True
54,369,1664,1740,76,True
57,319,1664,1753,89,True
74,341,1664,1740,76,True
76,346,1664,1759,95,True
78,349,1664,1818,154,True
80,349,1664,1740,76,True
82,345,1664,1759,95,True
95,332,1664,1740,76,True
0,367,1665,1803,138,True
2,346,1665,1766,101,True
8,331,1665,1766,101,True
12,333,1665,1766,101,True
14,335,1665,1803,138,True
19,315,1665,1766,101,True
22,365,1665,1766,101,True
24,292,1665,1766,101,True
27,340,1665,1766,101,True
31,340,1665,1766,101,True
35,345,1665,1766,101,True
44,334,1665,1803,138,True
47,314,1665,1766,101,True
49,347,1665,1803,138,True
61,327,1665,1753,88,True
62,307,1665,1818,153,True
63,346,1665,1818,153,True
65,332,1665,1753,88,True
68,344,1665,1759,94,True
77,349,1665,1818,153,True
90,348,1665,1740,75,True
92,341,1665,1740,75,True
97,322,1665,1818,153,True
98,308,1665,1740,75,True
4,328,1666,1803,137,True
13,344,1666,1766,100,True
16,351,1666,1766,100,True
17,299,1666,1766,100,True
25,327,1666,1766,100,True
41,362,1666,1803,137,True
42,349,1666,1766,100,True
45,311,1666,1766,100,True
47,315,1666,1803,137,True
51,322,1666,1759,93,True
54,370,1666,1740,74,True
57,320,1666,1753,87,True
61,328,1666,1753,87,True
81,295,1666,1740,74,True
82,346,1666,1759,93,True
83,325,1666,1818,152,True
89,325,1666,1740,74,True
95,333,1666,1759,93,True
0,368,1667,1803,136,True
3,366,1667,1766,99,True
6,344,1667,1766,99,True
17,300,1667,1766,99,True
25,328,1667,1766,99,True
26,339,1667,1766,99,True
35,346,1667,1766,99,True
39,313,1667,1803,136,True
41,363,1667,1803,136,True
42,350,1667,1766,99,True
47,316,1667,1803,136,True
52,323,1667,,,False
60,338,1667,1818,151,True
61,329,1667,1753,86,True
62,308,1667,1818,151,True
66,327,1667,1818,151,True
79,314,1667,1753,86,True
84,318,1667,1740,73,True
86,343,1667,1753,86,True
90,349,1667,1740,73,True
92,342,1667,1818,151,True
13,345,1668,1766,98,True
18,321,1668,1766,98,True
19,316,1668,1766,98,True
28,350,1668,1766,98,True
32,311,1668,1803,135,True
33,318,1668,1803,135,True
34,314,1668,1766,98,True
41,364,1668,1803,135,True
44,335,1668,1803,135,True
47,317,1668,1803,135,True
52,324,1668,,,False
58,337,1668,1740,72,True
74,342,1668,1740,72,True
75,336,1668,1740,72,True
78,350,1668,1818,150,True
85,314,1668,1818,150,True
86,344,1668,1753,85,True
92,343,1668,1818,150,True
97,323,1668,1818,150,True
1,312,1669,1803,134,True
7,325,1669,1803,134,True
8,332,1669,1803,134,True
13,346,1669,1766,97,True
15,331,1669,1766,97,True
26,340,1669,1766,97,True
28,351,1669,1766,97,True
36,350,1669,1803,134,True
43,330,1669,1766,97,True
51,323,1669,1759,90,True
52,325,1669,,,False
56,348,1669,1740,71,True
58,338,1669,1740,71,True
64,334,1669,1753,84,True
78,351,1669,1818,149,True
80,350,1669,1759,90,True
0,369,1670,1803,133,True
1,313,1670,1803,133,True
6,345,1670,1766,96,True
8,333,1670,1803,133,True
9,346,1670,1766,96,True
12,334,1670,1803,133,True
15,332,1670,1766,96,True
17,301,1670,1766,96,True
18,322,1670,1766,96,True
28,352,1670,1766,96,True
29,324,1670,1803,133,True
38,308,1670,1766,96,True
49,348,1670,1803,133,True
54,371,1670,1740,70,True
58,339,1670,1834,164,True
63,347,1670,1818,148,True
67,331,1670,1740,70,True
71,330,1670,1740,70,True
78,352,1670,1818,148,True
86,345,1670,1753,83,True
95,334,1670,1759,89,True
99,324,1670,1818,148,True
16,352,1671,1803,132,True
19,317,1671,1766,95,True
21,317,1671,1803,132,True
24,293,1671,1766,95,True
32,312,1671,1803,132,True
34,315,1671,1766,95,True
38,309,1671,1766,95,True
46,343,1671,1766,95,True
57,321,1671,1753,82,True
59,344,1671,1818,147,True
63,348,1671,1818,147,True
68,345,1671,1759,88,True
71,331,1671,1740,69,True
73,343,1671,1759,88,True
81,296,1671,1740,69,True
94,350,1671,1759,88,True
96,321,1671,1818,147,True
98,309,1671,1759,88,True
1,314,1672,1803,131,True
5,328,1672,1803,131,True
8,334,1672,1803,131,True
11,326,1672,1803,131,True
13,347,1672,1766,94,True
22,366,1672,1766,94,True
27,341,1672,1766,94,True
33,319,1672,1803,131,True
54,372,1672,1740,68,True
56,349,1672,1740,68,True
65,333,1672,1753,81,True
66,328,1672,1818,146,True
71,332,1672,1740,68,True
74,343,1672,1740,68,True
77,350,1672,1818,146,True
92,344,1672,1818,146,True
93,321,1672,1818,146,True
94,351,1672,1759,87,True
3,367,1673,1803,130,True
6,346,1673,1766,93,True
8,335,1673,1803,130,True
10,321,1673,1766,93,True
11,327,1673,1803,130,True
28,353,1673,1766,93,True
30,352,1673,1766,93,True
34,316,1673,1766,93,True
38,310,1673,1766,93,True
39,314,1673,1803,130,True
51,324,1673,1759,86,True
71,333,1673,1740,67,True
75,337,1673,1740,67,True
78,353,1673,1818,145,True
80,351,1673,1759,86,True
81,297,1673,1740,67,True
92,345,1673,1818,145,True
94,352,1673,1759,86,True
95,335,1673,1759,86,True
96,322,1673,1818,145,True
98,310,1673,1759,86,True
2,347,1674,1766,92,True
4,329,1674,1803,129,True
5,329,1674,1803,129,True
8,336,1674,1803,129,True
16,353,1674,1803,129,True
20,339,1674,1766,92,True
26,341,1674,1803,129,True
30,353,1674,1766,92,True
31,341,1674,1766,92,True
35,347,1674,1766,92,True
36,351,1674,1803,129,True
37,343,1674,1803,129,True
38,311,1674,1766,92,True
47,318,1674,1803,129,True
52,326,1674,,,False
54,373,1674,1740,66,True
55,318,1674,1818,144,True
56,350,1674,1740,66,True
67,332,1674,1740,66,True
68,346,1674,1759,85,True
71,334,1674,1818,144,True
74,344,1674,1740,66,True
75,338,1674,1740,66,True
81,298,1674,1740,66,True
88,353,1674,1818,144,True
90,350,1674,1740,66,True
15,333,1675,1766,91,True
18,323,1675,1766,91,True
26,342,1675,1803,128,True
34,317,1675,1766,91,True
41,365,1675,1803,128,True
54,374,1675,1740,65,True
57,322,1675,1753,78,True
65,334,1675,1753,78,True
70,347,1675,1753,78,True
74,345,1675,1740,65,True
78,354,1675,1818,143,True
81,299,1675,1740,65,True
84,319,1675,1740,65,True
92,346,1675,1818,143,True
93,322,1675,1818,143,True
2,348,1676,1766,90,True
14,336,1676,1803,127,True
15,334,1676,1766,90,True
20,340,1676,1766,90,True
21,318,1676,1803,127,True
23,349,1676,1803,127,True
34,318,1676,1766,90,True
38,312,1676,1766,90,True
40,363,1676,1766,90,True
43,331,1676,1803,127,True
46,344,1676,1803,127,True
51,325,1676,1818,142,True
52,327,1676,,,False
53,300,1676,1818,142,True
61,330,1676,1753,77,True
64,335,1676,1753,77,True
66,329,1676,1818,142,True
78,355,1676,1818,142,True
79,315,1676,1753,77,True
81,300,1676,1740,64,True
84,320,1676,1740,64,True
90,351,1676,1740,64,True
93,323,1676,1818,142,True
96,323,1676,1818,142,True
12,335,1677,1803,126,True
14,337,1677,1803,126,True
21,319,1677,1803,126,True
30,354,1677,1803,126,True
32,313,1677,1803,126,True
34,319,1677,1766,89,True
36,352,1677,1872,195,True
40,364,1677,1766,89,True
41,366,1677,1803,126,True
42,351,1677,1803,126,True
49,349,1677,1803,126,True
52,328,1677,,,False
54,375,1677,1740,63,True
57,323,1677,1753,76,True
65,335,1677,1753,76,True
69,366,1677,1818,141,True
71,335,1677,1818,141,True
76,347,1677,1818,141,True
93,324,1677,1818,141,True
99,325,1677,1818,141,True
1,315,1678,1803,125,True
2,349,1678,1766,88,True
12,336,1678,1803,125,True
18,324,1678,1766,88,True
19,318,1678,1766,88,True
28,354,1678,1766,88,True
33,320,1678,1803,125,True
42,352,1678,1803,125,True
50,327,1678,1784,106,True
54,376,1678,1740,62,True
56,351,1678,1740,62,True
64,336,1678,1753,75,True
69,367,1678,1818,140,True
70,348,1678,1753,75,True
73,344,1678,1759,81,True
82,347,1678,1818,140,True
85,315,1678,1818,140,True
89,326,1678,1818,140,True
92,347,1678,1818,140,True
93,325,1678,1818,140,True
2,350,1679,1766,87,True
4,330,1679,1803,124,True
11,328,1679,1803,124,True
14,338,1679,1803,124,True
24,294,1679,1803,124,True
25,329,1679,1766,87,True
35,348,1679,1766,87,True
42,353,1679,1803,124,True
46,345,1679,1803,124,True
50,328,1679,1784,105,True
52,329,1679,,,False
54,377,1679,1740,61,True
57,324,1679,1753,74,True
73,345,1679,1759,80,True
74,346,1679,1818,139,True
77,351,1679,1818,139,True
85,316,1679,1818,139,True
92,348,1679,1818,139,True
93,326,1679,1818,139,True
94,353,1679,1818,139,True
97,324,1679,1818,139,True
1,316,1680,1803,123,True
2,351,1680,1766,86,True
9,347,1680,1803,123,True
10,322,1680,1833,153,True
11,329,1680,1803,123,True
12,337,1680,1803,123,True
28,355,1680,1766,86,True
32,314,1680,1803,123,True
35,349,1680,1766,86,True
53,301,1680,1818,138,True
58,340,1680,1834,154,True
62,309,1680,1818,138,True
69,368,1680,1818,138,True
71,336,1680,1818,138,True
74,347,1680,1818,138,True
75,339,1680,1818,138,True
81,301,1680,1740,60,True
89,327,1680,1818,138,True
93,327,1680,1818,138,True
96,324,1680,1818,138,True
97,325,1680,1818,138,True
1,317,1681,1803,122,True
6,347,1681,1766,85,True
9,348,1681,1803,122,True
12,338,1681,1803,122,True
13,348,1681,1803,122,True
17,302,1681,1766,85,True
22,367,1681,1766,85,True
28,356,1681,1766,85,True
29,325,1681,1803,122,True
34,320,1681,1766,85,True
38,313,1681,1766,85,True
41,367,1681,1803,122,True
50,329,1681,1784,103,True
56,352,1681,1740,59,True
57,325,1681,1753,72,True
63,349,1681,1818,137,True
66,330,1681,1818,137,True
68,347,1681,1818,137,True
69,369,1681,1818,137,True
72,332,1681,1753,72,True
74,348,1681,1818,137,True
90,352,1681,1818,137,True
91,324,1681,1818,137,True
97,326,1681,1818,137,True
98,311,1681,1759,78,True
2,352,1682,1766,84,True
14,339,1682,1803,121,True
15,335,1682,1766,84,True
35,350,1682,1766,84,True
45,312,1682,1803,121,True
46,346,1682,1803,121,True
53,302,1682,1818,136,True
56,353,1682,1740,58,True
62,310,1682,1818,136,True
63,350,1682,1818,136,True
65,336,1682,1753,71,True
74,349,1682,1818,136,True
81,302,1682,1818,136,True
86,346,1682,1759,77,True
87,315,1682,1818,136,True
90,353,1682,1818,136,True
94,354,1682,1818,136,True
96,325,1682,1818,136,True
7,326,1683,1803,120,True
16,354,1683,1803,120,True
18,325,1683,1803,120,True
20,341,1683,1766,83,True
28,357,1683,1766,83,True
30,355,1683,1803,120,True
38,314,1683,1766,83,True
41,368,1683,1803,120,True
43,332,1683,1803,120,True
45,313,1683,1803,120,True
53,303,1683,1818,135,True
55,319,1683,1818,135,True
59,345,1683,1818,135,True
60,339,1683,1818,135,True
72,333,1683,1753,70,True
75,340,1683,1818,135,True
84,321,1683,1818,135,True
0,370,1684,1803,119,True
5,330,1684,1803,119,True
7,327,1684,1803,119,True
12,339,1684,1803,119,True
13,349,1684,1803,119,True
14,340,1684,1803,119,True
21,320,1684,1803,119,True
27,342,1684,1803,119,True
35,351,1684,1766,82,True
36,353,1684,1872,188,True
39,315,1684,1803,119,True
42,354,1684,1803,119,True
51,326,1684,1818,134,True
60,340,1684,1818,134,True
61,331,1684,1766,82,True
74,350,1684,1818,134,True
75,341,1684,1818,134,True
86,347,1684,1759,75,True
94,355,1684,1818,134,True
0,371,1685,1803,118,True
7,328,1685,1803,118,True
11,330,1685,1803,118,True
16,355,1685,1803,118,True
20,342,1685,1766,81,True
21,321,1685,1803,118,True
24,295,1685,1803,118,True
25,330,1685,1766,81,True
34,321,1685,1803,118,True
38,315,1685,1766,81,True
39,316,1685,1803,118,True
47,319,1685,1803,118,True
57,326,1685,1753,68,True
60,341,1685,1818,133,True
61,332,1685,1766,81,True
64,337,1685,1753,68,True
70,349,1685,1753,68,True
73,346,1685,1759,74,True
76,348,1685,1818,133,True
77,352,1685,1818,133,True
78,356,1685,1818,133,True
81,303,1685,1818,133,True
86,348,1685,1759,74,True
91,325,1685,1818,133,True
98,312,1685,1759,74,True
9,349,1686,1803,117,True
18,326,1686,1803,117,True
28,358,1686,1766,80,True
35,352,1686,1766,80,True
40,365,1686,1803,117,True
41,369,1686,1803,117,True
49,350,1686,1803,117,True
52,330,1686,,,False
53,304,1686,1818,132,True
71,337,1686,1818,132,True
78,357,1686,1818,132,True
83,326,1686,1818,132,True
84,322,1686,1818,132,True
87,316,1686,1818,132,True
89,328,1686,1818,132,True
96,326,1686,1818,132,True
99,326,1686,1818,132,True
0,372,1687,1803,116,True
3,368,1687,1803,116,True
9,350,1687,1803,116,True
17,303,1687,1803,116,True
24,296,1687,1803,116,True
28,359,1687,1766,79,True
29,326,1687,1803,116,True
37,344,1687,1803,116,True
44,336,1687,1803,116,True
48,343,1687,1803,116,True
51,327,1687,1818,131,True
53,305,1687,1818,131,True
54,378,1687,1818,131,True
62,311,1687,1818,131,True
65,337,1687,1759,72,True
66,331,1687,1818,131,True
73,347,1687,1759,72,True
77,353,1687,1818,131,True
79,316,1687,1759,72,True
91,326,1687,1818,131,True
5,331,1688,1803,115,True
7,329,1688,1803,115,True
11,331,1688,1803,115,True
12,340,1688,1803,115,True
16,356,1688,1803,115,True
18,327,1688,1803,115,True
23,350,1688,1803,115,True
32,315,1688,1803,115,True
38,316,1688,1803,115,True
41,370,1688,1803,115,True
42,355,1688,1803,115,True
47,320,1688,1803,115,True
56,354,1688,1818,130,True
59,346,1688,1818,130,True
63,351,1688,1818,130,True
64,338,1688,1753,65,True
66,332,1688,1818,130,True
79,317,1688,1759,71,True
83,327,1688,1818,130,True
90,354,1688,1818,130,True
92,349,1688,1818,130,True
16,357,1689,1803,114,True
18,328,1689,1803,114,True
23,351,1689,1803,114,True
31,342,1689,1803,114,True
34,322,1689,1803,114,True
38,317,1689,1803,114,True
44,337,1689,1803,114,True
47,321,1689,1803,114,True
50,330,1689,1784,95,True
59,347,1689,1818,129,True
62,312,1689,1818,129,True
64,339,1689,1753,64,True
68,348,1689,1818,129,True
77,354,1689,1818,129,True
80,352,1689,1818,129,True
1,318,1690,1803,113,True
6,348,1690,1803,113,True
13,350,1690,1803,113,True
17,304,1690,1803,113,True
23,352,1690,1803,113,True
44,338,1690,1803,113,True
48,344,1690,1803,113,True
57,327,1690,1803,113,True
62,313,1690,1818,128,True
66,333,1690,1818,128,True
68,349,1690,1818,128,True
71,338,1690,1818,128,True
74,351,1690,1818,128,True
82,348,1690,1818,128,True
84,323,1690,1818,128,True
85,317,1690,1818,128,True
91,327,1690,1818,128,True
98,313,1690,1759,69,True
99,327,1690,1818,128,True
6,349,1691,1803,112,True
11,332,1691,1803,112,True
13,351,1691,1803,112,True
31,343,1691,1803,112,True
41,371,1691,1803,112,True
50,331,1691,1784,93,True
54,379,1691,1818,127,True
62,314,1691,1818,127,True
69,370,1691,1818,127,True
71,339,1691,1818,127,True
75,342,1691,1818,127,True
78,358,1691,1818,127,True
80,353,1691,1818,127,True
82,349,1691,1818,127,True
83,328,1691,1818,127,True
86,349,1691,1784,93,True
88,354,1691,1818,127,True
92,350,1691,1818,127,True
93,328,1691,1818,127,True
2,353,1692,1803,111,True
6,350,1692,1803,111,True
9,351,1692,1803,111,True
11,333,1692,1803,111,True
13,352,1692,1803,111,True
20,343,1692,1766,74,True
21,322,1692,1803,111,True
22,368,1692,1833,141,True
26,343,1692,1803,111,True
28,360,1692,1803,111,True
31,344,1692,1803,111,True
34,323,1692,1803,111,True
37,345,1692,1803,111,True
38,318,1692,1803,111,True
39,317,1692,1872,180,True
44,339,1692,1803,111,True
45,314,1692,1803,111,True
48,345,1692,1803,111,True
54,380,1692,1818,126,True
56,355,1692,1818,126,True
57,328,1692,1803,111,True
60,342,1692,1818,126,True
61,333,1692,1766,74,True
64,340,1692,1753,61,True
73,348,1692,1759,67,True
74,352,1692,1818,126,True
80,354,1692,1818,126,True
86,350,1692,1784,92,True
87,317,1692,1818,126,True
89,329,1692,1818,126,True
90,355,1692,1818,126,True
95,336,1692,1759,67,True
1,319,1693,1803,110,True
5,332,1693,1803,110,True
6,351,1693,1803,110,True
7,330,1693,1803,110,True
10,323,1693,1833,140,True
14,341,1693,1803,110,True
22,369,1693,1833,140,True
26,344,1693,1803,110,True
28,361,1693,1803,110,True
34,324,1693,1803,110,True
39,318,1693,1872,179,True
42,356,1693,1803,110,True
55,320,1693,1834,141,True
64,341,1693,1753,60,True
69,371,1693,1818,125,True
75,343,1693,1818,125,True
76,349,1693,1818,125,True
82,350,1693,1818,125,True
90,356,1693,1818,125,True
2,354,1694,1803,109,True
3,369,1694,1803,109,True
5,333,1694,1803,109,True
10,324,1694,1833,139,True
14,342,1694,1803,109,True
15,336,1694,1803,109,True
18,329,1694,1803,109,True
25,331,1694,1803,109,True
33,321,1694,1803,109,True
48,346,1694,1803,109,True
58,341,1694,1834,140,True
61,334,1694,1766,72,True
63,352,1694,1818,124,True
64,342,1694,1753,59,True
66,334,1694,1818,124,True
75,344,1694,1818,124,True
79,318,1694,1759,65,True
83,329,1694,1818,124,True
87,318,1694,1818,124,True
89,330,1694,1818,124,True
92,351,1694,1818,124,True
95,337,1694,1759,65,True
99,328,1694,1818,124,True
2,355,1695,1803,108,True
6,352,1695,1803,108,True
13,353,1695,1803,108,True
21,323,1695,1803,108,True
22,370,1695,1833,138,True
25,332,1695,1803,108,True
29,327,1695,1803,108,True
32,316,1695,1803,108,True
34,325,1695,1803,108,True
36,354,1695,1872,177,True
39,319,1695,1872,177,True
47,322,1695,1803,108,True
54,381,1695,1834,139,True
55,321,1695,1834,139,True
57,329,1695,1803,108,True
60,343,1695,1818,123,True
62,315,1695,1818,123,True
68,350,1695,1818,123,True
70,350,1695,1759,64,True
75,345,1695,1818,123,True
78,359,1695,1818,123,True
80,355,1695,1818,123,True
94,356,1695,1818,123,True
97,327,1695,1818,123,True
99,329,1695,1818,123,True
7,331,1696,1803,107,True
17,305,1696,1803,107,True
19,319,1696,1803,107,True
26,345,1696,1803,107,True
32,317,1696,1803,107,True
34,326,1696,1803,107,True
35,353,1696,1803,107,True
41,372,1696,1803,107,True
42,357,1696,1803,107,True
45,315,1696,1803,107,True
52,331,1696,,,False
58,342,1696,1834,138,True
62,316,1696,1818,122,True
64,343,1696,1759,63,True
74,353,1696,1818,122,True
85,318,1696,1818,122,True
88,355,1696,1818,122,True
95,338,1696,1759,63,True
5,334,1697,1803,106,True
17,306,1697,1803,106,True
19,320,1697,1803,106,True
20,344,1697,1803,106,True
23,353,1697,1803,106,True
24,297,1697,1803,106,True
33,322,1697,1803,106,True
39,320,1697,1872,175,True
40,366,1697,1833,136,True
42,358,1697,1803,106,True
46,347,1697,1803,106,True
47,323,1697,1803,106,True
48,347,1697,1803,106,True
50,332,1697,1784,87,True
54,382,1697,1834,137,True
58,343,1697,1834,137,True
59,348,1697,1818,121,True
66,335,1697,1818,121,True
70,351,1697,1759,62,True
72,334,1697,1759,62,True
73,349,1697,1784,87,True
84,324,1697,1818,121,True
89,331,1697,1818,121,True
90,357,1697,1818,121,True
91,328,1697,1818,121,True
98,314,1697,1759,62,True
0,373,1698,1803,105,True
16,358,1698,1803,105,True
19,321,1698,1803,105,True
21,324,1698,1803,105,True
24,298,1698,1872,174,True
26,346,1698,1803,105,True
29,328,1698,1803,105,True
36,355,1698,1872,174,True
45,316,1698,1803,105,True
59,349,1698,1818,120,True
63,353,1698,1818,120,True
73,350,1698,1784,86,True
78,360,1698,1818,120,True
79,319,1698,1759,61,True
87,319,1698,1818,120,True
92,352,1698,1818,120,True
2,356,1699,1803,104,True
8,337,1699,1803,104,True
10,325,1699,1833,134,True
15,337,1699,1803,104,True
25,333,1699,1803,104,True
26,347,1699,1803,104,True
29,329,1699,1803,104,True
38,319,1699,1803,104,True
54,383,1699,1834,135,True
58,344,1699,1834,135,True
59,350,1699,1818,119,True
62,317,1699,1818,119,True
64,344,1699,1759,60,True
74,354,1699,1818,119,True
75,346,1699,1818,119,True
80,356,1699,1818,119,True
82,351,1699,1818,119,True
99,330,1699,1818,119,True
2,357,1700,1803,103,True
5,335,1700,1803,103,True
15,338,1700,1803,103,True
16,359,1700,1803,103,True
30,356,1700,1803,103,True
32,318,1700,1803,103,True
48,348,1700,1803,103,True
51,328,1700,1818,118,True
52,332,1700,,,False
54,384,1700,1834,134,True
67,333,1700,1818,118,True
69,372,1700,1818,118,True
83,330,1700,1818,118,True
86,351,1700,1784,84,True
1,320,1701,1803,102,True
2,358,1701,1803,102,True
10,326,1701,1833,132,True
14,343,1701,1803,102,True
15,339,1701,1803,102,True
20,345,1701,1803,102,True
22,371,1701,1833,132,True
23,354,1701,1803,102,True
24,299,1701,1872,171,True
44,340,1701,1803,102,True
51,329,1701,1818,117,True
58,345,1701,1834,133,True
80,357,1701,1818,117,True
86,352,1701,1784,83,True
89,332,1701,1818,117,True
94,357,1701,1818,117,True
95,339,1701,1818,117,True
96,327,1701,1834,133,True
98,315,1701,1784,83,True
99,331,1701,1818,117,True
11,334,1702,1803,101,True
13,354,1702,1872,170,True
24,300,1702,1872,170,True
25,334,1702,1803,101,True
31,345,1702,1803,101,True
39,321,1702,1872,170,True
46,348,1702,1803,101,True
48,349,1702,1803,101,True
53,306,1702,1834,132,True
63,354,1702,1818,116,True
64,345,1702,1834,132,True
66,336,1702,1818,116,True
89,333,1702,1818,116,True
91,329,1702,1818,116,True
93,329,1702,1818,116,True
94,358,1702,1818,116,True
9,352,1703,1803,100,True
11,335,1703,1803,100,True
15,340,1703,1803,100,True
21,325,1703,1803,100,True
30,357,1703,1803,100,True
38,320,1703,1803,100,True
40,367,1703,1833,130,True
43,333,1703,1803,100,True
46,349,1703,1803,100,True
68,351,1703,1818,115,True
71,340,1703,1818,115,True
78,361,1703,1818,115,True
80,358,1703,1818,115,True
90,358,1703,1818,115,True
92,353,1703,1818,115,True
96,328,1703,1834,131,True
0,374,1704,1803,99,True
5,336,1704,1803,99,True
6,353,1704,1803,99,True
8,338,1704,1803,99,True
9,353,1704,1803,99,True
16,360,1704,1803,99,True
26,348,1704,1803,99,True
28,362,1704,1803,99,True
35,354,1704,1803,99,True
39,322,1704,1872,168,True
45,317,1704,1803,99,True
52,333,1704,,,False
53,307,1704,1834,130,True
55,322,1704,1834,130,True
71,341,1704,1818,114,True
0,375,1705,1803,98,True
8,339,1705,1803,98,True
10,327,1705,1833,128,True
22,372,1705,1833,128,True
24,301,1705,1872,167,True
40,368,1705,1833,128,True
42,359,1705,1803,98,True
43,334,1705,1803,98,True
44,341,1705,1803,98,True
56,356,1705,1818,113,True
60,344,1705,1818,113,True
65,338,1705,1818,113,True
72,335,1705,1818,113,True
85,319,1705,1818,113,True
86,353,1705,1784,79,True
90,359,1705,1818,113,True
94,359,1705,1818,113,True
96,329,1705,1834,129,True
97,328,1705,1818,113,True
98,316,1705,1784,79,True
0,376,1706,1803,97,True
3,370,1706,1803,97,True
4,331,1706,1803,97,True
5,337,1706,1803,97,True
16,361,1706,1803,97,True
17,307,1706,1833,127,True
18,330,1706,1803,97,True
29,330,1706,1803,97,True
40,369,1706,1833,127,True
44,342,1706,1803,97,True
45,318,1706,1803,97,True
46,350,1706,1803,97,True
47,324,1706,1803,97,True
48,350,1706,1803,97,True
49,351,1706,1803,97,True
55,323,1706,1834,128,True
59,351,1706,1818,112,True
71,342,1706,1818,112,True
74,355,1706,1818,112,True
77,355,1706,1818,112,True
80,359,1706,1818,112,True
83,331,1706,1891,185,True
84,325,1706,1818,112,True
88,356,1706,1818,112,True
0,377,1707,1803,96,True
2,359,1707,1803,96,True
4,332,1707,1803,96,True
6,354,1707,1803,96,True
8,340,1707,1803,96,True
14,344,1707,1803,96,True
17,308,1707,1833,126,True
32,319,1707,1803,96,True
33,323,1707,1803,96,True
38,321,1707,1803,96,True
42,360,1707,1803,96,True
45,319,1707,1803,96,True
48,351,1707,1803,96,True
49,352,1707,1803,96,True
50,333,1707,1784,77,True
53,308,1707,1834,127,True
55,324,1707,1834,127,True
56,357,1707,1818,111,True
68,352,1707,1818,111,True
72,336,1707,1818,111,True
81,304,1707,1818,111,True
83,332,1707,1891,184,True
84,326,1707,1818,111,True
92,354,1707,1818,111,True
93,330,1707,1818,111,True
94,360,1707,1818,111,True
98,317,1707,1784,77,True
14,345,1708,1803,95,True
16,362,1708,1803,95,True
17,309,1708,1833,125,True
19,322,1708,1833,125,True
25,335,1708,1803,95,True
28,363,1708,1803,95,True
34,327,1708,1803,95,True
46,351,1708,1803,95,True
49,353,1708,1803,95,True
55,325,1708,1834,126,True
56,358,1708,1818,110,True
64,346,1708,1834,126,True
66,337,1708,1834,126,True
71,343,1708,1818,110,True
75,347,1708,1834,126,True
81,305,1708,1818,110,True
82,352,1708,1818,110,True
84,327,1708,1818,110,True
98,318,1708,1784,76,True
0,378,1709,1803,94,True
11,336,1709,1908,199,True
12,341,1709,1803,94,True
32,320,1709,1803,94,True
41,373,1709,1803,94,True
44,343,1709,1803,94,True
45,320,1709,1803,94,True
48,352,1709,1803,94,True
53,309,1709,1834,125,True
59,352,1709,1818,109,True
60,345,1709,1818,109,True
63,355,1709,1834,125,True
72,337,1709,1818,109,True
89,334,1709,1818,109,True
5,338,1710,1803,93,True
7,332,1710,1803,93,True
25,336,1710,1803,93,True
29,331,1710,1803,93,True
32,321,1710,1803,93,True
33,324,1710,1803,93,True
35,355,1710,1803,93,True
36,356,1710,1872,162,True
39,323,1710,1872,162,True
40,370,1710,1833,123,True
41,374,1710,1803,93,True
44,344,1710,1803,93,True
48,353,1710,1803,93,True
60,346,1710,1818,108,True
61,335,1710,1803,93,True
67,334,1710,1818,108,True
75,348,1710,1834,124,True
78,362,1710,1818,108,True
80,360,1710,1818,108,True
88,357,1710,1818,108,True
90,360,1710,1818,108,True
95,340,1710,1818,108,True
1,321,1711,1803,92,True
2,360,1711,1803,92,True
4,333,1711,1803,92,True
10,328,1711,1833,122,True
13,355,1711,1872,161,True
18,331,1711,1803,92,True
25,337,1711,1803,92,True
29,332,1711,1803,92,True
30,358,1711,1803,92,True
45,321,1711,1803,92,True
49,354,1711,1803,92,True
53,310,1711,1834,123,True
60,347,1711,1818,107,True
61,336,1711,1803,92,True
62,318,1711,1818,107,True
64,347,1711,1834,123,True
77,356,1711,1818,107,True
83,333,1711,1891,180,True
84,328,1711,1818,107,True
91,330,1711,1818,107,True
1,322,1712,1803,91,True
14,346,1712,1803,91,True
23,355,1712,1803,91,True
26,349,1712,1803,91,True
27,343,1712,1872,160,True
29,333,1712,1803,91,True
36,357,1712,1872,160,True
41,375,1712,1803,91,True
44,345,1712,1803,91,True
54,385,1712,1834,122,True
60,348,1712,1818,106,True
63,356,1712,1834,122,True
69,373,1712,1818,106,True
70,352,1712,1803,91,True
75,349,1712,1834,122,True
76,350,1712,1818,106,True
83,334,1712,1891,179,True
86,354,1712,1818,106,True
88,358,1712,1818,106,True
89,335,1712,1818,106,True
95,341,1712,1818,106,True
98,319,1712,1818,106,True
99,332,1712,1818,106,True
2,361,1713,1803,90,True
4,334,1713,1803,90,True
9,354,1713,1803,90,True
10,329,1713,1833,120,True
11,337,1713,1908,195,True
18,332,1713,1803,90,True
19,323,1713,1833,120,True
20,346,1713,1803,90,True
21,326,1713,1803,90,True
29,334,1713,1803,90,True
31,346,1713,1803,90,True
33,325,1713,1803,90,True
35,356,1713,1803,90,True
36,358,1713,1872,159,True
37,346,1713,1803,90,True
44,346,1713,1872,159,True
45,322,1713,1803,90,True
55,326,1713,1834,121,True
59,353,1713,1818,105,True
61,337,1713,1803,90,True
65,339,1713,1818,105,True
66,338,1713,1834,121,True
78,363,1713,1818,105,True
82,353,1713,1818,105,True
84,329,1713,1818,105,True
86,355,1713,1818,105,True
91,331,1713,1818,105,True
6,355,1714,1803,89,True
9,355,1714,1803,89,True
12,342,1714,1803,89,True
13,356,1714,1872,158,True
14,347,1714,1803,89,True
25,338,1714,1803,89,True
26,350,1714,1803,89,True
34,328,1714,1803,89,True
41,376,1714,1803,89,True
46,352,1714,1803,89,True
48,354,1714,1833,119,True
49,355,1714,1803,89,True
50,334,1714,1818,104,True
52,334,1714,,,False
54,386,1714,1834,120,True
56,359,1714,1818,104,True
64,348,1714,1834,120,True
68,353,1714,1818,104,True
69,374,1714,1818,104,True
75,350,1714,1834,120,True
76,351,1714,1818,104,True
77,357,1714,1818,104,True
80,361,1714,1818,104,True
3,371,1715,1803,88,True
5,339,1715,1803,88,True
8,341,1715,1803,88,True
9,356,1715,1803,88,True
14,348,1715,1803,88,True
16,363,1715,1872,157,True
29,335,1715,1803,88,True
35,357,1715,1803,88,True
48,355,1715,1833,118,True
49,356,1715,1803,88,True
57,330,1715,1803,88,True
61,338,1715,1803,88,True
82,354,1715,1818,103,True
83,335,1715,1891,176,True
84,330,1715,1818,103,True
91,332,1715,1818,103,True
93,331,1715,1834,119,True
2,362,1716,1803,87,True
13,357,1716,1872,156,True
16,364,1716,1872,156,True
24,302,1716,1872,156,True
27,344,1716,1872,156,True
29,336,1716,1803,87,True
31,347,1716,1803,87,True
37,347,1716,1803,87,True
41,377,1716,1803,87,True
48,356,1716,1833,117,True
49,357,1716,1803,87,True
50,335,1716,1818,102,True
56,360,1716,1818,102,True
65,340,1716,1818,102,True
66,339,1716,1834,118,True
67,335,1716,1818,102,True
70,353,1716,1818,102,True
79,320,1716,1818,102,True
1,323,1717,1803,86,True
2,363,1717,1803,86,True
3,372,1717,1803,86,True
4,335,1717,1803,86,True
5,340,1717,1872,155,True
14,349,1717,1803,86,True
25,339,1717,1803,86,True
26,351,1717,1803,86,True
34,329,1717,1803,86,True
38,322,1717,1803,86,True
43,335,1717,1803,86,True
48,357,1717,1833,116,True
50,336,1717,1818,101,True
51,330,1717,1818,101,True
58,346,1717,1834,117,True
60,349,1717,1818,101,True
66,340,1717,1834,117,True
67,336,1717,1818,101,True
69,375,1717,1818,101,True
70,354,1717,1818,101,True
80,362,1717,1818,101,True
88,359,1717,1818,101,True
99,333,1717,1818,101,True
12,343,1718,1803,85,True
20,347,1718,1803,85,True
21,327,1718,1803,85,True
27,345,1718,1872,154,True
32,322,1718,1803,85,True
39,324,1718,1872,154,True
40,371,1718,1833,115,True
47,325,1718,1803,85,True
48,358,1718,1833,115,True
81,306,1718,1818,100,True
89,336,1718,1818,100,True
92,355,1718,1818,100,True
94,361,1718,1818,100,True
97,329,1718,1818,100,True
1,324,1719,1803,84,True
9,357,1719,1833,114,True
12,344,1719,1803,84,True
29,337,1719,1803,84,True
30,359,1719,1803,84,True
32,323,1719,1803,84,True
36,359,1719,1872,153,True
37,348,1719,1872,153,True
38,323,1719,1803,84,True
39,325,1719,1872,153,True
41,378,1719,1803,84,True
45,323,1719,1803,84,True
60,350,1719,1818,99,True
72,338,1719,1818,99,True
73,351,1719,1818,99,True
84,331,1719,1818,99,True
87,320,1719,1834,115,True
92,356,1719,1818,99,True
98,320,1719,1818,99,True
3,373,1720,1803,83,True
4,336,1720,1872,152,True
5,341,1720,1872,152,True
8,342,1720,1803,83,True
15,341,1720,1803,83,True
18,333,1720,1833,113,True
20,348,1720,1803,83,True
21,328,1720,1803,83,True
22,373,1720,1833,113,True
29,338,1720,1803,83,True
34,330,1720,1803,83,True
42,361,1720,1803,83,True
47,326,1720,1803,83,True
54,387,1720,1834,114,True
57,331,1720,1818,98,True
60,351,1720,1818,98,True
64,349,1720,1834,114,True
70,355,1720,1818,98,True
74,356,1720,1818,98,True
80,363,1720,1834,114,True
82,355,1720,1818,98,True
93,332,1720,1834,114,True
2,364,1721,1803,82,True
7,333,1721,1803,82,True
9,358,1721,1833,112,True
10,330,1721,1833,112,True
15,342,1721,1803,82,True
18,334,1721,1833,112,True
31,348,1721,1833,112,True
36,360,1721,1872,151,True
44,347,1721,1872,151,True
46,353,1721,1803,82,True
47,327,1721,1803,82,True
48,359,1721,1833,112,True
55,327,1721,1834,113,True
64,350,1721,1834,113,True
65,341,1721,1818,97,True
70,356,1721,1818,97,True
73,352,1721,1818,97,True
75,351,1721,1834,113,True
77,358,1721,1818,97,True
80,364,1721,1834,113,True
83,336,1721,1891,170,True
93,333,1721,1834,113,True
3,374,1722,1803,81,True
11,338,1722,1908,186,True
26,352,1722,1803,81,True
27,346,1722,1872,150,True
43,336,1722,1803,81,True
44,348,1722,1872,150,True
48,360,1722,1833,111,True
50,337,1722,1818,96,True
51,331,1722,1818,96,True
55,328,1722,1834,112,True
62,319,1722,1818,96,True
64,351,1722,1834,112,True
82,356,1722,1818,96,True
83,337,1722,1891,169,True
89,337,1722,1818,96,True
94,362,1722,1818,96,True
96,330,1722,1834,112,True
98,321,1722,1818,96,True
4,337,1723,1872,149,True
11,339,1723,1908,185,True
19,324,1723,1833,110,True
23,356,1723,1803,80,True
27,347,1723,1872,149,True
35,358,1723,1803,80,True
38,324,1723,1872,149,True
39,326,1723,1872,149,True
47,328,1723,1803,80,True
48,361,1723,1833,110,True
56,361,1723,1818,95,True
58,347,1723,1834,111,True
59,354,1723,1818,95,True
64,352,1723,1834,111,True
65,342,1723,1818,95,True
66,341,1723,1834,111,True
67,337,1723,1834,111,True
69,376,1723,1834,111,True
71,344,1723,1818,95,True
75,352,1723,1834,111,True
89,338,1723,1818,95,True
97,330,1723,1818,95,True
10,331,1724,1872,148,True
18,335,1724,1833,109,True
19,325,1724,1833,109,True
20,349,1724,1803,79,True
23,357,1724,1803,79,True
29,339,1724,1814,90,True
32,324,1724,1803,79,True
42,362,1724,1803,79,True
43,337,1724,1833,109,True
46,354,1724,1803,79,True
55,329,1724,1834,110,True
60,352,1724,1818,94,True
62,320,1724,1818,94,True
66,342,1724,1834,110,True
68,354,1724,1818,94,True
74,357,1724,1818,94,True
76,352,1724,1834,110,True
79,321,1724,1818,94,True
85,320,1724,1834,110,True
88,360,1724,1891,167,True
89,339,1724,1818,94,True
90,361,1724,1834,110,True
92,357,1724,1818,94,True
93,334,1724,1834,110,True
8,343,1725,1803,78,True
11,340,1725,1908,183,True
15,343,1725,1803,78,True
21,329,1725,1803,78,True
26,353,1725,1803,78,True
31,349,1725,1833,108,True
42,363,1725,1803,78,True
43,338,1725,1833,108,True
45,324,1725,1803,78,True
48,362,1725,1833,108,True
52,335,1725,,,False
62,321,1725,1818,93,True
64,353,1725,1834,109,True
65,343,1725,1818,93,True
72,339,1725,1818,93,True
82,357,1725,1891,166,True
91,333,1725,1818,93,True
97,331,1725,1818,93,True
99,334,1725,1818,93,True
0,379,1726,1814,88,True
1,325,1726,1803,77,True
10,332,1726,1872,146,True
16,365,1726,1872,146,True
17,310,1726,1872,146,True
18,336,1726,1833,107,True
20,350,1726,1803,77,True
23,358,1726,1803,77,True
29,340,1726,1814,88,True
30,360,1726,1803,77,True
37,349,1726,1872,146,True
38,325,1726,1872,146,True
41,379,1726,1803,77,True
43,339,1726,1833,107,True
44,349,1726,1872,146,True
58,348,1726,1834,108,True
59,355,1726,1834,108,True
61,339,1726,1818,92,True
65,344,1726,1818,92,True
81,307,1726,1818,92,True
83,338,1726,1891,165,True
86,356,1726,1818,92,True
8,344,1727,1803,76,True
21,330,1727,1803,76,True
27,348,1727,1872,145,True
36,361,1727,1872,145,True
40,372,1727,1833,106,True
42,364,1727,1803,76,True
55,330,1727,1834,107,True
57,332,1727,1818,91,True
59,356,1727,1834,107,True
62,322,1727,1818,91,True
67,338,1727,1834,107,True
77,359,1727,1834,107,True
78,364,1727,1834,107,True
83,339,1727,1891,164,True
84,332,1727,1818,91,True
86,357,1727,1818,91,True
92,358,1727,1818,91,True
96,331,1727,1834,107,True
97,332,1727,1818,91,True
2,365,1728,1803,75,True
7,334,1728,1872,144,True
8,345,1728,1803,75,True
13,358,1728,1872,144,True
19,326,1728,1833,105,True
22,374,1728,1833,105,True
24,303,1728,1872,144,True
31,350,1728,1833,105,True
34,331,1728,1803,75,True
41,380,1728,1872,144,True
50,338,1728,1818,90,True
54,388,1728,1834,106,True
59,357,1728,1834,106,True
60,353,1728,1834,106,True
63,357,1728,1834,106,True
65,345,1728,1818,90,True
67,339,1728,1834,106,True
74,358,1728,1818,90,True
86,358,1728,1834,106,True
88,361,1728,1891,163,True
99,335,1728,1834,106,True
3,375,1729,1803,74,True
20,351,1729,1803,74,True
28,364,1729,1833,104,True
29,341,1729,1814,85,True
32,325,1729,1803,74,True
35,359,1729,1833,104,True
36,362,1729,1872,143,True
37,350,1729,1872,143,True
39,327,1729,1908,179,True
41,381,1729,1872,143,True
44,350,1729,1872,143,True
51,332,1729,1818,89,True
58,349,1729,1834,105,True
66,343,1729,1834,105,True
75,353,1729,1834,105,True
80,365,1729,1834,105,True
84,333,1729,1834,105,True
88,362,1729,1891,162,True
93,335,1729,1834,105,True
95,342,1729,1818,89,True
96,332,1729,1834,105,True
97,333,1729,1818,89,True
98,322,1729,1818,89,True
1,326,1730,1803,73,True
3,376,1730,1803,73,True
11,341,1730,1908,178,True
13,359,1730,1872,142,True
14,350,1730,1803,73,True
20,352,1730,1803,73,True
23,359,1730,1803,73,True
25,340,1730,1833,103,True
28,365,1730,1833,103,True
36,363,1730,1872,142,True
43,340,1730,1872,142,True
65,346,1730,1818,88,True
67,340,1730,1834,104,True
72,340,1730,1818,88,True
83,340,1730,1891,161,True
87,321,1730,1834,104,True
97,334,1730,1818,88,True
99,336,1730,1834,104,True
6,356,1731,1833,102,True
33,326,1731,1803,72,True
38,326,1731,1872,141,True
45,325,1731,1803,72,True
49,358,1731,1803,72,True
59,358,1731,1834,103,True
70,357,1731,1818,87,True
72,341,1731,1818,87,True
74,359,1731,1818,87,True
94,363,1731,1834,103,True
97,335,1731,1818,87,True
4,338,1732,1872,140,True
5,342,1732,1872,140,True
10,333,1732,1872,140,True
26,354,1732,1803,71,True
32,326,1732,1872,140,True
38,327,1732,1872,140,True
40,373,1732,1872,140,True
44,351,1732,1872,140,True
46,355,1732,1908,176,True
49,359,1732,1803,71,True
52,336,1732,,,False
54,389,1732,1834,102,True
58,350,1732,1834,102,True
65,347,1732,1818,86,True
69,377,1732,1834,102,True
70,358,1732,1818,86,True
81,308,1732,1834,102,True
88,363,1732,1891,159,True
95,343,1732,1818,86,True
98,323,1732,1818,86,True
99,337,1732,1834,102,True
0,380,1733,1814,81,True
2,366,1733,1833,100,True
9,359,1733,1872,139,True
15,344,1733,1833,100,True
20,353,1733,1818,85,True
23,360,1733,1803,70,True
25,341,1733,1833,100,True
26,355,1733,1872,139,True
37,351,1733,1872,139,True
40,374,1733,1872,139,True
41,382,1733,1872,139,True
48,363,1733,1833,100,True
49,360,1733,1803,70,True
62,323,1733,1818,85,True
64,354,1733,1834,101,True
71,345,1733,1834,101,True
76,353,1733,1834,101,True
79,322,1733,1818,85,True
95,344,1733,1818,85,True
1,327,1734,1803,69,True
7,335,1734,1872,138,True
12,345,1734,1803,69,True
19,327,1734,1872,138,True
22,375,1734,1833,99,True
23,361,1734,1803,69,True
25,342,1734,1833,99,True
33,327,1734,1803,69,True
38,328,1734,1872,138,True
48,364,1734,1833,99,True
50,339,1734,1834,100,True
59,359,1734,1834,100,True
63,358,1734,1834,100,True
65,348,1734,1818,84,True
72,342,1734,1818,84,True
77,360,1734,1834,100,True
80,366,1734,1834,100,True
84,334,1734,1834,100,True
89,340,1734,1834,100,True
93,336,1734,1834,100,True
1,328,1735,1803,68,True
7,336,1735,1872,137,True
17,311,1735,1872,137,True
19,328,1735,1872,137,True
21,331,1735,1803,68,True
27,349,1735,1872,137,True
30,361,1735,1872,137,True
33,328,1735,1803,68,True
37,352,1735,1872,137,True
39,328,1735,1908,173,True
48,365,1735,1833,98,True
53,311,1735,1834,99,True
54,390,1735,1834,99,True
85,321,1735,1834,99,True
94,364,1735,1834,99,True
1,329,1736,1803,67,True
3,377,1736,1872,136,True
5,343,1736,1872,136,True
7,337,1736,1872,136,True
10,334,1736,1872,136,True
12,346,1736,1872,136,True
15,345,1736,1833,97,True
17,312,1736,1872,136,True
31,351,1736,1872,136,True
34,332,1736,1803,67,True
40,375,1736,1872,136,True
41,383,1736,1872,136,True
46,356,1736,1908,172,True
50,340,1736,1834,98,True
53,312,1736,1834,98,True
59,360,1736,1834,98,True
66,344,1736,1834,98,True
68,355,1736,1834,98,True
70,359,1736,1818,82,True
71,346,1736,1834,98,True
73,353,1736,1834,98,True
74,360,1736,1834,98,True
97,336,1736,1818,82,True
0,381,1737,1814,77,True
3,378,1737,1872,135,True
4,339,1737,1872,135,True
6,357,1737,1872,135,True
8,346,1737,1908,171,True
13,360,1737,1872,135,True
14,351,1737,1814,77,True
15,346,1737,1833,96,True
16,366,1737,1872,135,True
28,366,1737,1833,96,True
36,364,1737,1872,135,True
43,341,1737,1872,135,True
50,341,1737,1834,97,True
51,333,1737,1834,97,True
53,313,1737,1834,97,True
63,359,1737,1834,97,True
67,341,1737,1834,97,True
71,347,1737,1834,97,True
72,343,1737,1818,81,True
74,361,1737,1834,97,True
93,337,1737,1834,97,True
98,324,1737,1818,81,True
1,330,1738,1803,65,True
6,358,1738,1872,134,True
8,347,1738,1908,170,True
11,342,1738,1908,170,True
22,376,1738,1872,134,True
31,352,1738,1872,134,True
32,327,1738,1872,134,True
41,384,1738,1872,134,True
50,342,1738,1834,96,True
59,361,1738,1834,96,True
60,354,1738,1834,96,True
67,342,1738,1834,96,True
78,365,1738,1834,96,True
84,335,1738,1834,96,True
86,359,1738,1834,96,True
91,334,1738,1891,153,True
5,344,1739,1872,133,True
15,347,1739,1833,94,True
19,329,1739,1872,133,True
24,304,1739,1872,133,True
27,350,1739,1872,133,True
29,342,1739,1814,75,True
39,329,1739,1908,169,True
47,329,1739,1803,64,True
57,333,1739,1818,79,True
58,351,1739,1834,95,True
61,340,1739,1818,79,True
62,324,1739,1834,95,True
65,349,1739,1834,95,True
80,367,1739,1834,95,True
90,362,1739,1834,95,True
96,333,1739,1834,95,True
99,338,1739,1834,95,True
8,348,1740,1908,168,True
10,335,1740,1872,132,True
16,367,1740,1872,132,True
20,354,1740,1834,94,True
21,332,1740,1803,63,True
25,343,1740,1872,132,True
33,329,1740,1872,132,True
40,376,1740,1872,132,True
44,352,1740,1872,132,True
47,330,1740,1803,63,True
50,343,1740,1834,94,True
56,362,1740,1834,94,True
57,334,1740,1818,78,True
64,355,1740,1834,94,True
80,368,1740,1834,94,True
87,322,1740,1834,94,True
88,364,1740,1891,151,True
89,341,1740,1834,94,True
98,325,1740,1818,78,True
18,337,1741,1872,131,True
21,333,1741,1908,167,True
23,362,1741,1872,131,True
25,344,1741,1872,131,True
35,360,1741,1833,92,True
42,365,1741,1872,131,True
44,353,1741,1872,131,True
51,334,1741,1891,150,True
57,335,1741,1818,77,True
67,343,1741,1834,93,True
73,354,1741,1834,93,True
81,309,1741,1834,93,True
85,322,1741,1834,93,True
86,360,1741,1834,93,True
88,365,1741,1891,150,True
98,326,1741,1834,93,True
99,339,1741,1834,93,True
4,340,1742,1872,130,True
5,345,1742,1872,130,True
18,338,1742,1872,130,True
25,345,1742,1872,130,True
32,328,1742,1872,130,True
35,361,1742,1833,91,True
44,354,1742,1872,130,True
45,326,1742,1833,91,True
52,337,1742,,,False
57,336,1742,1818,76,True
63,360,1742,1834,92,True
66,345,1742,1891,149,True
74,362,1742,1834,92,True
75,354,1742,1834,92,True
76,354,1742,1834,92,True
81,310,1742,1834,92,True
84,336,1742,1834,92,True
91,335,1742,1891,149,True
92,359,1742,1834,92,True
0,382,1743,1908,165,True
2,367,1743,1872,129,True
6,359,1743,1872,129,True
10,336,1743,1872,129,True
12,347,1743,1872,129,True
15,348,1743,1833,90,True
30,362,1743,1872,129,True
31,353,1743,1872,129,True
37,353,1743,1908,165,True
44,355,1743,1872,129,True
49,361,1743,1872,129,True
51,335,1743,1891,148,True
54,391,1743,1834,91,True
59,362,1743,1834,91,True
64,356,1743,1834,91,True
65,350,1743,1834,91,True
69,378,1743,1834,91,True
72,344,1743,1834,91,True
97,337,1743,1834,91,True
1,331,1744,1908,164,True
8,349,1744,1908,164,True
11,343,1744,1908,164,True
20,355,1744,1834,90,True
24,305,1744,1872,128,True
26,356,1744,1872,128,True
29,343,1744,1908,164,True
32,329,1744,1872,128,True
34,333,1744,1833,89,True
38,329,1744,1872,128,True
39,330,1744,1908,164,True
43,342,1744,1872,128,True
47,331,1744,1908,164,True
51,336,1744,1891,147,True
52,338,1744,,,False
68,356,1744,1834,90,True
73,355,1744,1834,90,True
75,355,1744,1834,90,True
78,366,1744,1834,90,True
84,337,1744,1834,90,True
87,323,1744,1834,90,True
98,327,1744,1834,90,True
3,379,1745,1908,163,True
4,341,1745,1872,127,True
9,360,1745,1872,127,True
11,344,1745,1908,163,True
14,352,1745,1908,163,True
16,368,1745,1872,127,True
41,385,1745,1872,127,True
43,343,1745,1872,127,True
52,339,1745,,,False
53,314,1745,1891,146,True
54,392,1745,1834,89,True
60,355,1745,1834,89,True
67,344,1745,1834,89,True
77,361,1745,1834,89,True
80,369,1745,1891,146,True
85,323,1745,1834,89,True
90,363,1745,1891,146,True
8,350,1746,1908,162,True
10,337,1746,1872,126,True
27,351,1746,1872,126,True
28,367,1746,1872,126,True
40,377,1746,1872,126,True
42,366,1746,1872,126,True
45,327,1746,1833,87,True
46,357,1746,1908,162,True
55,331,1746,1834,88,True
61,341,1746,1818,72,True
71,348,1746,1834,88,True
72,345,1746,1834,88,True
77,362,1746,1834,88,True
82,358,1746,1891,145,True
87,324,1746,1834,88,True
88,366,1746,1891,145,True
90,364,1746,1891,145,True
95,345,1746,1891,145,True
11,345,1747,1908,161,True
16,369,1747,1872,125,True
25,346,1747,1872,125,True
27,352,1747,1872,125,True
28,368,1747,1872,125,True
31,354,1747,1872,125,True
32,330,1747,1872,125,True
36,365,1747,1872,125,True
38,330,1747,1872,125,True
46,358,1747,1908,161,True
51,337,1747,1891,144,True
57,337,1747,1818,71,True
61,342,1747,1834,87,True
68,357,1747,1834,87,True
70,360,1747,1834,87,True
76,355,1747,1834,87,True
79,323,1747,1834,87,True
84,338,1747,1834,87,True
85,324,1747,1834,87,True
91,336,1747,1891,144,True
92,360,1747,1834,87,True
95,346,1747,1891,144,True
97,338,1747,1834,87,True
99,340,1747,1834,87,True
4,342,1748,1872,124,True
5,346,1748,1908,160,True
18,339,1748,1872,124,True
25,347,1748,1872,124,True
27,353,1748,1872,124,True
28,369,1748,1872,124,True
47,332,1748,1908,160,True
51,338,1748,1891,143,True
58,352,1748,1834,86,True
60,356,1748,1834,86,True
65,351,1748,1834,86,True
77,363,1748,1834,86,True
89,342,1748,1834,86,True
91,337,1748,1891,143,True
95,347,1748,1891,143,True
96,334,1748,1834,86,True
97,339,1748,1834,86,True
98,328,1748,1834,86,True
4,343,1749,1872,123,True
12,348,1749,1908,159,True
14,353,1749,1908,159,True
22,377,1749,1872,123,True
27,354,1749,1872,123,True
40,378,1749,1908,159,True
49,362,1749,1872,123,True
58,353,1749,1834,85,True
68,358,1749,1834,85,True
75,356,1749,1834,85,True
76,356,1749,1834,85,True
78,367,1749,1834,85,True
80,370,1749,1891,142,True
81,311,1749,1891,142,True
84,339,1749,1834,85,True
86,361,1749,1834,85,True
87,325,1749,1834,85,True
88,367,1749,1891,142,True
92,361,1749,1891,142,True
95,348,1749,1891,142,True
5,347,1750,1908,158,True
11,346,1750,1908,158,True
13,361,1750,1872,122,True
14,354,1750,1908,158,True
22,378,1750,1872,122,True
28,370,1750,1872,122,True
33,330,1750,1908,158,True
36,366,1750,1872,122,True
52,340,1750,,,False
54,393,1750,1834,84,True
55,332,1750,1891,141,True
59,363,1750,1834,84,True
63,361,1750,1834,84,True
72,346,1750,1834,84,True
76,357,1750,1834,84,True
80,371,1750,1891,141,True
81,312,1750,1891,141,True
84,340,1750,1834,84,True
87,326,1750,1834,84,True
90,365,1750,1891,141,True
92,362,1750,1891,141,True
93,338,1750,1834,84,True
94,365,1750,1891,141,True
7,338,1751,1908,157,True
14,355,1751,1908,157,True
35,362,1751,1833,82,True
39,331,1751,1908,157,True
41,386,1751,1908,157,True
42,367,1751,1908,157,True
45,328,1751,1872,121,True
48,366,1751,1872,121,True
54,394,1751,1834,83,True
56,363,1751,1834,83,True
58,354,1751,1834,83,True
64,357,1751,1834,83,True
80,372,1751,1891,140,True
89,343,1751,1834,83,True
98,329,1751,1834,83,True
4,344,1752,1872,120,True
17,313,1752,1872,120,True
21,334,1752,1908,156,True
22,379,1752,1872,120,True
31,355,1752,1872,120,True
34,334,1752,1833,81,True
37,354,1752,1908,156,True
41,387,1752,1908,156,True
42,368,1752,1908,156,True
48,367,1752,1872,120,True
54,395,1752,1834,82,True
67,345,1752,1834,82,True
72,347,1752,1834,82,True
76,358,1752,1834,82,True
78,368,1752,1891,139,True
84,341,1752,1834,82,True
86,362,1752,1834,82,True
90,366,1752,1891,139,True
92,363,1752,1891,139,True
0,383,1753,1908,155,True
2,368,1753,1872,119,True
4,345,1753,1872,119,True
5,348,1753,1908,155,True
10,338,1753,1872,119,True
18,340,1753,1872,119,True
27,355,1753,1872,119,True
28,371,1753,1872,119,True
35,363,1753,1833,80,True
40,379,1753,1908,155,True
50,344,1753,1834,81,True
58,355,1753,1834,81,True
59,364,1753,1834,81,True
65,352,1753,1834,81,True
66,346,1753,1891,138,True
70,361,1753,1834,81,True
71,349,1753,1834,81,True
88,368,1753,1891,138,True
90,367,1753,1891,138,True
92,364,1753,1891,138,True
93,339,1753,1834,81,True
99,341,1753,1834,81,True
0,384,1754,1908,154,True
1,332,1754,1908,154,True
2,369,1754,1872,118,True
8,351,1754,1908,154,True
15,349,1754,1834,80,True
16,370,1754,1872,118,True
17,314,1754,1872,118,True
18,341,1754,1872,118,True
20,356,1754,1834,80,True
23,363,1754,1872,118,True
25,348,1754,1872,118,True
34,335,1754,1833,79,True
35,364,1754,1833,79,True
41,388,1754,1908,154,True
42,369,1754,1908,154,True
46,359,1754,1908,154,True
47,333,1754,1908,154,True
56,364,1754,1834,80,True
60,357,1754,1834,80,True
65,353,1754,1834,80,True
66,347,1754,1891,137,True
69,379,1754,1834,80,True
70,362,1754,1834,80,True
73,356,1754,1834,80,True
83,341,1754,1891,137,True
90,368,1754,1891,137,True
95,349,1754,1891,137,True
0,385,1755,1908,153,True
21,335,1755,1908,153,True
22,380,1755,1872,117,True
31,356,1755,1872,117,True
33,331,1755,1908,153,True
42,370,1755,1908,153,True
45,329,1755,1872,117,True
56,365,1755,1834,79,True
58,356,1755,1834,79,True
64,358,1755,1834,79,True
73,357,1755,1834,79,True
76,359,1755,1834,79,True
78,369,1755,1891,136,True
81,313,1755,1891,136,True
82,359,1755,1891,136,True
93,340,1755,1834,79,True
95,350,1755,1891,136,True
9,361,1756,1908,152,True
24,306,1756,1872,116,True
28,372,1756,1872,116,True
32,331,1756,1908,152,True
36,367,1756,1872,116,True
38,331,1756,1872,116,True
45,330,1756,1872,116,True
46,360,1756,1908,152,True
50,345,1756,1834,78,True
51,339,1756,1891,135,True
59,365,1756,1834,78,True
60,358,1756,1834,78,True
61,343,1756,1834,78,True
62,325,1756,1834,78,True
63,362,1756,1891,135,True
68,359,1756,1891,135,True
69,380,1756,1834,78,True
73,358,1756,1834,78,True
76,360,1756,1834,78,True
84,342,1756,1834,78,True
85,325,1756,1834,78,True
88,369,1756,1891,135,True
90,369,1756,1891,135,True
91,338,1756,1891,135,True
0,386,1757,1908,151,True
1,333,1757,1908,151,True
5,349,1757,1908,151,True
14,356,1757,1908,151,True
17,315,1757,1872,115,True
18,342,1757,1872,115,True
19,330,1757,1872,115,True
20,357,1757,1834,77,True
21,336,1757,1908,151,True
22,381,1757,1872,115,True
25,349,1757,1872,115,True
37,355,1757,1908,151,True
46,361,1757,1908,151,True
51,340,1757,1891,134,True
61,344,1757,1834,77,True
81,314,1757,1891,134,True
84,343,1757,1834,77,True
85,326,1757,1834,77,True
88,370,1757,1891,134,True
90,370,1757,1891,134,True
98,330,1757,1834,77,True
99,342,1757,1834,77,True
0,387,1758,1908,150,True
1,334,1758,1908,150,True
2,370,1758,1872,114,True
7,339,1758,1908,150,True
16,371,1758,1872,114,True
20,358,1758,1834,76,True
31,357,1758,1872,114,True
34,336,1758,1834,76,True
36,368,1758,1908,150,True
40,380,1758,1908,150,True
42,371,1758,1908,150,True
62,326,1758,1834,76,True
63,363,1758,1891,133,True
66,348,1758,1891,133,True
84,344,1758,1834,76,True
86,363,1758,1834,76,True
89,344,1758,1834,76,True
92,365,1758,1891,133,True
1,335,1759,1908,149,True
4,346,1759,1872,113,True
11,347,1759,1908,149,True
14,357,1759,1908,149,True
16,372,1759,1872,113,True
19,331,1759,1872,113,True
28,373,1759,1872,113,True
29,344,1759,1908,149,True
37,356,1759,1908,149,True
48,368,1759,1872,113,True
49,363,1759,1908,149,True
50,346,1759,1834,75,True
51,341,1759,1891,132,True
57,338,1759,1834,75,True
65,354,1759,1834,75,True
68,360,1759,1891,132,True
70,363,1759,1834,75,True
72,348,1759,1834,75,True
76,361,1759,1834,75,True
87,327,1759,1834,75,True
89,345,1759,1834,75,True
1,336,1760,1908,148,True
9,362,1760,1908,148,True
18,343,1760,1872,112,True
24,307,1760,1872,112,True
39,332,1760,1908,148,True
51,342,1760,1891,131,True
54,396,1760,1834,74,True
55,333,1760,1891,131,True
56,366,1760,1834,74,True
57,339,1760,1834,74,True
65,355,1760,1834,74,True
72,349,1760,1834,74,True
74,363,1760,1834,74,True
0,388,1761,1908,147,True
9,363,1761,1908,147,True
12,349,1761,1908,147,True
15,350,1761,1834,73,True
22,382,1761,1872,111,True
31,358,1761,1872,111,True
33,332,1761,1908,147,True
35,365,1761,1872,111,True
38,332,1761,1872,111,True
45,331,1761,1872,111,True
48,369,1761,1872,111,True
54,397,1761,1834,73,True
56,367,1761,1834,73,True
61,345,1761,1834,73,True
62,327,1761,1834,73,True
69,381,1761,1834,73,True
70,364,1761,1834,73,True
71,350,1761,1834,73,True
73,359,1761,1834,73,True
77,364,1761,1834,73,True
79,324,1761,1834,73,True
81,315,1761,1891,130,True
82,360,1761,1891,130,True
83,342,1761,1891,130,True
84,345,1761,1834,73,True
92,366,1761,1891,130,True
99,343,1761,1834,73,True
8,352,1762,1908,146,True
15,351,1762,1834,72,True
20,359,1762,1834,72,True
28,374,1762,1872,110,True
31,359,1762,1872,110,True
33,333,1762,1908,146,True
34,337,1762,1872,110,True
38,333,1762,1872,110,True
39,333,1762,1908,146,True
51,343,1762,1891,129,True
70,365,1762,1834,72,True
84,346,1762,1834,72,True
86,364,1762,1834,72,True
87,328,1762,1834,72,True
90,371,1762,1891,129,True
11,348,1763,1908,145,True
14,358,1763,1908,145,True
18,344,1763,1872,109,True
19,332,1763,1908,145,True
24,308,1763,1872,109,True
33,334,1763,1908,145,True
45,332,1763,1872,109,True
53,315,1763,1891,128,True
56,368,1763,1834,71,True
57,340,1763,1834,71,True
70,366,1763,1834,71,True
74,364,1763,1834,71,True
77,365,1763,1834,71,True
85,327,1763,1834,71,True
96,335,1763,1891,128,True
99,344,1763,1834,71,True
2,371,1764,1872,108,True
5,350,1764,1908,144,True
12,350,1764,1908,144,True
32,332,1764,1908,144,True
42,372,1764,1908,144,True
43,344,1764,1872,108,True
55,334,1764,1891,127,True
59,366,1764,1834,70,True
64,359,1764,1834,70,True
65,356,1764,1891,127,True
68,361,1764,1891,127,True
79,325,1764,1834,70,True
80,373,1764,1891,127,True
93,341,1764,1834,70,True
0,389,1765,1908,143,True
3,380,1765,1908,143,True
12,351,1765,1908,143,True
16,373,1765,1908,143,True
18,345,1765,1872,107,True
19,333,1765,1908,143,True
21,337,1765,1908,143,True
22,383,1765,1872,107,True
27,356,1765,1872,107,True
28,375,1765,1872,107,True
33,335,1765,1908,143,True
42,373,1765,1908,143,True
57,341,1765,1834,69,True
59,367,1765,1834,69,True
60,359,1765,1891,126,True
75,357,1765,1834,69,True
76,362,1765,1834,69,True
86,365,1765,1834,69,True
87,329,1765,1891,126,True
97,340,1765,1891,126,True
3,381,1766,1908,142,True
4,347,1766,1872,106,True
6,360,1766,1872,106,True
15,352,1766,1834,68,True
16,374,1766,1908,142,True
17,316,1766,1872,106,True
20,360,1766,1834,68,True
27,357,1766,1872,106,True
40,381,1766,1908,142,True
49,364,1766,1908,142,True
50,347,1766,1834,68,True
54,398,1766,1834,68,True
66,349,1766,1891,125,True
79,326,1766,1834,68,True
87,330,1766,1891,125,True
90,372,1766,1891,125,True
98,331,1766,1834,68,True
14,359,1767,1908,141,True
22,384,1767,1872,105,True
23,364,1767,1908,141,True
25,350,1767,1872,105,True
30,363,1767,1872,105,True
31,360,1767,1872,105,True
35,366,1767,1872,105,True
36,369,1767,1908,141,True
41,389,1767,1908,141,True
49,365,1767,1908,141,True
51,344,1767,1891,124,True
53,316,1767,1891,124,True
61,346,1767,1834,67,True
64,360,1767,1834,67,True
66,350,1767,1891,124,True
67,346,1767,1891,124,True
73,360,1767,1834,67,True
75,358,1767,1834,67,True
76,363,1767,1834,67,True
78,370,1767,1891,124,True
80,374,1767,1891,124,True
81,316,1767,1891,124,True
95,351,1767,1891,124,True
2,372,1768,1872,104,True
9,364,1768,1908,140,True
18,346,1768,1872,104,True
23,365,1768,1908,140,True
26,357,1768,1908,140,True
32,333,1768,1908,140,True
46,362,1768,1908,140,True
53,317,1768,1891,123,True
54,399,1768,1834,66,True
60,360,1768,1891,123,True
66,351,1768,1891,123,True
68,362,1768,1891,123,True
71,351,1768,1834,66,True
82,361,1768,1891,123,True
85,328,1768,1834,66,True
86,366,1768,1834,66,True
96,336,1768,1891,123,True
1,337,1769,1908,139,True
2,373,1769,1872,103,True
4,348,1769,1908,139,True
24,309,1769,1872,103,True
33,336,1769,1908,139,True
35,367,1769,1872,103,True
36,370,1769,1908,139,True
45,333,1769,1872,103,True
61,347,1769,1834,65,True
62,328,1769,1891,122,True
63,364,1769,1891,122,True
64,361,1769,1834,65,True
65,357,1769,1891,122,True
82,362,1769,1891,122,True
94,366,1769,1891,122,True
0,390,1770,1908,138,True
2,374,1770,1908,138,True
10,339,1770,1908,138,True
16,375,1770,1908,138,True
26,358,1770,1908,138,True
27,358,1770,1908,138,True
32,334,1770,1908,138,True
36,371,1770,1908,138,True
39,334,1770,1908,138,True
43,345,1770,1908,138,True
51,345,1770,1891,121,True
52,341,1770,,,False
53,318,1770,1891,121,True
54,400,1770,1834,64,True
60,361,1770,1891,121,True
70,367,1770,1834,64,True
74,365,1770,1834,64,True
76,364,1770,1834,64,True
80,375,1770,1891,121,True
83,343,1770,1891,121,True
86,367,1770,1834,64,True
87,331,1770,1891,121,True
91,339,1770,1891,121,True
97,341,1770,1891,121,True
13,362,1771,1908,137,True
23,366,1771,1908,137,True
27,359,1771,1908,137,True
30,364,1771,1872,101,True
31,361,1771,1872,101,True
34,338,1771,1872,101,True
35,368,1771,1872,101,True
41,390,1771,1908,137,True
42,374,1771,1908,137,True
45,334,1771,1872,101,True
49,366,1771,1908,137,True
50,348,1771,1834,63,True
51,346,1771,1891,120,True
63,365,1771,1891,120,True
65,358,1771,1891,120,True
71,352,1771,1891,120,True
74,366,1771,1834,63,True
77,366,1771,1834,63,True
78,371,1771,1891,120,True
84,347,1771,1891,120,True
94,367,1771,1891,120,True
4,349,1772,1908,136,True
6,361,1772,1908,136,True
8,353,1772,1908,136,True
28,376,1772,1908,136,True
33,337,1772,1908,136,True
41,391,1772,1908,136,True
43,346,1772,1908,136,True
44,356,1772,1908,136,True
53,319,1772,1891,119,True
54,401,1772,1834,62,True
62,329,1772,1891,119,True
65,359,1772,1891,119,True
72,350,1772,1834,62,True
75,359,1772,1834,62,True
89,346,1772,1925,153,True
93,342,1772,1891,119,True
1,338,1773,1908,135,True
2,375,1773,1908,135,True
12,352,1773,1908,135,True
14,360,1773,1908,135,True
15,353,1773,1872,99,True
18,347,1773,1908,135,True
34,339,1773,1872,99,True
44,357,1773,1908,135,True
46,363,1773,1908,135,True
50,349,1773,1834,61,True
54,402,1773,1891,118,True
60,362,1773,1891,118,True
61,348,1773,1834,61,True
63,366,1773,1891,118,True
68,363,1773,1891,118,True
74,367,1773,1891,118,True
78,372,1773,1891,118,True
79,327,1773,1891,118,True
81,317,1773,1891,118,True
85,329,1773,1834,61,True
93,343,1773,1891,118,True
97,342,1773,1891,118,True
99,345,1773,1834,61,True
2,376,1774,1908,134,True
4,350,1774,1908,134,True
5,351,1774,1908,134,True
9,365,1774,1908,134,True
25,351,1774,1908,134,True
28,377,1774,1908,134,True
31,362,1774,1872,98,True
32,335,1774,1908,134,True
48,370,1774,1908,134,True
49,367,1774,1908,134,True
51,347,1774,1891,117,True
54,403,1774,1891,117,True
55,335,1774,1891,117,True
57,342,1774,1834,60,True
59,368,1774,1834,60,True
66,352,1774,1891,117,True
70,368,1774,1834,60,True
74,368,1774,1891,117,True
78,373,1774,1891,117,True
80,376,1774,1891,117,True
83,344,1774,1891,117,True
89,347,1774,1925,151,True
6,362,1775,1908,133,True
13,363,1775,1908,133,True
19,334,1775,1908,133,True
20,361,1775,1872,97,True
22,385,1775,1872,97,True
24,310,1775,1908,133,True
33,338,1775,1908,133,True
34,340,1775,1872,97,True
40,382,1775,1908,133,True
46,364,1775,1908,133,True
49,368,1775,1908,133,True
56,369,1775,1834,59,True
65,360,1775,1891,116,True
79,328,1775,1891,116,True
81,318,1775,1891,116,True
90,373,1775,1891,116,True
91,340,1775,1891,116,True
96,337,1775,1891,116,True
97,343,1775,1891,116,True
1,339,1776,1908,132,True
2,377,1776,1908,132,True
5,352,1776,1908,132,True
7,340,1776,1908,132,True
8,354,1776,1908,132,True
9,366,1776,1908,132,True
10,340,1776,1908,132,True
15,354,1776,1872,96,True
16,376,1776,1908,132,True
22,386,1776,1908,132,True
36,372,1776,1908,132,True
49,369,1776,1908,132,True
52,342,1776,,,False
58,357,1776,1891,115,True
60,363,1776,1891,115,True
66,353,1776,1891,115,True
70,369,1776,1834,58,True
74,369,1776,1891,115,True
75,360,1776,1891,115,True
77,367,1776,1891,115,True
84,348,1776,1891,115,True
88,371,1776,1891,115,True
97,344,1776,1891,115,True
10,341,1777,1908,131,True
16,377,1777,1908,131,True
27,360,1777,1908,131,True
28,378,1777,1908,131,True
29,345,1777,1908,131,True
31,363,1777,1872,95,True
42,375,1777,1908,131,True
43,347,1777,1908,131,True
52,343,1777,,,False
58,358,1777,1891,114,True
62,330,1777,1891,114,True
63,367,1777,1891,114,True
68,364,1777,1891,114,True
69,382,1777,1891,114,True
73,361,1777,1834,57,True
74,370,1777,1891,114,True
76,365,1777,1834,57,True
78,374,1777,1891,114,True
95,352,1777,1891,114,True
4,351,1778,1908,130,True
9,367,1778,1908,130,True
10,342,1778,1908,130,True
18,348,1778,1908,130,True
31,364,1778,1872,94,True
37,357,1778,1908,130,True
44,358,1778,1908,130,True
58,359,1778,1891,113,True
60,364,1778,1891,113,True
61,349,1778,1834,56,True
62,331,1778,1891,113,True
65,361,1778,1891,113,True
68,365,1778,1891,113,True
69,383,1778,1891,113,True
71,353,1778,1891,113,True
73,362,1778,1834,56,True
74,371,1778,1891,113,True
79,329,1778,1891,113,True
92,367,1778,1891,113,True
0,391,1779,1908,129,True
1,340,1779,1908,129,True
9,368,1779,1908,129,True
13,364,1779,1908,129,True
20,362,1779,1872,93,True
32,336,1779,1908,129,True
38,334,1779,1908,129,True
50,350,1779,1834,55,True
51,348,1779,1891,112,True
54,404,1779,1891,112,True
57,343,1779,1834,55,True
62,332,1779,1891,112,True
64,362,1779,1834,55,True
68,366,1779,1891,112,True
80,377,1779,1891,112,True
89,348,1779,1925,146,True
90,374,1779,1891,112,True
97,345,1779,1891,112,True
14,361,1780,1908,128,True
15,355,1780,1872,92,True
16,378,1780,1908,128,True
17,317,1780,1908,128,True
21,338,1780,1908,128,True
27,361,1780,1908,128,True
36,373,1780,1908,128,True
40,383,1780,1908,128,True
57,344,1780,1891,111,True
58,360,1780,1891,111,True
59,369,1780,1891,111,True
60,365,1780,1891,111,True
63,368,1780,1891,111,True
67,347,1780,1891,111,True
69,384,1780,1891,111,True
70,370,1780,1834,54,True
73,363,1780,1834,54,True
87,332,1780,1891,111,True
94,368,1780,1891,111,True
1,341,1781,1908,127,True
6,363,1781,1908,127,True
9,369,1781,1908,127,True
10,343,1781,1908,127,True
16,379,1781,1908,127,True
25,352,1781,1908,127,True
27,362,1781,1908,127,True
32,337,1781,1908,127,True
38,335,1781,1908,127,True
49,370,1781,1908,127,True
51,349,1781,1891,110,True
53,320,1781,1891,110,True
54,405,1781,1891,110,True
60,366,1781,1891,110,True
74,372,1781,1891,110,True
75,361,1781,1891,110,True
76,366,1781,1834,53,True
77,368,1781,1891,110,True
78,375,1781,1891,110,True
83,345,1781,1891,110,True
94,369,1781,1891,110,True
95,353,1781,1891,110,True
97,346,1781,1891,110,True
1,342,1782,1908,126,True
3,382,1782,1908,126,True
13,365,1782,1908,126,True
31,365,1782,1908,126,True
32,338,1782,1908,126,True
44,359,1782,1908,126,True
48,371,1782,1908,126,True
52,344,1782,,,False
71,354,1782,1891,109,True
79,330,1782,1891,109,True
83,346,1782,1891,109,True
87,333,1782,1891,109,True
93,344,1782,1891,109,True
95,354,1782,1891,109,True
3,383,1783,1908,125,True
8,355,1783,1908,125,True
15,356,1783,1872,89,True
16,380,1783,1908,125,True
21,339,1783,1908,125,True
30,365,1783,1872,89,True
47,334,1783,1908,125,True
51,350,1783,1891,108,True
53,321,1783,1891,108,True
57,345,1783,1891,108,True
70,371,1783,1834,51,True
73,364,1783,1891,108,True
81,319,1783,1891,108,True
92,368,1783,1891,108,True
95,355,1783,1891,108,True
97,347,1783,1891,108,True
99,346,1783,1891,108,True
26,359,1784,1908,124,True
37,358,1784,1908,124,True
39,335,1784,1908,124,True
49,371,1784,1908,124,True
55,336,1784,1891,107,True
57,346,1784,1891,107,True
61,350,1784,1834,50,True
67,348,1784,1891,107,True
68,367,1784,1891,107,True
83,347,1784,1891,107,True
89,349,1784,1925,141,True
90,375,1784,1891,107,True
1,343,1785,1908,123,True
8,356,1785,1908,123,True
13,366,1785,1908,123,True
25,353,1785,1908,123,True
27,363,1785,1908,123,True
29,346,1785,1908,123,True
36,374,1785,1908,123,True
37,359,1785,1908,123,True
42,376,1785,1908,123,True
44,360,1785,1908,123,True
53,322,1785,1891,106,True
55,337,1785,1891,106,True
65,362,1785,1891,106,True
71,355,1785,1891,106,True
73,365,1785,1891,106,True
80,378,1785,1891,106,True
81,320,1785,1891,106,True
86,368,1785,1891,106,True
89,350,1785,1925,140,True
91,341,1785,1891,106,True
96,338,1785,1891,106,True
97,348,1785,1891,106,True
7,341,1786,1908,122,True
9,370,1786,1908,122,True
17,318,1786,1908,122,True
29,347,1786,1908,122,True
30,366,1786,1908,122,True
31,366,1786,1908,122,True
37,360,1786,1908,122,True
38,336,1786,1908,122,True
39,336,1786,1908,122,True
40,384,1786,1908,122,True
52,345,1786,,,False
53,323,1786,1891,105,True
54,406,1786,1891,105,True
59,370,1786,1891,105,True
61,351,1786,1891,105,True
63,369,1786,1891,105,True
64,363,1786,1891,105,True
76,367,1786,1891,105,True
89,351,1786,1925,139,True
97,349,1786,1891,105,True
98,332,1786,1891,105,True
4,352,1787,1908,121,True
18,349,1787,1908,121,True
22,387,1787,1908,121,True
27,364,1787,1908,121,True
28,379,1787,1908,121,True
34,341,1787,1908,121,True
40,385,1787,1908,121,True
43,348,1787,1908,121,True
47,335,1787,1908,121,True
51,351,1787,1891,104,True
59,371,1787,1891,104,True
62,333,1787,1891,104,True
70,372,1787,1891,104,True
82,363,1787,1925,138,True
92,369,1787,1891,104,True
98,333,1787,1891,104,True
4,353,1788,1908,120,True
5,353,1788,1908,120,True
16,381,1788,1908,120,True
23,367,1788,1908,120,True
25,354,1788,1908,120,True
32,339,1788,1908,120,True
37,361,1788,1908,120,True
40,386,1788,1908,120,True
43,349,1788,1908,120,True
45,335,1788,1872,84,True
54,407,1788,1891,103,True
55,338,1788,1891,103,True
57,347,1788,1891,103,True
59,372,1788,1891,103,True
64,364,1788,1891,103,True
66,354,1788,1891,103,True
71,356,1788,1891,103,True
76,368,1788,1891,103,True
79,331,1788,1891,103,True
80,379,1788,1891,103,True
81,321,1788,1891,103,True
84,349,1788,1891,103,True
91,342,1788,1891,103,True
97,350,1788,1891,103,True
3,384,1789,1908,119,True
22,388,1789,1908,119,True
23,368,1789,1908,119,True
39,337,1789,1908,119,True
43,350,1789,1908,119,True
46,365,1789,1908,119,True
62,334,1789,1891,102,True
68,368,1789,1891,102,True
70,373,1789,1891,102,True
71,357,1789,1891,102,True
74,373,1789,1891,102,True
75,362,1789,1891,102,True
83,348,1789,1891,102,True
0,392,1790,1908,118,True
4,354,1790,1908,118,True
14,362,1790,1908,118,True
18,350,1790,1908,118,True
25,355,1790,1908,118,True
28,380,1790,1908,118,True
33,339,1790,1908,118,True
37,362,1790,1908,118,True
39,338,1790,1908,118,True
43,351,1790,1908,118,True
44,361,1790,1908,118,True
48,372,1790,1908,118,True
52,346,1790,,,False
61,352,1790,1891,101,True
64,365,1790,1891,101,True
68,369,1790,1891,101,True
69,385,1790,1891,101,True
70,374,1790,1891,101,True
79,332,1790,1891,101,True
89,352,1790,1925,135,True
94,370,1790,1891,101,True
95,356,1790,1891,101,True
3,385,1791,1908,117,True
12,353,1791,1908,117,True
16,382,1791,1908,117,True
29,348,1791,1908,117,True
31,367,1791,1908,117,True
42,377,1791,1908,117,True
43,352,1791,1908,117,True
57,348,1791,1891,100,True
58,361,1791,1891,100,True
59,373,1791,1891,100,True
88,372,1791,1925,134,True
89,353,1791,1925,134,True
93,345,1791,1891,100,True
94,371,1791,1891,100,True
96,339,1791,1891,100,True
2,378,1792,1908,116,True
12,354,1792,1908,116,True
18,351,1792,1908,116,True
21,340,1792,1908,116,True
28,381,1792,1908,116,True
31,368,1792,1908,116,True
40,387,1792,1908,116,True
42,378,1792,1908,116,True
46,366,1792,1908,116,True
48,373,1792,1908,116,True
59,374,1792,1891,99,True
62,335,1792,1891,99,True
67,349,1792,1891,99,True
74,374,1792,1891,99,True
77,369,1792,1891,99,True
91,343,1792,1891,99,True
0,393,1793,1908,115,True
3,386,1793,1908,115,True
4,355,1793,1908,115,True
6,364,1793,1908,115,True
7,342,1793,1908,115,True
9,371,1793,1908,115,True
10,344,1793,1908,115,True
12,355,1793,1908,115,True
15,357,1793,1872,79,True
25,356,1793,1908,115,True
27,365,1793,1908,115,True
28,382,1793,1908,115,True
32,340,1793,1908,115,True
45,336,1793,1872,79,True
51,352,1793,1891,98,True
54,408,1793,1891,98,True
55,339,1793,1891,98,True
57,349,1793,1891,98,True
59,375,1793,1891,98,True
60,367,1793,1891,98,True
68,370,1793,1891,98,True
70,375,1793,1891,98,True
72,351,1793,1891,98,True
75,363,1793,1891,98,True
78,376,1793,1891,98,True
79,333,1793,1891,98,True
81,322,1793,1891,98,True
82,364,1793,1925,132,True
88,373,1793,1925,132,True
89,354,1793,1925,132,True
90,376,1793,1891,98,True
94,372,1793,1891,98,True
3,387,1794,1908,114,True
5,354,1794,1908,114,True
13,367,1794,1908,114,True
15,358,1794,1872,78,True
16,383,1794,1908,114,True
19,335,1794,1908,114,True
21,341,1794,1908,114,True
36,375,1794,1908,114,True
38,337,1794,1908,114,True
41,392,1794,1908,114,True
42,379,1794,1908,114,True
46,367,1794,1908,114,True
54,409,1794,1891,97,True
65,363,1794,1891,97,True
75,364,1794,1891,97,True
77,370,1794,1891,97,True
80,380,1794,1891,97,True
81,323,1794,1891,97,True
89,355,1794,1925,131,True
98,334,1794,1891,97,True
3,388,1795,1908,113,True
9,372,1795,1908,113,True
13,368,1795,1908,113,True
15,359,1795,1872,77,True
24,311,1795,1908,113,True
31,369,1795,1908,113,True
34,342,1795,1908,113,True
44,362,1795,1908,113,True
48,374,1795,1908,113,True
50,351,1795,1891,96,True
56,370,1795,1891,96,True
80,381,1795,1891,96,True
97,351,1795,1891,96,True
2,379,1796,1908,112,True
9,373,1796,1908,112,True
10,345,1796,1908,112,True
13,369,1796,1908,112,True
23,369,1796,1908,112,True
26,360,1796,1908,112,True
27,366,1796,1908,112,True
32,341,1796,1908,112,True
33,340,1796,1908,112,True
44,363,1796,1908,112,True
48,375,1796,1908,112,True
49,372,1796,1908,112,True
50,352,1796,1891,95,True
57,350,1796,1891,95,True
58,362,1796,1891,95,True
59,376,1796,1891,95,True
64,366,1796,1891,95,True
69,386,1796,1891,95,True
72,352,1796,1891,95,True
82,365,1796,1925,129,True
83,349,1796,1891,95,True
85,330,1796,1891,95,True
91,344,1796,1891,95,True
92,370,1796,1891,95,True
93,346,1796,1891,95,True
94,373,1796,1925,129,True
3,389,1797,1908,111,True
8,357,1797,1908,111,True
9,374,1797,1908,111,True
15,360,1797,1872,75,True
19,336,1797,1908,111,True
20,363,1797,1872,75,True
34,343,1797,1908,111,True
43,353,1797,1908,111,True
44,364,1797,1908,111,True
45,337,1797,1908,111,True
48,376,1797,1908,111,True
49,373,1797,1908,111,True
53,324,1797,1891,94,True
55,340,1797,1891,94,True
58,363,1797,1891,94,True
62,336,1797,1891,94,True
64,367,1797,1891,94,True
81,324,1797,1891,94,True
85,331,1797,1891,94,True
86,369,1797,1891,94,True
87,334,1797,1891,94,True
88,374,1797,1925,128,True
95,357,1797,1891,94,True
2,380,1798,1908,110,True
4,356,1798,1908,110,True
6,365,1798,1908,110,True
17,319,1798,1908,110,True
18,352,1798,1908,110,True
21,342,1798,1908,110,True
22,389,1798,1908,110,True
23,370,1798,1908,110,True
33,341,1798,1908,110,True
43,354,1798,1908,110,True
44,365,1798,1908,110,True
59,377,1798,1891,93,True
60,368,1798,1891,93,True
73,366,1798,1891,93,True
80,382,1798,1891,93,True
83,350,1798,1891,93,True
85,332,1798,1891,93,True
89,356,1798,1925,127,True
93,347,1798,1891,93,True
2,381,1799,1908,109,True
3,390,1799,1908,109,True
6,366,1799,1908,109,True
10,346,1799,1908,109,True
13,370,1799,1908,109,True
15,361,1799,1908,109,True
17,320,1799,1908,109,True
25,357,1799,1908,109,True
38,338,1799,1908,109,True
49,374,1799,1908,109,True
51,353,1799,1891,92,True
52,347,1799,,,False
59,378,1799,1891,92,True
64,368,1799,1891,92,True
67,350,1799,1891,92,True
76,369,1799,1891,92,True
79,334,1799,1891,92,True
83,351,1799,1891,92,True
87,335,1799,1891,92,True
91,345,1799,1891,92,True
92,371,1799,1925,126,True
95,358,1799,1891,92,True
99,347,1799,1891,92,True
2,382,1800,1908,108,True
8,358,1800,1908,108,True
9,375,1800,1908,108,True
12,356,1800,1908,108,True
13,371,1800,1908,108,True
14,363,1800,1908,108,True
16,384,1800,1908,108,True
21,343,1800,1908,108,True
22,390,1800,1908,108,True
26,361,1800,1908,108,True
27,367,1800,1908,108,True
39,339,1800,1908,108,True
40,388,1800,1908,108,True
45,338,1800,1908,108,True
52,348,1800,,,False
55,341,1800,1891,91,True
63,370,1800,1892,92,True
64,369,1800,1891,91,True
72,353,1800,1891,91,True
74,375,1800,1891,91,True
77,371,1800,1891,91,True
86,370,1800,1891,91,True
88,375,1800,1925,125,True
89,357,1800,1925,125,True
93,348,1800,1925,125,True
94,374,1800,1925,125,True
99,348,1800,1891,91,True
0,394,1801,1908,107,True
1,344,1801,1908,107,True
2,383,1801,1908,107,True
3,391,1801,1908,107,True
4,357,1801,1908,107,True
15,362,1801,1908,107,True
28,383,1801,1908,107,True
35,369,1801,1908,107,True
37,363,1801,1908,107,True
42,380,1801,1908,107,True
43,355,1801,1908,107,True
51,354,1801,1891,90,True
52,349,1801,,,False
54,410,1801,1925,124,True
59,379,1801,1891,90,True
63,371,1801,1892,91,True
64,370,1801,1891,90,True
66,355,1801,1892,91,True
68,371,1801,1891,90,True
69,387,1801,1891,90,True
80,383,1801,1891,90,True
81,325,1801,1925,124,True
82,366,1801,1925,124,True
89,358,1801,1925,124,True
98,335,1801,1891,90,True
0,395,1802,1908,106,True
5,355,1802,1908,106,True
7,343,1802,1908,106,True
12,357,1802,1908,106,True
31,370,1802,1908,106,True
32,342,1802,1908,106,True
39,340,1802,1908,106,True
42,381,1802,1908,106,True
45,339,1802,1908,106,True
48,377,1802,1908,106,True
50,353,1802,1891,89,True
61,353,1802,1891,89,True
64,371,1802,1891,89,True
70,376,1802,1891,89,True
72,354,1802,1891,89,True
76,370,1802,1891,89,True
84,350,1802,1900,98,True
87,336,1802,1891,89,True
91,346,1802,1891,89,True
96,340,1802,1925,123,True
99,349,1802,1925,123,True
9,376,1803,1908,105,True
13,372,1803,1908,105,True
17,321,1803,1908,105,True
21,344,1803,1908,105,True
30,367,1803,1908,105,True
34,344,1803,1908,105,True
36,376,1803,1908,105,True
38,339,1803,1908,105,True
42,382,1803,1908,105,True
46,368,1803,1908,105,True
50,354,1803,1891,88,True
54,411,1803,1925,122,True
55,342,1803,1891,88,True
56,371,1803,1900,97,True
58,364,1803,1891,88,True
59,380,1803,1891,88,True
67,351,1803,1891,88,True
69,388,1803,1891,88,True
77,372,1803,1891,88,True
84,351,1803,1900,97,True
87,337,1803,1891,88,True
89,359,1803,1925,122,True
90,377,1803,1891,88,True
96,341,1803,1925,122,True
99,350,1803,1925,122,True
4,358,1804,1908,104,True
6,367,1804,1908,104,True
15,363,1804,1908,104,True
25,358,1804,1908,104,True
33,342,1804,1908,104,True
37,364,1804,1908,104,True
39,341,1804,1908,104,True
40,389,1804,1908,104,True
41,393,1804,1908,104,True
42,383,1804,1908,104,True
45,340,1804,1908,104,True
49,375,1804,1908,104,True
52,350,1804,,,False
59,381,1804,1891,87,True
66,356,1804,1892,88,True
69,389,1804,1891,87,True
75,365,1804,1891,87,True
76,371,1804,1891,87,True
79,335,1804,1900,96,True
89,360,1804,1925,121,True
92,372,1804,1925,121,True
93,349,1804,1925,121,True
98,336,1804,1891,87,True
4,359,1805,1908,103,True
9,377,1805,1908,103,True
17,322,1805,1908,103,True
23,371,1805,1908,103,True
25,359,1805,1908,103,True
29,349,1805,1908,103,True
36,377,1805,1908,103,True
43,356,1805,1908,103,True
44,366,1805,1908,103,True
46,369,1805,1908,103,True
53,325,1805,1950,145,True
54,412,1805,1925,120,True
61,354,1805,1891,86,True
69,390,1805,1891,86,True
80,384,1805,1891,86,True
88,376,1805,1925,120,True
92,373,1805,1925,120,True
4,360,1806,1908,102,True
12,358,1806,1908,102,True
22,391,1806,1919,113,True
23,372,1806,1908,102,True
28,384,1806,1908,102,True
36,378,1806,1908,102,True
44,367,1806,1908,102,True
56,372,1806,1900,94,True
62,337,1806,1891,85,True
69,391,1806,1891,85,True
71,358,1806,1891,85,True
72,355,1806,1891,85,True
79,336,1806,1900,94,True
84,352,1806,1900,94,True
86,371,1806,1891,85,True
96,342,1806,1925,119,True
5,356,1807,1908,101,True
6,368,1807,1908,101,True
7,344,1807,1908,101,True
14,364,1807,1908,101,True
16,385,1807,1908,101,True
17,323,1807,1908,101,True
18,353,1807,1908,101,True
28,385,1807,1908,101,True
35,370,1807,1908,101,True
42,384,1807,1908,101,True
44,368,1807,1908,101,True
45,341,1807,1908,101,True
48,378,1807,1908,101,True
51,355,1807,1891,84,True
52,351,1807,,,False
54,413,1807,1925,118,True
56,373,1807,1900,93,True
62,338,1807,1891,84,True
65,364,1807,1891,84,True
66,357,1807,1950,143,True
68,372,1807,1891,84,True
70,377,1807,1891,84,True
72,356,1807,1891,84,True
73,367,1807,1891,84,True
80,385,1807,1891,84,True
83,352,1807,1891,84,True
84,353,1807,1900,93,True
94,375,1807,1925,118,True
95,359,1807,1891,84,True
8,359,1808,1908,100,True
12,359,1808,1908,100,True
14,365,1808,1908,100,True
16,386,1808,1908,100,True
19,337,1808,1908,100,True
30,368,1808,1908,100,True
36,379,1808,1908,100,True
44,369,1808,1908,100,True
47,336,1808,1908,100,True
48,379,1808,1908,100,True
51,356,1808,1891,83,True
62,339,1808,1891,83,True
66,358,1808,1950,142,True
67,352,1808,1925,117,True
70,378,1808,1891,83,True
71,359,1808,1925,117,True
72,357,1808,1891,83,True
75,366,1808,1891,83,True
76,372,1808,1891,83,True
77,373,1808,1891,83,True
79,337,1808,1900,92,True
86,372,1808,1891,83,True
90,378,1808,1925,117,True
92,374,1808,1925,117,True
97,352,1808,1891,83,True
4,361,1809,1908,99,True
9,378,1809,1908,99,True
10,347,1809,1908,99,True
12,360,1809,1908,99,True
26,362,1809,1908,99,True
28,386,1809,1908,99,True
38,340,1809,1908,99,True
40,390,1809,1908,99,True
45,342,1809,1908,99,True
49,376,1809,1908,99,True
50,355,1809,1913,104,True
51,357,1809,1891,82,True
57,351,1809,1891,82,True
59,382,1809,1891,82,True
61,355,1809,1891,82,True
64,372,1809,1891,82,True
74,376,1809,1891,82,True
76,373,1809,1891,82,True
84,354,1809,1900,91,True
85,333,1809,1891,82,True
98,337,1809,1891,82,True
1,345,1810,1908,98,True
5,357,1810,1908,98,True
7,345,1810,1908,98,True
15,364,1810,1919,109,True
18,354,1810,1908,98,True
43,357,1810,1908,98,True
49,377,1810,1908,98,True
58,365,1810,1891,81,True
59,383,1810,1891,81,True
61,356,1810,1891,81,True
64,373,1810,1891,81,True
69,392,1810,1925,115,True
70,379,1810,1891,81,True
71,360,1810,1925,115,True
72,358,1810,1891,81,True
74,377,1810,1925,115,True
78,377,1810,1925,115,True
83,353,1810,1892,82,True
84,355,1810,1900,90,True
95,360,1810,1891,81,True
3,392,1811,1908,97,True
5,358,1811,1908,97,True
10,348,1811,1908,97,True
21,345,1811,1908,97,True
23,373,1811,1908,97,True
29,350,1811,1908,97,True
35,371,1811,1908,97,True
39,342,1811,1908,97,True
42,385,1811,1908,97,True
52,352,1811,,,False
61,357,1811,1891,80,True
62,340,1811,1900,89,True
64,374,1811,1891,80,True
77,374,1811,1891,80,True
79,338,1811,1900,89,True
84,356,1811,1900,89,True
1,346,1812,1908,96,True
5,359,1812,1908,96,True
11,349,1812,1908,96,True
16,387,1812,1908,96,True
31,371,1812,1908,96,True
32,343,1812,1908,96,True
36,380,1812,1908,96,True
48,380,1812,1908,96,True
49,378,1812,1908,96,True
51,358,1812,1891,79,True
58,366,1812,1891,79,True
64,375,1812,1891,79,True
65,365,1812,1891,79,True
71,361,1812,1925,113,True
78,378,1812,1925,113,True
81,326,1812,1925,113,True
89,361,1812,1925,113,True
95,361,1812,1891,79,True
96,343,1812,1925,113,True
4,362,1813,1908,95,True
14,366,1813,1908,95,True
19,338,1813,1908,95,True
20,364,1813,1919,106,True
24,312,1813,1908,95,True
33,343,1813,1908,95,True
43,358,1813,1908,95,True
50,356,1813,1913,100,True
53,326,1813,1950,137,True
60,369,1813,1925,112,True
61,358,1813,1891,78,True
62,341,1813,1900,87,True
69,393,1813,1925,112,True
72,359,1813,1891,78,True
73,368,1813,1891,78,True
74,378,1813,1925,112,True
78,379,1813,1925,112,True
84,357,1813,1925,112,True
97,353,1813,1900,87,True
4,363,1814,1908,94,True
7,346,1814,1908,94,True
15,365,1814,1919,105,True
18,355,1814,1908,94,True
24,313,1814,1908,94,True
29,351,1814,1908,94,True
34,345,1814,1908,94,True
42,386,1814,1908,94,True
46,370,1814,1908,94,True
52,353,1814,,,False
61,359,1814,1891,77,True
70,380,1814,1891,77,True
71,362,1814,1925,111,True
72,360,1814,1891,77,True
75,367,1814,1891,77,True
80,386,1814,1891,77,True
93,350,1814,1925,111,True
0,396,1815,1908,93,True
8,360,1815,1908,93,True
11,350,1815,1908,93,True
12,361,1815,1908,93,True
18,356,1815,1908,93,True
25,360,1815,1908,93,True
31,372,1815,1908,93,True
34,346,1815,1908,93,True
39,343,1815,1908,93,True
41,394,1815,1908,93,True
45,343,1815,1908,93,True
48,381,1815,1908,93,True
50,357,1815,1913,98,True
57,352,1815,1891,76,True
62,342,1815,1900,85,True
65,366,1815,1891,76,True
67,353,1815,1925,110,True
70,381,1815,1891,76,True
74,379,1815,1925,110,True
85,334,1815,1891,76,True
86,373,1815,1891,76,True
90,379,1815,1925,110,True
93,351,1815,1925,110,True
96,344,1815,1971,156,True
98,338,1815,1891,76,True
0,397,1816,1908,92,True
7,347,1816,1908,92,True
9,379,1816,1908,92,True
11,351,1816,1908,92,True
14,367,1816,1908,92,True
17,324,1816,1960,144,True
18,357,1816,1908,92,True
19,339,1816,1908,92,True
24,314,1816,1908,92,True
40,391,1816,1908,92,True
43,359,1816,1908,92,True
48,382,1816,1908,92,True
50,358,1816,1913,97,True
52,354,1816,,,False
62,343,1816,1900,84,True
63,372,1816,1925,109,True
74,380,1816,1925,109,True
81,327,1816,1925,109,True
88,377,1816,1925,109,True
99,351,1816,1925,109,True
4,364,1817,1908,91,True
7,348,1817,1908,91,True
19,340,1817,1908,91,True
27,368,1817,1919,102,True
28,387,1817,1908,91,True
33,344,1817,1908,91,True
39,344,1817,1908,91,True
42,387,1817,1908,91,True
48,383,1817,1908,91,True
54,414,1817,1925,108,True
58,367,1817,1925,108,True
67,354,1817,1925,108,True
69,394,1817,1925,108,True
80,387,1817,1891,74,True
83,354,1817,1892,75,True
85,335,1817,1891,74,True
87,338,1817,1925,108,True
1,347,1818,1908,90,True
5,360,1818,1908,90,True
11,352,1818,1908,90,True
21,346,1818,1908,90,True
23,374,1818,1908,90,True
36,381,1818,1908,90,True
40,392,1818,1908,90,True
46,371,1818,1908,90,True
67,355,1818,1925,107,True
68,373,1818,1950,132,True
71,363,1818,1925,107,True
75,368,1818,1925,107,True
80,388,1818,1891,73,True
86,374,1818,1891,73,True
91,347,1818,1891,73,True
92,375,1818,1925,107,True
94,376,1818,1925,107,True
98,339,1818,1891,73,True
99,352,1818,1925,107,True
0,398,1819,1908,89,True
5,361,1819,1908,89,True
8,361,1819,1908,89,True
16,388,1819,1908,89,True
19,341,1819,1908,89,True
21,347,1819,1908,89,True
27,369,1819,1919,100,True
32,344,1819,1908,89,True
33,345,1819,1908,89,True
39,345,1819,1908,89,True
53,327,1819,1950,131,True
57,353,1819,1891,72,True
62,344,1819,1925,106,True
68,374,1819,1950,131,True
69,395,1819,1925,106,True
73,369,1819,1891,72,True
80,389,1819,1898,79,True
81,328,1819,1925,106,True
98,340,1819,1891,72,True
1,348,1820,1908,88,True
5,362,1820,1908,88,True
6,369,1820,1908,88,True
7,349,1820,1908,88,True
15,366,1820,1919,99,True
16,389,1820,1908,88,True
18,358,1820,1908,88,True
25,361,1820,1908,88,True
28,388,1820,1908,88,True
29,352,1820,1908,88,True
33,346,1820,1908,88,True
34,347,1820,1919,99,True
41,395,1820,1908,88,True
46,372,1820,1908,88,True
47,337,1820,1908,88,True
48,384,1820,1908,88,True
49,379,1820,1908,88,True
55,343,1820,1950,130,True
57,354,1820,1891,71,True
64,376,1820,1891,71,True
82,367,1820,1925,105,True
94,377,1820,1925,105,True
1,349,1821,1908,87,True
5,363,1821,1908,87,True
6,370,1821,1908,87,True
8,362,1821,1908,87,True
9,380,1821,1919,98,True
14,368,1821,1908,87,True
16,390,1821,1908,87,True
18,359,1821,1908,87,True
19,342,1821,1908,87,True
21,348,1821,1908,87,True
22,392,1821,1919,98,True
33,347,1821,1908,87,True
40,393,1821,1908,87,True
41,396,1821,1908,87,True
47,338,1821,1908,87,True
49,380,1821,1908,87,True
53,328,1821,1950,129,True
56,374,1821,1900,79,True
60,370,1821,1925,104,True
67,356,1821,1925,104,True
72,361,1821,1891,70,True
73,370,1821,1891,70,True
75,369,1821,1925,104,True
76,374,1821,1971,150,True
77,375,1821,1925,104,True
82,368,1821,1925,104,True
83,355,1821,1892,71,True
93,352,1821,1925,104,True
94,378,1821,1925,104,True
95,362,1821,1891,70,True
96,345,1821,1971,150,True
13,373,1822,1908,86,True
15,367,1822,1919,97,True
23,375,1822,1908,86,True
28,389,1822,1908,86,True
32,345,1822,1908,86,True
33,348,1822,1908,86,True
44,370,1822,1908,86,True
50,359,1822,1913,91,True
57,355,1822,1891,69,True
58,368,1822,1925,103,True
64,377,1822,1898,76,True
70,382,1822,1891,69,True
74,381,1822,1925,103,True
78,380,1822,1925,103,True
84,358,1822,1925,103,True
88,378,1822,1925,103,True
92,376,1822,1925,103,True
95,363,1822,1898,76,True
97,354,1822,1925,103,True
99,353,1822,1925,103,True
0,399,1823,1908,85,True
4,365,1823,1908,85,True
9,381,1823,1919,96,True
10,349,1823,1908,85,True
24,315,1823,1908,85,True
27,370,1823,1919,96,True
32,346,1823,1908,85,True
38,341,1823,1908,85,True
42,388,1823,1908,85,True
45,344,1823,1908,85,True
46,373,1823,1908,85,True
52,355,1823,,,False
62,345,1823,1925,102,True
63,373,1823,1925,102,True
75,370,1823,1925,102,True
76,375,1823,1971,148,True
85,336,1823,1925,102,True
2,384,1824,1908,84,True
4,366,1824,1908,84,True
9,382,1824,1919,95,True
11,353,1824,1908,84,True
13,374,1824,1908,84,True
17,325,1824,1960,136,True
28,390,1824,1908,84,True
29,353,1824,1908,84,True
38,342,1824,1908,84,True
44,371,1824,1908,84,True
51,359,1824,1925,101,True
53,329,1824,1950,126,True
56,375,1824,1900,76,True
58,369,1824,1925,101,True
62,346,1824,1925,101,True
70,383,1824,1891,67,True
71,364,1824,1925,101,True
72,362,1824,1891,67,True
74,382,1824,1925,101,True
75,371,1824,1925,101,True
78,381,1824,1925,101,True
79,339,1824,1900,76,True
85,337,1824,1925,101,True
86,375,1824,1891,67,True
87,339,1824,1925,101,True
91,348,1824,1925,101,True
97,355,1824,1925,101,True
13,375,1825,1908,83,True
15,368,1825,1919,94,True
17,326,1825,1960,135,True
19,343,1825,1908,83,True
23,376,1825,1908,83,True
29,354,1825,1908,83,True
33,349,1825,1908,83,True
40,394,1825,1908,83,True
44,372,1825,1908,83,True
58,370,1825,1925,100,True
69,396,1825,1925,100,True
73,371,1825,1891,66,True
91,349,1825,1925,100,True
92,377,1825,1925,100,True
14,369,1826,1908,82,True
24,316,1826,1908,82,True
30,369,1826,1908,82,True
31,373,1826,1908,82,True
32,347,1826,1908,82,True
35,372,1826,1908,82,True
37,365,1826,1908,82,True
38,343,1826,1908,82,True
46,374,1826,1908,82,True
47,339,1826,1908,82,True
55,344,1826,1950,124,True
56,376,1826,1925,99,True
66,359,1826,1950,124,True
69,397,1826,1925,99,True
71,365,1826,1925,99,True
72,363,1826,1891,65,True
76,376,1826,1971,145,True
77,376,1826,1925,99,True
80,390,1826,1925,99,True
81,329,1826,1925,99,True
83,356,1826,1925,99,True
85,338,1826,1925,99,True
89,362,1826,1925,99,True
96,346,1826,1971,145,True
99,354,1826,1925,99,True
22,393,1827,1919,92,True
32,348,1827,1908,81,True
33,350,1827,1908,81,True
34,348,1827,1919,92,True
37,366,1827,1908,81,True
39,346,1827,1908,81,True
41,397,1827,1908,81,True
50,360,1827,1913,86,True
55,345,1827,1950,123,True
64,378,1827,1898,71,True
70,384,1827,1891,64,True
84,359,1827,1925,98,True
88,379,1827,1925,98,True
98,341,1827,1898,71,True
0,400,1828,1908,80,True
2,385,1828,1919,91,True
13,376,1828,1908,80,True
16,391,1828,1908,80,True
18,360,1828,1908,80,True
19,344,1828,1908,80,True
27,371,1828,1919,91,True
32,349,1828,1908,80,True
33,351,1828,1908,80,True
34,349,1828,1919,91,True
43,360,1828,1908,80,True
44,373,1828,1960,132,True
51,360,1828,1925,97,True
60,371,1828,1925,97,True
64,379,1828,1898,70,True
66,360,1828,1950,122,True
71,366,1828,1925,97,True
75,372,1828,1925,97,True
78,382,1828,1925,97,True
79,340,1828,1900,72,True
81,330,1828,1925,97,True
83,357,1828,1925,97,True
85,339,1828,1925,97,True
90,380,1828,1925,97,True
91,350,1828,1925,97,True
95,364,1828,1925,97,True
0,401,1829,1908,79,True
9,383,1829,1919,90,True
16,392,1829,1908,79,True
17,327,1829,1960,131,True
20,365,1829,1919,90,True
21,349,1829,1908,79,True
22,394,1829,1919,90,True
30,370,1829,1908,79,True
38,344,1829,1908,79,True
40,395,1829,1908,79,True
42,389,1829,1908,79,True
51,361,1829,1925,96,True
57,356,1829,1891,62,True
58,371,1829,1925,96,True
70,385,1829,1891,62,True
72,364,1829,1891,62,True
74,383,1829,1925,96,True
81,331,1829,1950,121,True
85,340,1829,1925,96,True
86,376,1829,1900,71,True
87,340,1829,1925,96,True
94,379,1829,1925,96,True
4,367,1830,1908,78,True
8,363,1830,1908,78,True
18,361,1830,1908,78,True
20,366,1830,1919,89,True
23,377,1830,1908,78,True
24,317,1830,1908,78,True
30,371,1830,1908,78,True
32,350,1830,1908,78,True
34,350,1830,1919,89,True
36,382,1830,1960,130,True
45,345,1830,1908,78,True
50,361,1830,1913,83,True
74,384,1830,1925,95,True
79,341,1830,1900,70,True
85,341,1830,1925,95,True
88,380,1830,1925,95,True
91,351,1830,1950,120,True
93,353,1830,1925,95,True
95,365,1830,1925,95,True
1,350,1831,1908,77,True
10,350,1831,1908,77,True
14,370,1831,1908,77,True
24,318,1831,1908,77,True
28,391,1831,1919,88,True
29,355,1831,1908,77,True
30,372,1831,1908,77,True
31,374,1831,1908,77,True
39,347,1831,1908,77,True
47,340,1831,1908,77,True
53,330,1831,1950,119,True
54,415,1831,1925,94,True
59,384,1831,1925,94,True
64,380,1831,1898,67,True
65,367,1831,1900,69,True
67,357,1831,1925,94,True
74,385,1831,1925,94,True
79,342,1831,1900,69,True
81,332,1831,1950,119,True
82,369,1831,1950,119,True
96,347,1831,1971,140,True
8,364,1832,1908,76,True
13,377,1832,1908,76,True
14,371,1832,1908,76,True
15,369,1832,1919,87,True
16,393,1832,1908,76,True
21,350,1832,1908,76,True
42,390,1832,1908,76,True
43,361,1832,1908,76,True
46,375,1832,1908,76,True
50,362,1832,1913,81,True
51,362,1832,1925,93,True
52,356,1832,,,False
54,416,1832,1925,93,True
56,377,1832,1925,93,True
57,357,1832,1908,76,True
69,398,1832,1925,93,True
73,372,1832,1971,139,True
74,386,1832,1925,93,True
82,370,1832,1950,118,True
84,360,1832,1925,93,True
85,342,1832,1925,93,True
94,380,1832,1925,93,True
96,348,1832,1971,139,True
5,364,1833,1908,75,True
12,362,1833,1908,75,True
18,362,1833,1908,75,True
19,345,1833,1908,75,True
24,319,1833,1908,75,True
26,363,1833,1908,75,True
34,351,1833,1919,86,True
36,383,1833,1960,127,True
39,348,1833,1908,75,True
41,398,1833,1908,75,True
43,362,1833,1908,75,True
53,331,1833,1950,117,True
60,372,1833,1925,92,True
64,381,1833,1898,65,True
69,399,1833,1925,92,True
83,358,1833,1950,117,True
86,377,1833,1900,67,True
88,381,1833,1925,92,True
4,368,1834,1908,74,True
6,371,1834,1919,85,True
17,328,1834,1960,126,True
21,351,1834,1908,74,True
32,351,1834,1908,74,True
47,341,1834,1908,74,True
58,372,1834,1925,91,True
60,373,1834,1925,91,True
64,382,1834,1908,74,True
66,361,1834,1950,116,True
68,375,1834,1950,116,True
70,386,1834,1891,57,True
71,367,1834,1925,91,True
74,387,1834,1925,91,True
77,377,1834,1925,91,True
80,391,1834,1950,116,True
83,359,1834,1950,116,True
84,361,1834,1925,91,True
86,378,1834,1900,66,True
91,352,1834,1950,116,True
93,354,1834,1925,91,True
95,366,1834,1925,91,True
9,384,1835,1919,84,True
12,363,1835,1908,73,True
19,346,1835,1919,84,True
37,367,1835,1908,73,True
42,391,1835,1908,73,True
57,358,1835,1908,73,True
58,373,1835,1925,90,True
59,385,1835,1925,90,True
60,374,1835,1925,90,True
64,383,1835,1908,73,True
65,368,1835,1913,78,True
67,358,1835,1925,90,True
78,383,1835,1925,90,True
80,392,1835,1950,115,True
81,333,1835,1950,115,True
87,341,1835,1925,90,True
89,363,1835,1925,90,True
96,349,1835,1971,136,True
1,351,1836,1908,72,True
2,386,1836,1919,83,True
11,354,1836,1908,72,True
17,329,1836,1960,124,True
29,356,1836,1908,72,True
48,385,1836,1919,83,True
50,363,1836,1913,77,True
55,346,1836,1950,114,True
59,386,1836,1925,89,True
63,374,1836,1988,152,True
69,400,1836,1925,89,True
71,368,1836,1925,89,True
84,362,1836,1925,89,True
86,379,1836,1900,64,True
89,364,1836,1925,89,True
90,381,1836,1925,89,True
92,378,1836,1925,89,True
93,355,1836,1925,89,True
97,356,1836,1950,114,True
98,342,1836,1898,62,True
1,352,1837,1908,71,True
8,365,1837,1908,71,True
12,364,1837,1908,71,True
13,378,1837,1908,71,True
15,370,1837,1919,82,True
25,362,1837,1908,71,True
26,364,1837,1908,71,True
30,373,1837,1919,82,True
33,352,1837,1908,71,True
38,345,1837,1908,71,True
43,363,1837,1908,71,True
45,346,1837,1919,82,True
46,376,1837,1908,71,True
47,342,1837,1908,71,True
51,363,1837,1950,113,True
54,417,1837,1925,88,True
57,359,1837,1908,71,True
61,360,1837,1908,71,True
63,375,1837,1988,151,True
68,376,1837,1950,113,True
70,387,1837,1925,88,True
73,373,1837,1971,134,True
74,388,1837,1925,88,True
87,342,1837,1925,88,True
90,382,1837,1925,88,True
95,367,1837,1925,88,True
8,366,1838,1908,70,True
12,365,1838,1908,70,True
14,372,1838,1908,70,True
20,367,1838,1919,81,True
34,352,1838,1919,81,True
35,373,1838,1919,81,True
42,392,1838,1908,70,True
44,374,1838,1960,122,True
47,343,1838,1908,70,True
51,364,1838,1950,112,True
53,332,1838,1950,112,True
62,347,1838,1925,87,True
71,369,1838,1925,87,True
76,377,1838,1971,133,True
85,343,1838,1925,87,True
98,343,1838,1898,60,True
2,387,1839,1919,80,True
8,367,1839,1908,69,True
11,355,1839,1908,69,True
21,352,1839,1908,69,True
23,378,1839,1908,69,True
32,352,1839,1960,121,True
40,396,1839,1919,80,True
44,375,1839,1960,121,True
47,344,1839,1908,69,True
49,381,1839,1908,69,True
56,378,1839,1925,86,True
70,388,1839,1925,86,True
72,365,1839,1900,61,True
73,374,1839,1971,132,True
78,384,1839,1925,86,True
79,343,1839,1900,61,True
81,334,1839,1950,111,True
7,350,1840,1919,79,True
13,379,1840,1908,68,True
14,373,1840,1908,68,True
24,320,1840,1908,68,True
25,363,1840,1919,79,True
27,372,1840,1919,79,True
29,357,1840,1908,68,True
31,375,1840,1908,68,True
52,357,1840,,,False
53,333,1840,1950,110,True
54,418,1840,1925,85,True
76,378,1840,1971,131,True
83,360,1840,1950,110,True
87,343,1840,1925,85,True
88,382,1840,1988,148,True
91,353,1840,1950,110,True
98,344,1840,1925,85,True
2,388,1841,1919,78,True
6,372,1841,1919,78,True
21,353,1841,1908,67,True
22,395,1841,1919,78,True
24,321,1841,1908,67,True
25,364,1841,1919,78,True
32,353,1841,1960,119,True
33,353,1841,1908,67,True
53,334,1841,1950,109,True
61,361,1841,1908,67,True
63,376,1841,1988,147,True
64,384,1841,1908,67,True
69,401,1841,1925,84,True
84,363,1841,1925,84,True
91,354,1841,1950,109,True
96,350,1841,1971,130,True
24,322,1842,1908,66,True
25,365,1842,1919,77,True
34,353,1842,1919,77,True
36,384,1842,1960,118,True
38,346,1842,1908,66,True
46,377,1842,1960,118,True
49,382,1842,1908,66,True
63,377,1842,1988,146,True
75,373,1842,1925,83,True
76,379,1842,1971,129,True
81,335,1842,1950,108,True
93,356,1842,1971,129,True
6,373,1843,1919,76,True
7,351,1843,1919,76,True
13,380,1843,1908,65,True
15,371,1843,1919,76,True
17,330,1843,1960,117,True
27,373,1843,1919,76,True
28,392,1843,1919,76,True
30,374,1843,1919,76,True
31,376,1843,1908,65,True
40,397,1843,1919,76,True
42,393,1843,1960,117,True
43,364,1843,1919,76,True
44,376,1843,1960,117,True
52,358,1843,,,False
56,379,1843,1925,82,True
61,362,1843,1908,65,True
65,369,1843,1913,70,True
66,362,1843,1950,107,True
68,377,1843,1950,107,True
77,378,1843,1925,82,True
82,371,1843,1950,107,True
86,380,1843,1900,57,True
91,355,1843,1950,107,True
92,379,1843,1925,82,True
1,353,1844,1908,64,True
8,368,1844,1908,64,True
23,379,1844,1908,64,True
26,365,1844,1908,64,True
27,374,1844,1919,75,True
29,358,1844,1908,64,True
30,375,1844,1919,75,True
36,385,1844,1960,116,True
42,394,1844,1960,116,True
47,345,1844,1908,64,True
48,386,1844,1919,75,True
50,364,1844,1913,69,True
54,419,1844,1925,81,True
64,385,1844,1908,64,True
69,402,1844,1925,81,True
71,370,1844,1925,81,True
82,372,1844,1950,106,True
85,344,1844,1925,81,True
98,345,1844,1925,81,True
5,365,1845,1919,74,True
7,352,1845,1919,74,True
9,385,1845,1919,74,True
12,366,1845,1908,63,True
21,354,1845,1960,115,True
22,396,1845,1919,74,True
30,376,1845,1919,74,True
36,386,1845,1960,115,True
38,347,1845,1919,74,True
45,347,1845,1919,74,True
50,365,1845,1913,68,True
51,365,1845,1950,105,True
56,380,1845,1925,80,True
58,374,1845,1925,80,True
60,375,1845,1925,80,True
61,363,1845,1908,63,True
72,366,1845,1900,55,True
88,383,1845,1988,143,True
1,354,1846,1908,62,True
7,353,1846,1919,73,True
13,381,1846,1919,73,True
22,397,1846,1919,73,True
28,393,1846,1919,73,True
31,377,1846,1908,62,True
32,354,1846,1960,114,True
34,354,1846,1919,73,True
40,398,1846,1919,73,True
48,387,1846,1919,73,True
58,375,1846,1925,79,True
59,387,1846,1925,79,True
60,376,1846,1925,79,True
61,364,1846,1908,62,True
66,363,1846,1950,104,True
68,378,1846,1950,104,True
74,389,1846,1925,79,True
75,374,1846,1925,79,True
84,364,1846,1925,79,True
91,356,1846,1950,104,True
92,380,1846,1971,125,True
0,402,1847,1960,113,True
4,369,1847,1908,61,True
5,366,1847,1919,72,True
9,386,1847,1919,72,True
24,323,1847,1908,61,True
36,387,1847,1960,113,True
43,365,1847,1919,72,True
47,346,1847,1908,61,True
53,335,1847,1950,103,True
58,376,1847,1925,78,True
62,348,1847,1925,78,True
74,390,1847,1925,78,True
76,380,1847,1971,124,True
83,361,1847,1950,103,True
87,344,1847,1925,78,True
89,365,1847,1971,124,True
92,381,1847,1971,124,True
2,389,1848,1919,71,True
12,367,1848,1960,112,True
14,374,1848,1908,60,True
33,354,1848,1908,60,True
47,347,1848,1908,60,True
48,388,1848,1919,71,True
54,420,1848,1925,77,True
67,359,1848,1950,102,True
70,389,1848,1925,77,True
80,393,1848,1950,102,True
90,383,1848,1925,77,True
96,351,1848,1971,123,True
99,355,1848,1950,102,True
1,355,1849,1908,59,True
2,390,1849,1919,70,True
5,367,1849,1960,111,True
9,387,1849,1960,111,True
13,382,1849,1919,70,True
37,368,1849,1960,111,True
43,366,1849,1919,70,True
50,366,1849,1913,64,True
53,336,1849,1950,101,True
54,421,1849,1925,76,True
59,388,1849,1925,76,True
63,378,1849,1988,139,True
67,360,1849,1950,101,True
75,375,1849,1925,76,True
79,344,1849,1908,59,True
81,336,1849,1950,101,True
85,345,1849,1925,76,True
86,381,1849,1913,64,True
91,357,1849,1950,101,True
92,382,1849,1971,122,True
94,381,1849,1988,139,True
95,368,1849,1950,101,True
0,403,1850,1960,110,True
1,356,1850,1908,58,True
4,370,1850,1908,58,True
5,368,1850,1960,110,True
9,388,1850,1960,110,True
17,331,1850,1960,110,True
18,363,1850,1960,110,True
20,368,1850,1919,69,True
24,324,1850,1908,58,True
27,375,1850,1919,69,True
30,377,1850,1919,69,True
38,348,1850,1919,69,True
53,337,1850,1950,100,True
57,360,1850,1908,58,True
63,379,1850,1988,138,True
74,391,1850,1971,121,True
80,394,1850,1950,100,True
82,373,1850,1950,100,True
87,345,1850,1925,75,True
95,369,1850,1950,100,True
99,356,1850,1950,100,True
0,404,1851,1960,109,True
1,357,1851,1908,57,True
11,356,1851,1960,109,True
17,332,1851,1960,109,True
19,347,1851,1919,68,True
24,325,1851,1960,109,True
25,366,1851,1919,68,True
39,349,1851,1919,68,True
41,399,1851,1960,109,True
49,383,1851,1960,109,True
54,422,1851,1925,74,True
59,389,1851,1925,74,True
60,377,1851,1925,74,True
72,367,1851,1908,57,True
83,362,1851,1950,99,True
85,346,1851,1925,74,True
96,352,1851,1971,120,True
5,369,1852,1960,108,True
6,374,1852,1919,67,True
7,354,1852,2008,156,True
24,326,1852,1960,108,True
29,359,1852,1908,56,True
34,355,1852,1919,67,True
38,349,1852,1919,67,True
44,377,1852,1960,108,True
46,378,1852,1960,108,True
49,384,1852,1960,108,True
51,366,1852,1950,98,True
52,359,1852,,,False
59,390,1852,1925,73,True
69,403,1852,1971,119,True
75,376,1852,1925,73,True
98,346,1852,1925,73,True
0,405,1853,1960,107,True
12,368,1853,1960,107,True
18,364,1853,1960,107,True
35,374,1853,1919,66,True
40,399,1853,1960,107,True
45,348,1853,1919,66,True
52,360,1853,,,False
53,338,1853,1950,97,True
59,391,1853,1971,118,True
64,386,1853,1908,55,True
67,361,1853,1950,97,True
69,404,1853,1971,118,True
73,375,1853,1971,118,True
84,365,1853,1925,72,True
90,384,1853,1925,72,True
97,357,1853,1950,97,True
13,383,1854,1919,65,True
54,423,1854,1971,117,True
60,378,1854,1971,117,True
65,370,1854,1925,71,True
66,364,1854,1950,96,True
72,368,1854,1925,71,True
74,392,1854,1971,117,True
85,347,1854,1925,71,True
89,366,1854,1971,117,True
92,383,1854,1971,117,True
1,358,1855,1908,53,True
5,370,1855,1960,105,True
9,389,1855,1960,105,True
12,369,1855,1960,105,True
16,394,1855,1960,105,True
21,355,1855,1960,105,True
22,398,1855,1960,105,True
25,367,1855,2008,153,True
27,376,1855,1960,105,True
29,360,1855,1960,105,True
31,378,1855,1919,64,True
40,400,1855,1960,105,True
41,400,1855,1960,105,True
62,349,1855,1971,116,True
64,387,1855,1908,53,True
67,362,1855,1950,95,True
70,390,1855,1925,70,True
76,381,1855,1971,116,True
79,345,1855,1925,70,True
93,357,1855,1971,116,True
3,393,1856,1960,104,True
4,371,1856,1960,104,True
5,371,1856,1960,104,True
7,355,1856,2008,152,True
10,351,1856,1960,104,True
11,357,1856,1960,104,True
15,372,1856,1919,63,True
26,366,1856,1960,104,True
32,355,1856,1960,104,True
39,350,1856,1960,104,True
44,378,1856,1960,104,True
70,391,1856,1925,69,True
78,385,1856,1971,115,True
81,337,1856,1971,115,True
84,366,1856,1925,69,True
89,367,1856,1971,115,True
92,384,1856,1971,115,True
94,382,1856,1988,132,True
98,347,1856,1950,94,True
2,391,1857,1919,62,True
10,352,1857,1960,103,True
16,395,1857,1960,103,True
26,367,1857,1960,103,True
30,378,1857,1919,62,True
38,350,1857,1960,103,True
39,351,1857,1960,103,True
41,401,1857,1960,103,True
47,348,1857,1960,103,True
53,339,1857,1950,93,True
57,361,1857,1908,51,True
62,350,1857,1971,114,True
66,365,1857,1988,131,True
67,363,1857,1950,93,True
77,379,1857,1988,131,True
85,348,1857,1925,68,True
88,384,1857,1988,131,True
91,358,1857,1950,93,True
94,383,1857,1988,131,True
98,348,1857,1950,93,True
1,359,1858,1960,102,True
15,373,1858,1919,61,True
42,395,1858,1960,102,True
46,379,1858,1960,102,True
50,367,1858,1971,113,True
53,340,1858,1988,130,True
55,347,1858,1988,130,True
58,377,1858,1988,130,True
62,351,1858,1971,113,True
63,380,1858,1988,130,True
65,371,1858,1925,67,True
66,366,1858,1988,130,True
78,386,1858,1971,113,True
86,382,1858,1913,55,True
88,385,1858,1988,130,True
95,370,1858,1950,92,True
6,375,1859,1960,101,True
9,390,1859,1960,101,True
17,333,1859,1960,101,True
18,365,1859,1960,101,True
20,369,1859,1925,66,True
25,368,1859,2008,149,True
33,355,1859,1960,101,True
48,389,1859,1960,101,True
59,392,1859,1971,112,True
67,364,1859,1950,91,True
77,380,1859,1988,129,True
85,349,1859,1925,66,True
95,371,1859,1950,91,True
98,349,1859,1950,91,True
16,396,1860,1960,100,True
18,366,1860,1960,100,True
20,370,1860,1925,65,True
24,327,1860,1960,100,True
31,379,1860,1960,100,True
34,356,1860,1944,84,True
61,365,1860,1925,65,True
64,388,1860,1913,53,True
66,367,1860,1988,128,True
72,369,1860,1925,65,True
75,377,1860,1925,65,True
82,374,1860,1950,90,True
88,386,1860,1988,128,True
91,359,1860,1950,90,True
93,358,1860,1971,111,True
96,353,1860,1971,111,True
12,370,1861,1960,99,True
19,348,1861,2008,147,True
24,328,1861,1960,99,True
34,357,1861,1944,83,True
39,352,1861,1960,99,True
40,401,1861,1960,99,True
42,396,1861,1960,99,True
48,390,1861,1960,99,True
52,361,1861,,,False
54,424,1861,1971,110,True
62,352,1861,1971,110,True
64,389,1861,1913,52,True
65,372,1861,1925,64,True
73,376,1861,1971,110,True
75,378,1861,1925,64,True
76,382,1861,1971,110,True
89,368,1861,1988,127,True
94,384,1861,1988,127,True
99,357,1861,1971,110,True
7,356,1862,2008,146,True
8,369,1862,1960,98,True
11,358,1862,1960,98,True
18,367,1862,1960,98,True
23,380,1862,1960,98,True
33,356,1862,1960,98,True
40,402,1862,1960,98,True
49,385,1862,1960,98,True
50,368,1862,1971,109,True
52,362,1862,,,False
64,390,1862,1913,51,True
65,373,1862,1925,63,True
71,371,1862,1971,109,True
73,377,1862,1971,109,True
77,381,1862,1988,126,True
81,338,1862,1971,109,True
85,350,1862,1925,63,True
95,372,1862,2008,146,True
96,354,1862,1971,109,True
1,360,1863,1960,97,True
2,392,1863,2008,145,True
12,371,1863,1960,97,True
17,334,1863,1960,97,True
19,349,1863,2008,145,True
34,358,1863,1944,81,True
36,388,1863,1960,97,True
41,402,1863,1960,97,True
47,349,1863,1960,97,True
48,391,1863,1960,97,True
52,363,1863,,,False
57,362,1863,1913,50,True
62,353,1863,1971,108,True
63,381,1863,1988,125,True
75,379,1863,1925,62,True
86,383,1863,1925,62,True
88,387,1863,1988,125,True
90,385,1863,1971,108,True
91,360,1863,1950,87,True
97,358,1863,1950,87,True
1,361,1864,1960,96,True
3,394,1864,1960,96,True
23,381,1864,1960,96,True
29,361,1864,1960,96,True
35,375,1864,1919,55,True
40,403,1864,1960,96,True
41,403,1864,1960,96,True
46,380,1864,1960,96,True
47,350,1864,1960,96,True
48,392,1864,1960,96,True
53,341,1864,1988,124,True
57,363,1864,1913,49,True
65,374,1864,1925,61,True
73,378,1864,1971,107,True
77,382,1864,1988,124,True
80,395,1864,1950,86,True
87,346,1864,1971,107,True
95,373,1864,2008,144,True
99,358,1864,1971,107,True
3,395,1865,1960,95,True
19,350,1865,2008,143,True
21,356,1865,1960,95,True
26,368,1865,1960,95,True
29,362,1865,1960,95,True
30,379,1865,1919,54,True
32,356,1865,1960,95,True
34,359,1865,1944,79,True
40,404,1865,1960,95,True
42,397,1865,1960,95,True
47,351,1865,1960,95,True
49,386,1865,1960,95,True
50,369,1865,1971,106,True
61,366,1865,1925,60,True
66,368,1865,1988,123,True
67,365,1865,1971,106,True
69,405,1865,1971,106,True
72,370,1865,1925,60,True
76,383,1865,1971,106,True
77,383,1865,1988,123,True
79,346,1865,1925,60,True
86,384,1865,1925,60,True
89,369,1865,1988,123,True
2,393,1866,2008,142,True
5,372,1866,1960,94,True
8,370,1866,1960,94,True
10,353,1866,1960,94,True
13,384,1866,2008,142,True
15,374,1866,1919,53,True
16,397,1866,1960,94,True
21,357,1866,1960,94,True
27,377,1866,2008,142,True
29,363,1866,1960,94,True
32,357,1866,1960,94,True
35,376,1866,1919,53,True
37,369,1866,1960,94,True
41,404,1866,1960,94,True
53,342,1866,1988,122,True
60,379,1866,2073,207,True
61,367,1866,1925,59,True
63,382,1866,1988,122,True
81,339,1866,1971,105,True
82,375,1866,1950,84,True
92,385,1866,1971,105,True
96,355,1866,1971,105,True
10,354,1867,1960,93,True
15,375,1867,1944,77,True
31,380,1867,1960,93,True
34,360,1867,1944,77,True
35,377,1867,1919,52,True
38,351,1867,1960,93,True
40,405,1867,1960,93,True
66,369,1867,1988,121,True
70,392,1867,1971,104,True
74,393,1867,1988,121,True
78,387,1867,1988,121,True
82,376,1867,1950,83,True
84,367,1867,1950,83,True
87,347,1867,1971,104,True
90,386,1867,1971,104,True
91,361,1867,1988,121,True
92,386,1867,1971,104,True
93,359,1867,1971,104,True
95,374,1867,2008,141,True
0,406,1868,1960,92,True
12,372,1868,1960,92,True
29,364,1868,1960,92,True
31,381,1868,1960,92,True
37,370,1868,1960,92,True
41,405,1868,1960,92,True
47,352,1868,1960,92,True
49,387,1868,1960,92,True
55,348,1868,2073,205,True
56,381,1868,1971,103,True
57,364,1868,1913,45,True
62,354,1868,1971,103,True
66,370,1868,1988,120,True
67,366,1868,1971,103,True
78,388,1868,1988,120,True
94,385,1868,1988,120,True
96,356,1868,1971,103,True
98,350,1868,1950,82,True
99,359,1868,1971,103,True
3,396,1869,1960,91,True
6,376,1869,1960,91,True
15,376,1869,1944,75,True
17,335,1869,1960,91,True
19,351,1869,2008,139,True
25,369,1869,2008,139,True
31,382,1869,1960,91,True
49,388,1869,1960,91,True
51,367,1869,1950,81,True
58,378,1869,1988,119,True
59,393,1869,1988,119,True
64,391,1869,1950,81,True
67,367,1869,1971,102,True
69,406,1869,1971,102,True
71,372,1869,1988,119,True
73,379,1869,1971,102,True
79,347,1869,1925,56,True
90,387,1869,1971,102,True
91,362,1869,1988,119,True
93,360,1869,1971,102,True
1,362,1870,1960,90,True
3,397,1870,1960,90,True
4,372,1870,1960,90,True
6,377,1870,1960,90,True
9,391,1870,2008,138,True
16,398,1870,1960,90,True
18,368,1870,1960,90,True
32,358,1870,1960,90,True
39,353,1870,1960,90,True
44,379,1870,1960,90,True
45,349,1870,1925,55,True
50,370,1870,1971,101,True
51,368,1870,1950,80,True
53,343,1870,1988,118,True
55,349,1870,2073,203,True
67,368,1870,1971,101,True
69,407,1870,1971,101,True
73,380,1870,1971,101,True
80,396,1870,1950,80,True
86,385,1870,1925,55,True
89,370,1870,1988,118,True
97,359,1870,1950,80,True
98,351,1870,1950,80,True
1,363,1871,1960,89,True
2,394,1871,2008,137,True
4,373,1871,1960,89,True
22,399,1871,2008,137,True
29,365,1871,1960,89,True
32,359,1871,1960,89,True
36,389,1871,1960,89,True
38,352,1871,1960,89,True
39,354,1871,1960,89,True
47,353,1871,1960,89,True
48,393,1871,2008,137,True
49,389,1871,1960,89,True
50,371,1871,1971,100,True
54,425,1871,1988,117,True
63,383,1871,1988,117,True
82,377,1871,1950,79,True
86,386,1871,1925,54,True
88,388,1871,1988,117,True
89,371,1871,1988,117,True
91,363,1871,1988,117,True
92,387,1871,1971,100,True
96,357,1871,1971,100,True
3,398,1872,1960,88,True
14,375,1872,1960,88,True
21,358,1872,1964,92,True
34,361,1872,1944,72,True
51,369,1872,1950,78,True
53,344,1872,1988,116,True
58,379,1872,1988,116,True
68,379,1872,1988,116,True
69,408,1872,1971,99,True
70,393,1872,1971,99,True
72,371,1872,1925,53,True
75,380,1872,1988,116,True
79,348,1872,1971,99,True
83,363,1872,2073,201,True
91,364,1872,1988,116,True
94,386,1872,1988,116,True
98,352,1872,1950,78,True
0,407,1873,1960,87,True
6,378,1873,1960,87,True
7,357,1873,2008,135,True
22,400,1873,2008,135,True
30,380,1873,1944,71,True
32,360,1873,1960,87,True
33,357,1873,2008,135,True
39,355,1873,1960,87,True
42,398,1873,1960,87,True
53,345,1873,1988,115,True
60,380,1873,2073,200,True
63,384,1873,1988,115,True
69,409,1873,1971,98,True
79,349,1873,1971,98,True
82,378,1873,1988,115,True
91,365,1873,1988,115,True
96,358,1873,1988,115,True
1,364,1874,1964,90,True
14,376,1874,1960,86,True
21,359,1874,1964,90,True
24,329,1874,1960,86,True
27,378,1874,2008,134,True
40,406,1874,2008,134,True
45,350,1874,1944,70,True
46,381,1874,1960,86,True
47,354,1874,1960,86,True
56,382,1874,1971,97,True
57,365,1874,1913,39,True
61,368,1874,1925,51,True
63,385,1874,1988,114,True
69,410,1874,1971,97,True
71,373,1874,1988,114,True
74,394,1874,1988,114,True
75,381,1874,1988,114,True
77,384,1874,1988,114,True
93,361,1874,1988,114,True
94,387,1874,1988,114,True
1,365,1875,1964,89,True
2,395,1875,2008,133,True
14,377,1875,1960,85,True
16,399,1875,1960,85,True
18,369,1875,1960,85,True
20,371,1875,1925,50,True
21,360,1875,1964,89,True
24,330,1875,1960,85,True
27,379,1875,2008,133,True
29,366,1875,1960,85,True
33,358,1875,2008,133,True
34,362,1875,1944,69,True
38,353,1875,2008,133,True
39,356,1875,2008,133,True
45,351,1875,1944,69,True
54,426,1875,1988,113,True
72,372,1875,1925,50,True
76,384,1875,1971,96,True
78,389,1875,1988,113,True
79,350,1875,1971,96,True
81,340,1875,1971,96,True
85,351,1875,1971,96,True
91,366,1875,1988,113,True
98,353,1875,1950,75,True
10,355,1876,2008,132,True
12,373,1876,1960,84,True
15,377,1876,1944,68,True
17,336,1876,1960,84,True
19,352,1876,2008,132,True
29,367,1876,1960,84,True
34,363,1876,1944,68,True
46,382,1876,1960,84,True
49,390,1876,1960,84,True
53,346,1876,1988,112,True
55,350,1876,2073,197,True
56,383,1876,1971,95,True
70,394,1876,1971,95,True
71,374,1876,1988,112,True
80,397,1876,1950,74,True
81,341,1876,1971,95,True
88,389,1876,1988,112,True
90,388,1876,1971,95,True
96,359,1876,1988,112,True
2,396,1877,2008,131,True
4,374,1877,1960,83,True
20,372,1877,1925,48,True
34,364,1877,1944,67,True
36,390,1877,1960,83,True
38,354,1877,2008,131,True
40,407,1877,2008,131,True
50,372,1877,1971,94,True
52,364,1877,,,False
55,351,1877,2073,196,True
57,366,1877,1950,73,True
68,380,1877,1988,111,True
83,364,1877,2073,196,True
93,362,1877,2073,196,True
0,408,1878,1964,86,True
1,366,1878,1964,86,True
8,371,1878,1960,82,True
9,392,1878,2008,130,True
14,378,1878,1960,82,True
16,400,1878,2008,130,True
18,370,1878,2008,130,True
23,382,1878,2008,130,True
27,380,1878,2008,130,True
35,378,1878,2008,130,True
41,406,1878,1960,82,True
42,399,1878,1960,82,True
53,347,1878,1988,110,True
63,386,1878,1988,110,True
68,381,1878,1988,110,True
76,385,1878,1971,93,True
83,365,1878,2073,195,True
92,388,1878,1971,93,True
97,360,1878,1971,93,True
0,409,1879,1964,85,True
1,367,1879,1964,85,True
3,399,1879,1960,81,True
6,379,1879,2008,129,True
18,371,1879,2008,129,True
25,370,1879,2008,129,True
28,394,1879,2008,129,True
38,355,1879,2008,129,True
40,408,1879,2008,129,True
47,355,1879,1960,81,True
50,373,1879,1971,92,True
71,375,1879,1988,109,True
72,373,1879,1950,71,True
74,395,1879,1988,109,True
77,385,1879,1988,109,True
78,390,1879,1988,109,True
79,351,1879,1971,92,True
92,389,1879,1971,92,True
1,368,1880,1964,84,True
8,372,1880,1960,80,True
10,356,1880,2008,128,True
19,353,1880,2008,128,True
27,381,1880,2008,128,True
31,383,1880,1960,80,True
41,407,1880,1960,80,True
47,356,1880,1960,80,True
51,370,1880,1988,108,True
65,375,1880,1971,91,True
75,382,1880,1988,108,True
80,398,1880,1950,70,True
86,387,1880,1971,91,True
87,348,1880,1988,108,True
94,388,1880,1988,108,True
95,375,1880,2008,128,True
96,360,1880,1988,108,True
4,375,1881,1960,79,True
8,373,1881,1960,79,True
9,393,1881,2008,127,True
12,374,1881,1960,79,True
18,372,1881,2008,127,True
28,395,1881,2008,127,True
38,356,1881,2008,127,True
54,427,1881,1988,107,True
55,352,1881,2073,192,True
58,380,1881,1988,107,True
62,355,1881,1988,107,True
68,382,1881,1988,107,True
72,374,1881,1950,69,True
74,396,1881,1988,107,True
79,352,1881,1971,90,True
84,368,1881,1971,90,True
86,388,1881,1971,90,True
92,390,1881,1971,90,True
95,376,1881,2008,127,True
6,380,1882,2008,126,True
11,359,1882,2008,126,True
14,379,1882,1960,78,True
17,337,1882,2008,126,True
21,361,1882,1964,82,True
24,331,1882,1960,78,True
28,396,1882,2008,126,True
31,384,1882,2008,126,True
38,357,1882,2008,126,True
56,384,1882,1971,89,True
61,369,1882,1950,68,True
70,395,1882,1971,89,True
86,389,1882,1971,89,True
87,349,1882,1988,106,True
89,372,1882,1988,106,True
96,361,1882,1988,106,True
3,400,1883,1960,77,True
13,385,1883,2008,125,True
15,378,1883,1944,61,True
20,373,1883,1951,68,True
31,385,1883,2008,125,True
39,357,1883,2008,125,True
46,383,1883,1960,77,True
50,374,1883,1971,88,True
59,394,1883,1988,105,True
62,356,1883,1988,105,True
64,392,1883,1950,67,True
77,386,1883,1988,105,True
78,391,1883,1988,105,True
83,366,1883,2073,190,True
84,369,1883,1971,88,True
85,352,1883,1971,88,True
87,350,1883,1988,105,True
92,391,1883,1971,88,True
3,401,1884,1960,76,True
10,357,1884,2034,150,True
11,360,1884,2008,124,True
13,386,1884,2008,124,True
15,379,1884,1944,60,True
17,338,1884,2008,124,True
19,354,1884,2008,124,True
22,401,1884,2008,124,True
24,332,1884,2008,124,True
37,371,1884,2008,124,True
40,409,1884,2008,124,True
42,400,1884,1960,76,True
45,352,1884,2008,124,True
53,348,1884,2073,189,True
55,353,1884,2073,189,True
57,367,1884,1950,66,True
61,370,1884,1950,66,True
63,387,1884,1988,104,True
69,411,1884,2073,189,True
75,383,1884,1988,104,True
82,379,1884,1988,104,True
85,353,1884,1988,104,True
90,389,1884,1971,87,True
91,367,1884,1988,104,True
0,410,1885,1964,79,True
1,369,1885,1964,79,True
3,402,1885,1960,75,True
15,380,1885,2008,123,True
17,339,1885,2008,123,True
19,355,1885,2008,123,True
21,362,1885,1964,79,True
24,333,1885,2008,123,True
25,371,1885,2008,123,True
26,369,1885,1960,75,True
27,382,1885,2008,123,True
32,361,1885,1960,75,True
34,365,1885,1944,59,True
38,358,1885,2008,123,True
46,384,1885,2008,123,True
48,394,1885,2008,123,True
52,365,1885,,,False
70,396,1885,1971,86,True
75,384,1885,1988,103,True
79,353,1885,1971,86,True
80,399,1885,1988,103,True
86,390,1885,1971,86,True
90,390,1885,1971,86,True
91,368,1885,1988,103,True
93,363,1885,2073,188,True
97,361,1885,1988,103,True
98,354,1885,1971,86,True
0,411,1886,1964,78,True
4,376,1886,2008,122,True
5,373,1886,2008,122,True
12,375,1886,1960,74,True
14,380,1886,1964,78,True
22,402,1886,2008,122,True
24,334,1886,2008,122,True
26,370,1886,1960,74,True
27,383,1886,2008,122,True
28,397,1886,2008,122,True
32,362,1886,2008,122,True
42,401,1886,1960,74,True
44,380,1886,1960,74,True
54,428,1886,1988,102,True
55,354,1886,2073,187,True
59,395,1886,1988,102,True
67,369,1886,1988,102,True
73,381,1886,1971,85,True
76,386,1886,1971,85,True
77,387,1886,1988,102,True
83,367,1886,2073,187,True
88,390,1886,1988,102,True
98,355,1886,1971,85,True
11,361,1887,2008,121,True
28,398,1887,2008,121,True
32,363,1887,2008,121,True
33,359,1887,2008,121,True
37,372,1887,2008,121,True
39,358,1887,2008,121,True
51,371,1887,1988,101,True
52,366,1887,,,False
53,349,1887,2073,186,True
56,385,1887,1971,84,True
60,381,1887,2073,186,True
67,370,1887,1988,101,True
68,383,1887,1988,101,True
71,376,1887,1988,101,True
81,342,1887,1988,101,True
84,370,1887,1988,101,True
93,364,1887,2073,186,True
2,397,1888,2008,120,True
3,403,1888,2008,120,True
11,362,1888,2008,120,True
12,376,1888,1960,72,True
13,387,1888,2008,120,True
15,381,1888,2008,120,True
16,401,1888,2008,120,True
18,373,1888,2008,120,True
34,366,1888,1951,63,True
39,359,1888,2008,120,True
40,410,1888,2008,120,True
43,367,1888,2008,120,True
45,353,1888,2008,120,True
57,368,1888,1950,62,True
59,396,1888,1988,100,True
61,371,1888,1971,83,True
62,357,1888,1988,100,True
76,387,1888,1971,83,True
92,392,1888,2073,185,True
99,360,1888,2073,185,True
0,412,1889,2008,119,True
1,370,1889,1964,75,True
3,404,1889,2008,119,True
10,358,1889,2034,145,True
11,363,1889,2008,119,True
12,377,1889,1960,71,True
14,381,1889,1964,75,True
15,382,1889,2008,119,True
19,356,1889,2008,119,True
25,372,1889,2008,119,True
27,384,1889,2008,119,True
33,360,1889,2008,119,True
36,391,1889,2008,119,True
37,373,1889,2008,119,True
47,357,1889,1960,71,True
48,395,1889,2008,119,True
49,391,1889,1960,71,True
52,367,1889,,,False
54,429,1889,1988,99,True
55,355,1889,2073,184,True
57,369,1889,1950,61,True
58,381,1889,1988,99,True
62,358,1889,1988,99,True
66,371,1889,1988,99,True
67,371,1889,1988,99,True
74,397,1889,1988,99,True
81,343,1889,1988,99,True
82,380,1889,1988,99,True
92,393,1889,2073,184,True
95,377,1889,2008,119,True
99,361,1889,2073,184,True
9,394,1890,2008,118,True
10,359,1890,2034,144,True
15,383,1890,2008,118,True
17,340,1890,2008,118,True
23,383,1890,2008,118,True
27,385,1890,2034,144,True
40,411,1890,2008,118,True
41,408,1890,2008,118,True
46,385,1890,2008,118,True
50,375,1890,1988,98,True
53,350,1890,2073,183,True
64,393,1890,1971,81,True
65,376,1890,1971,81,True
88,391,1890,1988,98,True
89,373,1890,1988,98,True
92,394,1890,2073,183,True
94,389,1890,1988,98,True
97,362,1890,2073,183,True
3,405,1891,2008,117,True
4,377,1891,2008,117,True
12,378,1891,1960,69,True
15,384,1891,2008,117,True
16,402,1891,2008,117,True
20,374,1891,1951,60,True
21,363,1891,1964,73,True
24,335,1891,2008,117,True
30,381,1891,2008,117,True
37,374,1891,2008,117,True
38,359,1891,2008,117,True
39,360,1891,2008,117,True
42,402,1891,2034,143,True
45,354,1891,2008,117,True
48,396,1891,2008,117,True
51,372,1891,1988,97,True
57,370,1891,1950,59,True
70,397,1891,1971,80,True
82,381,1891,1988,97,True
85,354,1891,1988,97,True
91,369,1891,1988,97,True
96,362,1891,1988,97,True
20,375,1892,1951,59,True
29,368,1892,1964,72,True
30,382,1892,2008,116,True
36,392,1892,2008,116,True
42,403,1892,2034,142,True
47,358,1892,1960,68,True
51,373,1892,1988,96,True
55,356,1892,2073,181,True
62,359,1892,1988,96,True
66,372,1892,2073,181,True
67,372,1892,1988,96,True
68,384,1892,1988,96,True
69,412,1892,2073,181,True
71,377,1892,2073,181,True
88,392,1892,1988,96,True
0,413,1893,2008,115,True
2,398,1893,2008,115,True
4,378,1893,2008,115,True
6,381,1893,2008,115,True
11,364,1893,2008,115,True
13,388,1893,2008,115,True
14,382,1893,1970,77,True
16,403,1893,2008,115,True
19,357,1893,2008,115,True
20,376,1893,1951,58,True
21,364,1893,1964,71,True
28,399,1893,2008,115,True
32,364,1893,2008,115,True
64,394,1893,1971,78,True
66,373,1893,2073,180,True
70,398,1893,1971,78,True
71,378,1893,2073,180,True
84,371,1893,1988,95,True
87,351,1893,1988,95,True
90,391,1893,1988,95,True
95,378,1893,2008,115,True
98,356,1893,1988,95,True
12,379,1894,1960,66,True
13,389,1894,2008,114,True
14,383,1894,1970,76,True
16,404,1894,2008,114,True
20,377,1894,1951,57,True
22,403,1894,2008,114,True
27,386,1894,2034,140,True
31,386,1894,2008,114,True
33,361,1894,2008,114,True
35,379,1894,2008,114,True
40,412,1894,2008,114,True
43,368,1894,2008,114,True
44,381,1894,2034,140,True
52,368,1894,,,False
53,351,1894,2073,179,True
56,386,1894,1988,94,True
63,388,1894,2073,179,True
67,373,1894,1988,94,True
69,413,1894,2073,179,True
75,385,1894,1988,94,True
83,368,1894,2073,179,True
84,372,1894,1988,94,True
0,414,1895,2008,113,True
7,358,1895,2008,113,True
8,374,1895,2008,113,True
12,380,1895,1960,65,True
15,385,1895,2008,113,True
22,404,1895,2008,113,True
25,373,1895,2008,113,True
33,362,1895,2008,113,True
36,393,1895,2008,113,True
39,361,1895,2008,113,True
47,359,1895,2008,113,True
50,376,1895,1988,93,True
51,374,1895,1988,93,True
54,430,1895,2073,178,True
56,387,1895,1988,93,True
67,374,1895,1988,93,True
72,375,1895,1988,93,True
73,382,1895,1988,93,True
86,391,1895,1971,76,True
87,352,1895,1988,93,True
5,374,1896,2034,138,True
8,375,1896,2008,112,True
11,365,1896,2008,112,True
19,358,1896,2008,112,True
20,378,1896,1951,55,True
24,336,1896,2008,112,True
30,383,1896,2008,112,True
36,394,1896,2008,112,True
42,404,1896,2034,138,True
48,397,1896,2008,112,True
54,431,1896,2073,177,True
55,357,1896,2073,177,True
56,388,1896,1988,92,True
59,397,1896,1988,92,True
62,360,1896,1988,92,True
80,400,1896,1988,92,True
81,344,1896,1988,92,True
82,382,1896,1988,92,True
91,370,1896,1988,92,True
96,363,1896,1988,92,True
98,357,1896,1988,92,True
99,362,1896,2073,177,True
0,415,1897,2008,111,True
8,376,1897,2008,111,True
11,366,1897,2008,111,True
16,405,1897,2008,111,True
21,365,1897,1964,67,True
22,405,1897,2008,111,True
33,363,1897,2008,111,True
39,362,1897,2008,111,True
40,413,1897,2008,111,True
44,382,1897,2034,137,True
53,352,1897,2073,176,True
54,432,1897,2073,176,True
57,371,1897,1971,74,True
61,372,1897,1971,74,True
62,361,1897,1988,91,True
65,377,1897,1971,74,True
71,379,1897,2073,176,True
80,401,1897,1988,91,True
82,383,1897,1988,91,True
85,355,1897,1988,91,True
93,365,1897,2073,176,True
95,379,1897,2008,111,True
97,363,1897,2073,176,True
1,371,1898,1964,66,True
3,406,1898,2008,110,True
15,386,1898,2008,110,True
26,371,1898,2008,110,True
28,400,1898,2008,110,True
31,387,1898,2008,110,True
38,360,1898,2008,110,True
45,355,1898,2008,110,True
51,375,1898,1988,90,True
55,358,1898,2073,175,True
65,378,1898,1988,90,True
66,374,1898,2073,175,True
73,383,1898,1988,90,True
74,398,1898,1988,90,True
76,388,1898,1988,90,True
81,345,1898,1988,90,True
88,393,1898,2073,175,True
93,366,1898,2073,175,True
94,390,1898,1988,90,True
0,416,1899,2008,109,True
8,377,1899,2008,109,True
9,395,1899,2008,109,True
11,367,1899,2008,109,True
16,406,1899,2008,109,True
22,406,1899,2008,109,True
24,337,1899,2008,109,True
27,387,1899,2034,135,True
35,380,1899,2008,109,True
49,392,1899,2008,109,True
59,398,1899,1988,89,True
60,382,1899,2073,174,True
63,389,1899,2073,174,True
64,395,1899,1971,72,True
78,392,1899,2073,174,True
81,346,1899,1988,89,True
86,392,1899,1988,89,True
89,374,1899,2073,174,True
94,391,1899,1988,89,True
95,380,1899,2008,109,True
97,364,1899,2073,174,True
0,417,1900,2008,108,True
5,375,1900,2034,134,True
8,378,1900,2008,108,True
14,384,1900,1970,70,True
18,374,1900,2008,108,True
26,372,1900,2008,108,True
28,401,1900,2008,108,True
35,381,1900,2008,108,True
42,405,1900,2034,134,True
47,360,1900,2008,108,True
48,398,1900,2008,108,True
50,377,1900,1988,88,True
53,353,1900,2073,173,True
63,390,1900,2073,173,True
65,379,1900,1988,88,True
75,386,1900,1988,88,True
82,384,1900,1988,88,True
89,375,1900,2073,173,True
2,399,1901,2008,107,True
14,385,1901,1970,69,True
16,407,1901,2008,107,True
31,388,1901,2008,107,True
35,382,1901,2008,107,True
41,409,1901,2008,107,True
44,383,1901,2034,133,True
56,389,1901,1988,87,True
57,372,1901,1971,70,True
60,383,1901,2073,172,True
66,375,1901,2073,172,True
68,385,1901,1988,87,True
73,384,1901,1988,87,True
80,402,1901,1988,87,True
84,373,1901,1988,87,True
89,376,1901,2073,172,True
94,392,1901,1988,87,True
97,365,1901,2073,172,True
1,372,1902,1964,62,True
3,407,1902,2008,106,True
4,379,1902,2008,106,True
12,381,1902,2008,106,True
14,386,1902,1970,68,True
17,341,1902,2034,132,True
27,388,1902,2034,132,True
33,364,1902,2008,106,True
42,406,1902,2034,132,True
54,433,1902,2073,171,True
60,384,1902,2073,171,True
67,375,1902,1988,86,True
68,386,1902,1988,86,True
75,387,1902,1988,86,True
82,385,1902,1988,86,True
83,369,1902,2073,171,True
91,371,1902,1988,86,True
93,367,1902,2073,171,True
95,381,1902,2008,106,True
99,363,1902,2073,171,True
0,418,1903,2008,105,True
1,373,1903,1964,61,True
5,376,1903,2034,131,True
8,379,1903,2008,105,True
17,342,1903,2034,131,True
29,369,1903,2008,105,True
35,383,1903,2008,105,True
44,384,1903,2034,131,True
45,356,1903,2008,105,True
46,386,1903,2008,105,True
48,399,1903,2008,105,True
58,382,1903,1988,85,True
61,373,1903,1971,68,True
63,391,1903,2073,170,True
73,385,1903,1988,85,True
78,393,1903,2073,170,True
84,374,1903,1988,85,True
91,372,1903,1988,85,True
92,395,1903,2073,170,True
99,364,1903,2073,170,True
2,400,1904,2008,104,True
5,377,1904,2034,130,True
8,380,1904,2008,104,True
13,390,1904,2008,104,True
16,408,1904,2008,104,True
26,373,1904,2008,104,True
38,361,1904,2008,104,True
43,369,1904,2008,104,True
52,369,1904,,,False
59,399,1904,1988,84,True
74,399,1904,1988,84,True
79,354,1904,1988,84,True
85,356,1904,1988,84,True
95,382,1904,2008,104,True
1,374,1905,2008,103,True
6,382,1905,2008,103,True
12,382,1905,2008,103,True
19,359,1905,2034,129,True
24,338,1905,2008,103,True
30,384,1905,2008,103,True
40,414,1905,2008,103,True
41,410,1905,2034,129,True
64,396,1905,1988,83,True
69,414,1905,2073,168,True
70,399,1905,1988,83,True
71,380,1905,2073,168,True
72,376,1905,1988,83,True
78,394,1905,2073,168,True
81,347,1905,1988,83,True
85,357,1905,1988,83,True
87,353,1905,1988,83,True
89,377,1905,2073,168,True
90,392,1905,1988,83,True
95,383,1905,2008,103,True
5,378,1906,2034,128,True
13,391,1906,2008,102,True
16,409,1906,2008,102,True
18,375,1906,2008,102,True
30,385,1906,2008,102,True
32,365,1906,2008,102,True
37,375,1906,2008,102,True
39,363,1906,2034,128,True
42,407,1906,2034,128,True
43,370,1906,2008,102,True
46,387,1906,2008,102,True
57,373,1906,1988,82,True
65,380,1906,1988,82,True
87,354,1906,1988,82,True
96,364,1906,2073,167,True
97,366,1906,2073,167,True
5,379,1907,2034,127,True
11,368,1907,2008,101,True
13,392,1907,2008,101,True
17,343,1907,2034,127,True
30,386,1907,2008,101,True
36,395,1907,2008,101,True
44,385,1907,2034,127,True
56,390,1907,1988,81,True
57,374,1907,1988,81,True
64,397,1907,1988,81,True
68,387,1907,1988,81,True
70,400,1907,1988,81,True
79,355,1907,1988,81,True
80,403,1907,2073,166,True
83,370,1907,2073,166,True
89,378,1907,2073,166,True
90,393,1907,1988,81,True
99,365,1907,2073,166,True
7,359,1908,2008,100,True
8,381,1908,2008,100,True
20,379,1908,1971,63,True
22,407,1908,2008,100,True
24,339,1908,2008,100,True
26,374,1908,2008,100,True
38,362,1908,2008,100,True
40,415,1908,2034,126,True
55,359,1908,2073,165,True
60,385,1908,2073,165,True
63,392,1908,2073,165,True
71,381,1908,2073,165,True
75,388,1908,1988,80,True
87,355,1908,1988,80,True
94,393,1908,1988,80,True
97,367,1908,2073,165,True
1,375,1909,2008,99,True
2,401,1909,2008,99,True
4,380,1909,2008,99,True
5,380,1909,2034,125,True
9,396,1909,2008,99,True
23,384,1909,2008,99,True
25,374,1909,2008,99,True
27,389,1909,2034,125,True
32,366,1909,2008,99,True
36,396,1909,2034,125,True
39,364,1909,2034,125,True
40,416,1909,2034,125,True
44,386,1909,2034,125,True
51,376,1909,1988,79,True
57,375,1909,1988,79,True
62,362,1909,1988,79,True
67,376,1909,2073,164,True
78,395,1909,2073,164,True
84,375,1909,2073,164,True
88,394,1909,2073,164,True
94,394,1909,1988,79,True
99,366,1909,2073,164,True
0,419,1910,2008,98,True
3,408,1910,2008,98,True
6,383,1910,2008,98,True
11,369,1910,2008,98,True
14,387,1910,2008,98,True
23,385,1910,2034,124,True
25,375,1910,2008,98,True
30,387,1910,2008,98,True
34,367,1910,2008,98,True
39,365,1910,2034,124,True
42,408,1910,2034,124,True
49,393,1910,2008,98,True
50,378,1910,1988,78,True
54,434,1910,2073,163,True
55,360,1910,2073,163,True
61,374,1910,1988,78,True
66,376,1910,2073,163,True
67,377,1910,2073,163,True
84,376,1910,2073,163,True
90,394,1910,1988,78,True
94,395,1910,1988,78,True
95,384,1910,2008,98,True
98,358,1910,2008,98,True
2,402,1911,2008,97,True
5,381,1911,2034,123,True
7,360,1911,2008,97,True
11,370,1911,2008,97,True
12,383,1911,2008,97,True
13,393,1911,2034,123,True
14,388,1911,2008,97,True
18,376,1911,2034,123,True
19,360,1911,2034,123,True
31,389,1911,2008,97,True
38,363,1911,2008,97,True
45,357,1911,2008,97,True
59,400,1911,1988,77,True
63,393,1911,2073,162,True
67,378,1911,2073,162,True
69,415,1911,2073,162,True
71,382,1911,2073,162,True
75,389,1911,1988,77,True
76,389,1911,1988,77,True
83,371,1911,2073,162,True
86,393,1911,1988,77,True
87,356,1911,1988,77,True
99,367,1911,2073,162,True
7,361,1912,2008,96,True
9,397,1912,2008,96,True
11,371,1912,2008,96,True
14,389,1912,2008,96,True
19,361,1912,2034,122,True
23,386,1912,2034,122,True
26,375,1912,2008,96,True
30,388,1912,2008,96,True
36,397,1912,2034,122,True
44,387,1912,2075,163,True
51,377,1912,1988,76,True
52,370,1912,,,False
53,354,1912,2073,161,True
57,376,1912,1988,76,True
58,383,1912,1988,76,True
62,363,1912,1988,76,True
67,379,1912,2073,161,True
68,388,1912,1988,76,True
69,416,1912,2073,161,True
70,401,1912,1988,76,True
73,386,1912,1988,76,True
82,386,1912,2073,161,True
86,394,1912,1988,76,True
9,398,1913,2008,95,True
10,360,1913,2034,121,True
13,394,1913,2034,121,True
14,390,1913,2008,95,True
22,408,1913,2034,121,True
25,376,1913,2008,95,True
30,389,1913,2008,95,True
33,365,1913,2008,95,True
35,384,1913,2008,95,True
45,358,1913,2008,95,True
46,388,1913,2008,95,True
53,355,1913,2073,160,True
54,435,1913,2073,160,True
55,361,1913,2073,160,True
66,377,1913,2073,160,True
68,389,1913,1988,75,True
71,383,1913,2073,160,True
72,377,1913,1988,75,True
81,348,1913,1988,75,True
87,357,1913,1988,75,True
94,396,1913,1988,75,True
98,359,1913,2008,95,True
6,384,1914,2008,94,True
7,362,1914,2008,94,True
14,391,1914,2008,94,True
19,362,1914,2034,120,True
23,387,1914,2034,120,True
25,377,1914,2008,94,True
28,402,1914,2008,94,True
31,390,1914,2034,120,True
32,367,1914,2008,94,True
33,366,1914,2008,94,True
35,385,1914,2008,94,True
37,376,1914,2034,120,True
41,411,1914,2034,120,True
43,371,1914,2034,120,True
45,359,1914,2008,94,True
49,394,1914,2008,94,True
51,378,1914,1988,74,True
56,391,1914,1988,74,True
57,377,1914,2008,94,True
77,388,1914,2073,159,True
82,387,1914,2073,159,True
83,372,1914,2073,159,True
85,358,1914,1988,74,True
91,373,1914,1988,74,True
95,385,1914,2008,94,True
16,410,1915,2034,119,True
17,344,1915,2034,119,True
29,370,1915,2008,93,True
32,368,1915,2008,93,True
41,412,1915,2034,119,True
43,372,1915,2034,119,True
45,360,1915,2008,93,True
46,389,1915,2034,119,True
47,361,1915,2008,93,True
63,394,1915,2073,158,True
69,417,1915,2073,158,True
72,378,1915,1988,73,True
76,390,1915,1988,73,True
79,356,1915,1988,73,True
81,349,1915,2073,158,True
82,388,1915,2073,158,True
84,377,1915,2073,158,True
86,395,1915,1988,73,True
87,358,1915,1988,73,True
90,395,1915,1988,73,True
92,396,1915,2073,158,True
96,365,1915,2073,158,True
97,368,1915,2073,158,True
13,395,1916,2034,118,True
16,411,1916,2034,118,True
31,391,1916,2034,118,True
36,398,1916,2034,118,True
40,417,1916,2034,118,True
44,388,1916,2075,159,True
53,356,1916,2073,157,True
58,384,1916,2073,157,True
62,364,1916,1988,72,True
64,398,1916,2008,92,True
67,380,1916,2073,157,True
68,390,1916,1988,72,True
74,400,1916,2073,157,True
95,386,1916,2008,92,True
99,368,1916,2073,157,True
0,420,1917,2008,91,True
12,384,1917,2008,91,True
13,396,1917,2034,117,True
15,387,1917,2008,91,True
20,380,1917,2008,91,True
22,409,1917,2034,117,True
32,369,1917,2034,117,True
34,368,1917,2008,91,True
44,389,1917,2075,158,True
49,395,1917,2008,91,True
61,375,1917,1988,71,True
65,381,1917,1988,71,True
77,389,1917,2073,156,True
94,397,1917,1988,71,True
95,387,1917,2008,91,True
97,369,1917,2073,156,True
0,421,1918,2008,90,True
2,403,1918,2008,90,True
5,382,1918,2034,116,True
9,399,1918,2008,90,True
22,410,1918,2034,116,True
23,388,1918,2034,116,True
24,340,1918,2034,116,True
26,376,1918,2008,90,True
29,371,1918,2008,90,True
34,369,1918,2008,90,True
35,386,1918,2008,90,True
41,413,1918,2034,116,True
42,409,1918,2034,116,True
45,361,1918,2008,90,True
47,362,1918,2008,90,True
49,396,1918,2008,90,True
54,436,1918,2073,155,True
63,395,1918,2073,155,True
68,391,1918,1988,70,True
69,418,1918,2073,155,True
72,379,1918,1988,70,True
73,387,1918,1988,70,True
84,378,1918,2073,155,True
85,359,1918,1988,70,True
6,385,1919,2034,115,True
11,372,1919,2008,89,True
20,381,1919,2008,89,True
24,341,1919,2034,115,True
25,378,1919,2008,89,True
35,387,1919,2008,89,True
38,364,1919,2008,89,True
45,362,1919,2008,89,True
50,379,1919,2073,154,True
51,379,1919,1988,69,True
54,437,1919,2073,154,True
60,386,1919,2073,154,True
67,381,1919,2073,154,True
70,402,1919,1988,69,True
74,401,1919,2073,154,True
89,379,1919,2073,154,True
92,397,1919,2073,154,True
95,388,1919,2008,89,True
96,366,1919,2073,154,True
0,422,1920,2008,88,True
11,373,1920,2008,88,True
13,397,1920,2034,114,True
15,388,1920,2008,88,True
21,366,1920,2008,88,True
24,342,1920,2034,114,True
43,373,1920,2034,114,True
49,397,1920,2008,88,True
63,396,1920,2073,153,True
67,382,1920,2073,153,True
72,380,1920,1988,68,True
73,388,1920,1988,68,True
75,390,1920,1988,68,True
82,389,1920,2073,153,True
86,396,1920,1988,68,True
91,374,1920,1988,68,True
95,389,1920,2008,88,True
0,423,1921,2008,87,True
1,376,1921,2008,87,True
2,404,1921,2008,87,True
4,381,1921,2008,87,True
5,383,1921,2034,113,True
12,385,1921,2034,113,True
26,377,1921,2034,113,True
35,388,1921,2008,87,True
41,414,1921,2034,113,True
56,392,1921,2073,152,True
60,387,1921,2073,152,True
66,378,1921,2073,152,True
87,359,1921,2073,152,True
89,380,1921,2073,152,True
95,390,1921,2008,87,True
98,360,1921,2008,87,True
8,382,1922,2008,86,True
13,398,1922,2034,112,True
17,345,1922,2034,112,True
21,367,1922,2008,86,True
25,379,1922,2008,86,True
28,403,1922,2008,86,True
30,390,1922,2008,86,True
32,370,1922,2034,112,True
35,389,1922,2034,112,True
45,363,1922,2008,86,True
52,371,1922,,,False
53,357,1922,2073,151,True
70,403,1922,1988,66,True
71,384,1922,2073,151,True
72,381,1922,1988,66,True
78,396,1922,2073,151,True
80,404,1922,2073,151,True
86,397,1922,1988,66,True
5,384,1923,2034,111,True
8,383,1923,2008,85,True
15,389,1923,2008,85,True
18,377,1923,2034,111,True
24,343,1923,2034,111,True
32,371,1923,2034,111,True
37,377,1923,2034,111,True
40,418,1923,2034,111,True
41,415,1923,2034,111,True
42,410,1923,2034,111,True
47,363,1923,2008,85,True
49,398,1923,2008,85,True
63,397,1923,2073,150,True
66,379,1923,2073,150,True
71,385,1923,2073,150,True
85,360,1923,1988,65,True
91,375,1923,2073,150,True
92,398,1923,2073,150,True
94,398,1923,2073,150,True
0,424,1924,2008,84,True
6,386,1924,2034,110,True
10,361,1924,2034,110,True
11,374,1924,2034,110,True
12,386,1924,2034,110,True
16,412,1924,2034,110,True
26,378,1924,2034,110,True
32,372,1924,2034,110,True
35,390,1924,2034,110,True
40,419,1924,2034,110,True
42,411,1924,2034,110,True
43,374,1924,2034,110,True
49,399,1924,2008,84,True
50,380,1924,2073,149,True
51,380,1924,2073,149,True
53,358,1924,2073,149,True
60,388,1924,2073,149,True
63,398,1924,2073,149,True
67,383,1924,2073,149,True
72,382,1924,1988,64,True
77,390,1924,2073,149,True
80,405,1924,2073,149,True
81,350,1924,2073,149,True
83,373,1924,2073,149,True
94,399,1924,2073,149,True
96,367,1924,2073,149,True
98,361,1924,2008,84,True
1,377,1925,2008,83,True
5,385,1925,2034,109,True
9,400,1925,2034,109,True
10,362,1925,2034,109,True
12,387,1925,2034,109,True
13,399,1925,2034,109,True
16,413,1925,2034,109,True
17,346,1925,2034,109,True
24,344,1925,2034,109,True
26,379,1925,2034,109,True
27,390,1925,2034,109,True
30,391,1925,2008,83,True
32,373,1925,2034,109,True
47,364,1925,2008,83,True
49,400,1925,2008,83,True
56,393,1925,2073,148,True
60,389,1925,2073,148,True
76,391,1925,2073,148,True
77,391,1925,2073,148,True
78,397,1925,2073,148,True
79,357,1925,1988,63,True
83,374,1925,2073,148,True
84,379,1925,2073,148,True
85,361,1925,1988,63,True
87,360,1925,2073,148,True
90,396,1925,2073,148,True
92,399,1925,2073,148,True
0,425,1926,2008,82,True
2,405,1926,2008,82,True
10,363,1926,2034,108,True
11,375,1926,2034,108,True
12,388,1926,2034,108,True
18,378,1926,2034,108,True
20,382,1926,2008,82,True
26,380,1926,2034,108,True
27,391,1926,2034,108,True
28,404,1926,2034,108,True
37,378,1926,2034,108,True
38,365,1926,2034,108,True
45,364,1926,2008,82,True
49,401,1926,2008,82,True
54,438,1926,2073,147,True
59,401,1926,2073,147,True
61,376,1926,2008,82,True
63,399,1926,2073,147,True
80,406,1926,2073,147,True
85,362,1926,1988,62,True
86,398,1926,1988,62,True
92,400,1926,2073,147,True
93,368,1926,2073,147,True
95,391,1926,2073,147,True
97,370,1926,2073,147,True
4,382,1927,2034,107,True
7,363,1927,2034,107,True
17,347,1927,2034,107,True
26,381,1927,2034,107,True
42,412,1927,2034,107,True
48,400,1927,2034,107,True
49,402,1927,2008,81,True
50,381,1927,2073,146,True
58,385,1927,2073,146,True
63,400,1927,2073,146,True
69,419,1927,2073,146,True
74,402,1927,2073,146,True
76,392,1927,2073,146,True
79,358,1927,1988,61,True
80,407,1927,2073,146,True
86,399,1927,1988,61,True
87,361,1927,2073,146,True
98,362,1927,2008,81,True
5,386,1928,2034,106,True
10,364,1928,2034,106,True
21,368,1928,2008,80,True
23,389,1928,2034,106,True
30,392,1928,2034,106,True
43,375,1928,2034,106,True
45,365,1928,2008,80,True
48,401,1928,2034,106,True
52,372,1928,,,False
72,383,1928,1988,60,True
77,392,1928,2073,145,True
78,398,1928,2073,145,True
79,359,1928,1988,60,True
88,395,1928,2073,145,True
92,401,1928,2073,145,True
97,371,1928,2073,145,True
1,378,1929,2008,79,True
3,409,1929,2034,105,True
9,401,1929,2034,105,True
21,369,1929,2008,79,True
22,411,1929,2034,105,True
25,380,1929,2034,105,True
35,391,1929,2034,105,True
36,399,1929,2034,105,True
40,420,1929,2034,105,True
42,413,1929,2034,105,True
44,390,1929,2075,146,True
45,366,1929,2008,79,True
58,386,1929,2073,144,True
67,384,1929,2073,144,True
76,393,1929,2073,144,True
78,399,1929,2073,144,True
84,380,1929,2073,144,True
85,363,1929,2073,144,True
87,362,1929,2073,144,True
93,369,1929,2073,144,True
98,363,1929,2008,79,True
0,426,1930,2008,78,True
1,379,1930,2008,78,True
13,400,1930,2034,104,True
34,370,1930,2008,78,True
35,392,1930,2034,104,True
39,366,1930,2034,104,True
43,376,1930,2034,104,True
49,403,1930,2034,104,True
53,359,1930,2073,143,True
70,404,1930,1988,58,True
71,386,1930,2073,143,True
72,384,1930,1988,58,True
73,389,1930,2073,143,True
77,393,1930,2073,143,True
80,408,1930,2073,143,True
82,390,1930,2073,143,True
84,381,1930,2073,143,True
88,396,1930,2073,143,True
90,397,1930,2073,143,True
91,376,1930,2073,143,True
92,402,1930,2073,143,True
96,368,1930,2073,143,True
97,372,1930,2073,143,True
5,387,1931,2034,103,True
10,365,1931,2034,103,True
24,345,1931,2034,103,True
27,392,1931,2034,103,True
36,400,1931,2034,103,True
40,421,1931,2034,103,True
41,416,1931,2034,103,True
43,377,1931,2034,103,True
45,367,1931,2034,103,True
48,402,1931,2034,103,True
59,402,1931,2073,142,True
66,380,1931,2073,142,True
72,385,1931,1988,57,True
74,403,1931,2073,142,True
76,394,1931,2073,142,True
77,394,1931,2073,142,True
80,409,1931,2073,142,True
84,382,1931,2073,142,True
96,369,1931,2073,142,True
97,373,1931,2073,142,True
98,364,1931,2008,77,True
1,380,1932,2008,76,True
7,364,1932,2034,102,True
8,384,1932,2034,102,True
9,402,1932,2034,102,True
13,401,1932,2034,102,True
22,412,1932,2034,102,True
23,390,1932,2034,102,True
26,382,1932,2034,102,True
32,374,1932,2034,102,True
38,366,1932,2034,102,True
40,422,1932,2034,102,True
47,365,1932,2008,76,True
50,382,1932,2073,141,True
63,401,1932,2073,141,True
74,404,1932,2073,141,True
79,360,1932,2073,141,True
82,391,1932,2073,141,True
84,383,1932,2073,141,True
90,398,1932,2073,141,True
91,377,1932,2073,141,True
92,403,1932,2073,141,True
95,392,1932,2073,141,True
99,369,1932,2073,141,True
1,381,1933,2008,75,True
8,385,1933,2034,101,True
9,403,1933,2034,101,True
12,389,1933,2034,101,True
13,402,1933,2034,101,True
14,392,1933,2008,75,True
26,383,1933,2034,101,True
27,393,1933,2034,101,True
53,360,1933,2073,140,True
65,382,1933,2073,140,True
76,395,1933,2073,140,True
78,400,1933,2073,140,True
86,400,1933,2073,140,True
90,399,1933,2073,140,True
9,404,1934,2034,100,True
10,366,1934,2034,100,True
11,376,1934,2034,100,True
13,403,1934,2034,100,True
22,413,1934,2034,100,True
23,391,1934,2034,100,True
29,372,1934,2008,74,True
31,392,1934,2034,100,True
34,371,1934,2034,100,True
35,393,1934,2034,100,True
40,423,1934,2034,100,True
54,439,1934,2073,139,True
57,378,1934,2008,74,True
60,390,1934,2073,139,True
66,381,1934,2073,139,True
68,392,1934,2073,139,True
74,405,1934,2073,139,True
80,410,1934,2073,139,True
86,401,1934,2073,139,True
87,363,1934,2073,139,True
94,400,1934,2073,139,True
2,406,1935,2034,99,True
10,367,1935,2034,99,True
11,377,1935,2034,99,True
21,370,1935,2008,73,True
22,414,1935,2034,99,True
36,401,1935,2034,99,True
40,424,1935,2034,99,True
45,368,1935,2034,99,True
52,373,1935,,,False
71,387,1935,2073,138,True
72,386,1935,2073,138,True
73,390,1935,2073,138,True
77,395,1935,2073,138,True
84,384,1935,2073,138,True
85,364,1935,2073,138,True
93,370,1935,2073,138,True
94,401,1935,2073,138,True
6,387,1936,2034,98,True
8,386,1936,2034,98,True
12,390,1936,2034,98,True
23,392,1936,2034,98,True
24,346,1936,2034,98,True
27,394,1936,2034,98,True
29,373,1936,2008,72,True
30,393,1936,2034,98,True
31,393,1936,2034,98,True
39,367,1936,2034,98,True
44,391,1936,2075,139,True
45,369,1936,2034,98,True
48,403,1936,2034,98,True
53,361,1936,2073,137,True
56,394,1936,2073,137,True
57,379,1936,2073,137,True
58,387,1936,2073,137,True
59,403,1936,2073,137,True
67,385,1936,2073,137,True
72,387,1936,2073,137,True
73,391,1936,2073,137,True
84,385,1936,2073,137,True
4,383,1937,2034,97,True
13,404,1937,2034,97,True
23,393,1937,2034,97,True
24,347,1937,2034,97,True
29,374,1937,2008,71,True
34,372,1937,2034,97,True
37,379,1937,2034,97,True
38,367,1937,2034,97,True
42,414,1937,2034,97,True
45,370,1937,2034,97,True
48,404,1937,2034,97,True
52,374,1937,,,False
53,362,1937,2073,136,True
54,440,1937,2073,136,True
56,395,1937,2073,136,True
63,402,1937,2073,136,True
65,383,1937,2073,136,True
69,420,1937,2073,136,True
78,401,1937,2073,136,True
81,351,1937,2073,136,True
83,375,1937,2073,136,True
93,371,1937,2073,136,True
98,365,1937,2073,136,True
6,388,1938,2034,96,True
12,391,1938,2034,96,True
30,394,1938,2034,96,True
31,394,1938,2034,96,True
46,390,1938,2034,96,True
48,405,1938,2034,96,True
52,375,1938,,,False
53,363,1938,2073,135,True
54,441,1938,2073,135,True
64,399,1938,2073,135,True
69,421,1938,2073,135,True
85,365,1938,2073,135,True
88,397,1938,2073,135,True
96,370,1938,2073,135,True
1,382,1939,2034,95,True
14,393,1939,2008,69,True
20,383,1939,2034,95,True
29,375,1939,2008,69,True
31,395,1939,2034,95,True
33,367,1939,2034,95,True
46,391,1939,2034,95,True
57,380,1939,2073,134,True
67,386,1939,2073,134,True
78,402,1939,2073,134,True
81,352,1939,2073,134,True
82,392,1939,2073,134,True
84,386,1939,2073,134,True
89,381,1939,2073,134,True
94,402,1939,2073,134,True
4,384,1940,2034,94,True
5,388,1940,2034,94,True
6,389,1940,2034,94,True
22,415,1940,2034,94,True
24,348,1940,2034,94,True
25,381,1940,2034,94,True
35,394,1940,2034,94,True
44,392,1940,2075,135,True
45,371,1940,2034,94,True
48,406,1940,2034,94,True
51,381,1940,2073,133,True
52,376,1940,,,False
69,422,1940,2073,133,True
72,388,1940,2073,133,True
76,396,1940,2073,133,True
86,402,1940,2073,133,True
95,393,1940,2073,133,True
98,366,1940,2073,133,True
5,389,1941,2034,93,True
16,414,1941,2034,93,True
17,348,1941,2034,93,True
19,363,1941,2034,93,True
23,394,1941,2034,93,True
28,405,1941,2034,93,True
29,376,1941,2008,67,True
35,395,1941,2034,93,True
39,368,1941,2034,93,True
44,393,1941,2075,134,True
45,372,1941,2034,93,True
50,383,1941,2073,132,True
51,382,1941,2073,132,True
66,382,1941,2073,132,True
67,387,1941,2073,132,True
69,423,1941,2073,132,True
76,397,1941,2073,132,True
78,403,1941,2073,132,True
85,366,1941,2073,132,True
87,364,1941,2073,132,True
93,372,1941,2073,132,True
99,370,1941,2073,132,True
1,383,1942,2034,92,True
4,385,1942,2034,92,True
6,390,1942,2034,92,True
14,394,1942,2008,66,True
17,349,1942,2034,92,True
27,395,1942,2034,92,True
32,375,1942,2034,92,True
33,368,1942,2034,92,True
40,425,1942,2034,92,True
49,404,1942,2034,92,True
52,377,1942,,,False
53,364,1942,2073,131,True
59,404,1942,2073,131,True
61,377,1942,2073,131,True
66,383,1942,2073,131,True
67,388,1942,2073,131,True
69,424,1942,2073,131,True
70,405,1942,2073,131,True
3,410,1943,2034,91,True
4,386,1943,2034,91,True
17,350,1943,2034,91,True
18,379,1943,2118,175,True
19,364,1943,2034,91,True
23,395,1943,2034,91,True
38,368,1943,2034,91,True
43,378,1943,2034,91,True
46,392,1943,2118,175,True
51,383,1943,2073,130,True
59,405,1943,2073,130,True
60,391,1943,2073,130,True
64,400,1943,2073,130,True
65,384,1943,2073,130,True
69,425,1943,2073,130,True
79,361,1943,2073,130,True
83,376,1943,2073,130,True
84,387,1943,2073,130,True
94,403,1943,2073,130,True
96,371,1943,2073,130,True
99,371,1943,2073,130,True
3,411,1944,2034,90,True
7,365,1944,2034,90,True
8,387,1944,2034,90,True
9,405,1944,2034,90,True
11,378,1944,2034,90,True
12,392,1944,2034,90,True
13,405,1944,2034,90,True
16,415,1944,2034,90,True
19,365,1944,2034,90,True
25,382,1944,2034,90,True
29,377,1944,2034,90,True
37,380,1944,2034,90,True
40,426,1944,2034,90,True
43,379,1944,2034,90,True
48,407,1944,2034,90,True
71,388,1944,2073,129,True
91,378,1944,2073,129,True
93,373,1944,2073,129,True
4,387,1945,2034,89,True
13,406,1945,2034,89,True
15,390,1945,2034,89,True
17,351,1945,2034,89,True
21,371,1945,2008,63,True
23,396,1945,2034,89,True
27,396,1945,2118,173,True
33,369,1945,2034,89,True
35,396,1945,2034,89,True
36,402,1945,2034,89,True
37,381,1945,2034,89,True
38,369,1945,2034,89,True
42,415,1945,2034,89,True
54,442,1945,2073,128,True
70,406,1945,2073,128,True
71,389,1945,2073,128,True
93,374,1945,2073,128,True
95,394,1945,2073,128,True
98,367,1945,2073,128,True
8,388,1946,2034,88,True
10,368,1946,2034,88,True
23,397,1946,2034,88,True
40,427,1946,2034,88,True
41,417,1946,2034,88,True
47,366,1946,2034,88,True
52,378,1946,,,False
54,443,1946,2073,127,True
56,396,1946,2073,127,True
57,381,1946,2073,127,True
60,392,1946,2073,127,True
70,407,1946,2073,127,True
80,411,1946,2073,127,True
0,427,1947,2034,87,True
1,384,1947,2034,87,True
4,388,1947,2034,87,True
8,389,1947,2034,87,True
12,393,1947,2034,87,True
14,395,1947,2008,61,True
15,391,1947,2034,87,True
17,352,1947,2034,87,True
30,395,1947,2034,87,True
31,396,1947,2034,87,True
34,373,1947,2034,87,True
53,365,1947,2073,126,True
61,378,1947,2073,126,True
73,392,1947,2073,126,True
79,362,1947,2073,126,True
80,412,1947,2073,126,True
85,367,1947,2073,126,True
91,379,1947,2073,126,True
93,375,1947,2073,126,True
7,366,1948,2034,86,True
10,369,1948,2034,86,True
12,394,1948,2034,86,True
15,392,1948,2034,86,True
16,416,1948,2034,86,True
21,372,1948,2034,86,True
27,397,1948,2118,170,True
38,370,1948,2034,86,True
39,369,1948,2034,86,True
53,366,1948,2073,125,True
60,393,1948,2073,125,True
68,393,1948,2073,125,True
71,390,1948,2073,125,True
76,398,1948,2073,125,True
79,363,1948,2073,125,True
92,404,1948,2073,125,True
93,376,1948,2073,125,True
97,374,1948,2073,125,True
2,407,1949,2034,85,True
8,390,1949,2075,126,True
9,406,1949,2034,85,True
10,370,1949,2034,85,True
13,407,1949,2034,85,True
23,398,1949,2034,85,True
30,396,1949,2034,85,True
37,382,1949,2034,85,True
44,394,1949,2075,126,True
47,367,1949,2034,85,True
56,397,1949,2073,124,True
64,401,1949,2073,124,True
69,426,1949,2073,124,True
71,391,1949,2073,124,True
87,365,1949,2073,124,True
90,400,1949,2073,124,True
91,380,1949,2073,124,True
93,377,1949,2073,124,True
96,372,1949,2073,124,True
0,428,1950,2034,84,True
3,412,1950,2034,84,True
7,367,1950,2034,84,True
31,397,1950,2034,84,True
36,403,1950,2034,84,True
42,416,1950,2034,84,True
45,373,1950,2034,84,True
47,368,1950,2034,84,True
48,408,1950,2034,84,True
49,405,1950,2034,84,True
55,362,1950,2073,123,True
58,388,1950,2073,123,True
59,406,1950,2073,123,True
60,394,1950,2073,123,True
63,403,1950,2073,123,True
78,404,1950,2073,123,True
79,364,1950,2073,123,True
82,393,1950,2073,123,True
90,401,1950,2073,123,True
91,381,1950,2073,123,True
99,372,1950,2073,123,True
1,385,1951,2034,83,True
3,413,1951,2034,83,True
7,368,1951,2034,83,True
10,371,1951,2118,167,True
12,395,1951,2034,83,True
15,393,1951,2034,83,True
24,349,1951,2034,83,True
26,384,1951,2034,83,True
28,406,1951,2034,83,True
29,378,1951,2034,83,True
35,397,1951,2034,83,True
36,404,1951,2034,83,True
40,428,1951,2034,83,True
44,395,1951,2075,124,True
51,384,1951,2073,122,True
62,365,1951,2073,122,True
71,392,1951,2073,122,True
73,393,1951,2073,122,True
87,366,1951,2073,122,True
89,382,1951,2073,122,True
91,382,1951,2073,122,True
8,391,1952,2075,123,True
10,372,1952,2118,166,True
14,396,1952,2075,123,True
26,385,1952,2034,82,True
30,397,1952,2034,82,True
35,398,1952,2034,82,True
36,405,1952,2034,82,True
38,371,1952,2034,82,True
47,369,1952,2034,82,True
49,406,1952,2034,82,True
52,379,1952,,,False
56,398,1952,2073,121,True
62,366,1952,2073,121,True
77,396,1952,2073,121,True
78,405,1952,2073,121,True
83,377,1952,2073,121,True
89,383,1952,2073,121,True
90,402,1952,2073,121,True
92,405,1952,2073,121,True
96,373,1952,2073,121,True
99,373,1952,2073,121,True
7,369,1953,2034,81,True
16,417,1953,2034,81,True
18,380,1953,2118,165,True
22,416,1953,2118,165,True
30,398,1953,2034,81,True
33,370,1953,2034,81,True
41,418,1953,2034,81,True
44,396,1953,2075,122,True
45,374,1953,2034,81,True
53,367,1953,2073,120,True
55,363,1953,2073,120,True
56,399,1953,2073,120,True
57,382,1953,2073,120,True
75,391,1953,2073,120,True
81,353,1953,2073,120,True
92,406,1953,2073,120,True
98,368,1953,2073,120,True
99,374,1953,2073,120,True
8,392,1954,2075,121,True
17,353,1954,2034,80,True
22,417,1954,2118,164,True
27,398,1954,2118,164,True
31,398,1954,2034,80,True
35,399,1954,2034,80,True
36,406,1954,2034,80,True
41,419,1954,2034,80,True
45,375,1954,2034,80,True
48,409,1954,2034,80,True
50,384,1954,2073,119,True
61,379,1954,2073,119,True
65,385,1954,2073,119,True
66,384,1954,2073,119,True
81,354,1954,2073,119,True
82,394,1954,2073,119,True
84,388,1954,2073,119,True
93,378,1954,2073,119,True
95,395,1954,2073,119,True
97,375,1954,2073,119,True
9,407,1955,2034,79,True
12,396,1955,2034,79,True
16,418,1955,2034,79,True
19,366,1955,2034,79,True
21,373,1955,2034,79,True
23,399,1955,2034,79,True
24,350,1955,2034,79,True
30,399,1955,2034,79,True
32,376,1955,2034,79,True
33,371,1955,2034,79,True
34,374,1955,2034,79,True
36,407,1955,2034,79,True
58,389,1955,2073,118,True
68,394,1955,2073,118,True
69,427,1955,2073,118,True
70,408,1955,2073,118,True
71,393,1955,2073,118,True
72,389,1955,2073,118,True
75,392,1955,2073,118,True
82,395,1955,2073,118,True
88,398,1955,2073,118,True
94,404,1955,2073,118,True
0,429,1956,2034,78,True
3,414,1956,2118,162,True
5,390,1956,2034,78,True
10,373,1956,2118,162,True
12,397,1956,2034,78,True
18,381,1956,2118,162,True
19,367,1956,2034,78,True
21,374,1956,2034,78,True
32,377,1956,2034,78,True
35,400,1956,2034,78,True
37,383,1956,2034,78,True
41,420,1956,2034,78,True
42,417,1956,2034,78,True
50,385,1956,2073,117,True
61,380,1956,2073,117,True
63,404,1956,2073,117,True
67,389,1956,2073,117,True
73,394,1956,2073,117,True
79,365,1956,2073,117,True
83,378,1956,2073,117,True
84,389,1956,2073,117,True
87,367,1956,2073,117,True
98,369,1956,2073,117,True
0,430,1957,2034,77,True
4,389,1957,2034,77,True
6,391,1957,2034,77,True
8,393,1957,2075,118,True
10,374,1957,2118,161,True
12,398,1957,2034,77,True
14,397,1957,2075,118,True
25,383,1957,2034,77,True
26,386,1957,2034,77,True
32,378,1957,2034,77,True
33,372,1957,2034,77,True
38,372,1957,2034,77,True
40,429,1957,2034,77,True
41,421,1957,2034,77,True
42,418,1957,2034,77,True
46,393,1957,2118,161,True
47,370,1957,2034,77,True
53,368,1957,2073,116,True
62,367,1957,2073,116,True
63,405,1957,2073,116,True
69,428,1957,2073,116,True
80,413,1957,2073,116,True
81,355,1957,2073,116,True
86,403,1957,2073,116,True
89,384,1957,2073,116,True
90,403,1957,2073,116,True
93,379,1957,2073,116,True
9,408,1958,2034,76,True
11,379,1958,2034,76,True
17,354,1958,2034,76,True
22,418,1958,2118,160,True
24,351,1958,2034,76,True
30,400,1958,2034,76,True
37,384,1958,2034,76,True
39,370,1958,2034,76,True
41,422,1958,2034,76,True
50,386,1958,2073,115,True
68,395,1958,2073,115,True
69,429,1958,2073,115,True
70,409,1958,2073,115,True
80,414,1958,2073,115,True
82,396,1958,2073,115,True
89,385,1958,2073,115,True
93,380,1958,2106,148,True
95,396,1958,2073,115,True
98,370,1958,2073,115,True
2,408,1959,2034,75,True
13,408,1959,2138,179,True
16,419,1959,2034,75,True
19,368,1959,2034,75,True
21,375,1959,2034,75,True
22,419,1959,2118,159,True
23,400,1959,2034,75,True
28,407,1959,2034,75,True
44,397,1959,2118,159,True
47,371,1959,2034,75,True
56,400,1959,2073,114,True
61,381,1959,2073,114,True
75,393,1959,2073,114,True
76,399,1959,2073,114,True
78,406,1959,2073,114,True
79,366,1959,2073,114,True
87,368,1959,2073,114,True
93,381,1959,2106,147,True
19,369,1960,2034,74,True
31,399,1960,2034,74,True
33,373,1960,2034,74,True
34,375,1960,2034,74,True
46,394,1960,2118,158,True
47,372,1960,2034,74,True
48,410,1960,2034,74,True
50,387,1960,2073,113,True
57,383,1960,2073,113,True
61,382,1960,2073,113,True
62,368,1960,2073,113,True
66,385,1960,2073,113,True
67,390,1960,2073,113,True
69,430,1960,2073,113,True
82,397,1960,2073,113,True
84,390,1960,2073,113,True
86,404,1960,2073,113,True
89,386,1960,2073,113,True
90,404,1960,2073,113,True
92,407,1960,2073,113,True
3,415,1961,2118,157,True
7,370,1961,2034,73,True
11,380,1961,2034,73,True
15,394,1961,2034,73,True
16,420,1961,2075,114,True
18,382,1961,2118,157,True
34,376,1961,2034,73,True
46,395,1961,2118,157,True
53,369,1961,2073,112,True
56,401,1961,2073,112,True
62,369,1961,2073,112,True
64,402,1961,2073,112,True
68,396,1961,2073,112,True
69,431,1961,2073,112,True
70,410,1961,2073,112,True
72,390,1961,2073,112,True
77,397,1961,2073,112,True
86,405,1961,2073,112,True
96,374,1961,2073,112,True
8,394,1962,2075,113,True
9,409,1962,2034,72,True
13,409,1962,2138,176,True
17,355,1962,2118,156,True
30,401,1962,2034,72,True
32,379,1962,2034,72,True
33,374,1962,2034,72,True
37,385,1962,2034,72,True
42,419,1962,2034,72,True
43,380,1962,2034,72,True
52,380,1962,,,False
60,395,1962,2073,111,True
63,406,1962,2073,111,True
64,403,1962,2073,111,True
65,386,1962,2073,111,True
68,397,1962,2073,111,True
74,406,1962,2073,111,True
76,400,1962,2073,111,True
80,415,1962,2073,111,True
85,368,1962,2073,111,True
90,405,1962,2073,111,True
0,431,1963,2075,112,True
6,392,1963,2034,71,True
14,398,1963,2075,112,True
17,356,1963,2118,155,True
20,384,1963,2034,71,True
24,352,1963,2118,155,True
25,384,1963,2034,71,True
32,380,1963,2034,71,True
36,408,1963,2034,71,True
50,388,1963,2073,110,True
51,385,1963,2073,110,True
52,381,1963,,,False
53,370,1963,2073,110,True
54,444,1963,2073,110,True
57,384,1963,2073,110,True
69,432,1963,2073,110,True
70,411,1963,2073,110,True
71,394,1963,2073,110,True
75,394,1963,2073,110,True
78,407,1963,2073,110,True
80,416,1963,2073,110,True
86,406,1963,2073,110,True
87,369,1963,2073,110,True
88,399,1963,2078,115,True
92,408,1963,2073,110,True
95,397,1963,2073,110,True
97,376,1963,2073,110,True
0,432,1964,2075,111,True
1,386,1964,2034,70,True
11,381,1964,2034,70,True
13,410,1964,2138,174,True
24,353,1964,2118,154,True
25,385,1964,2034,70,True
33,375,1964,2034,70,True
34,377,1964,2034,70,True
45,376,1964,2034,70,True
51,386,1964,2073,109,True
57,385,1964,2073,109,True
63,407,1964,2073,109,True
73,395,1964,2073,109,True
80,417,1964,2073,109,True
90,406,1964,2073,109,True
91,383,1964,2073,109,True
93,382,1964,2106,142,True
97,377,1964,2073,109,True
2,409,1965,2034,69,True
7,371,1965,2034,69,True
12,399,1965,2034,69,True
15,395,1965,2034,69,True
16,421,1965,2075,110,True
20,385,1965,2034,69,True
37,386,1965,2034,69,True
38,373,1965,2034,69,True
39,371,1965,2075,110,True
40,430,1965,2034,69,True
56,402,1965,2073,108,True
62,370,1965,2073,108,True
64,404,1965,2073,108,True
75,395,1965,2073,108,True
87,370,1965,2073,108,True
95,398,1965,2073,108,True
2,410,1966,2034,68,True
3,416,1966,2118,152,True
4,390,1966,2118,152,True
5,391,1966,2075,109,True
8,395,1966,2075,109,True
10,375,1966,2118,152,True
17,357,1966,2118,152,True
20,386,1966,2034,68,True
27,399,1966,2118,152,True
29,379,1966,2034,68,True
30,402,1966,2034,68,True
33,376,1966,2034,68,True
34,378,1966,2034,68,True
35,401,1966,2034,68,True
38,374,1966,2034,68,True
41,423,1966,2034,68,True
45,377,1966,2034,68,True
58,390,1966,2073,107,True
59,407,1966,2073,107,True
69,433,1966,2073,107,True
78,408,1966,2073,107,True
79,367,1966,2073,107,True
82,398,1966,2073,107,True
85,369,1966,2073,107,True
94,405,1966,2073,107,True
99,375,1966,2073,107,True
0,433,1967,2075,108,True
9,410,1967,2034,67,True
35,402,1967,2034,67,True
36,409,1967,2138,171,True
51,387,1967,2073,106,True
55,364,1967,2073,106,True
56,403,1967,2073,106,True
58,391,1967,2073,106,True
59,408,1967,2073,106,True
63,408,1967,2073,106,True
65,387,1967,2073,106,True
70,412,1967,2073,106,True
77,398,1967,2073,106,True
82,399,1967,2073,106,True
90,407,1967,2073,106,True
91,384,1967,2073,106,True
92,409,1967,2073,106,True
0,434,1968,2075,107,True
8,396,1968,2075,107,True
16,422,1968,2075,107,True
19,370,1968,2118,150,True
39,372,1968,2075,107,True
43,381,1968,2034,66,True
45,378,1968,2034,66,True
47,373,1968,2034,66,True
51,388,1968,2073,105,True
71,395,1968,2073,105,True
85,370,1968,2073,105,True
86,407,1968,2073,105,True
88,400,1968,2078,110,True
89,387,1968,2078,110,True
90,408,1968,2073,105,True
6,393,1969,2034,65,True
9,411,1969,2034,65,True
10,376,1969,2118,149,True
13,411,1969,2138,169,True
15,396,1969,2118,149,True
22,420,1969,2118,149,True
25,386,1969,2118,149,True
39,373,1969,2075,106,True
40,431,1969,2118,149,True
48,411,1969,2118,149,True
62,371,1969,2078,109,True
69,434,1969,2073,104,True
71,396,1969,2073,104,True
72,391,1969,2073,104,True
75,396,1969,2073,104,True
78,409,1969,2073,104,True
83,379,1969,2073,104,True
84,391,1969,2073,104,True
85,371,1969,2073,104,True
86,408,1969,2073,104,True
91,385,1969,2073,104,True
97,378,1969,2073,104,True
12,400,1970,2034,64,True
13,412,1970,2138,168,True
16,423,1970,2075,105,True
35,403,1970,2034,64,True
37,387,1970,2034,64,True
38,375,1970,2118,148,True
39,374,1970,2075,105,True
49,407,1970,2034,64,True
51,389,1970,2073,103,True
57,386,1970,2073,103,True
62,372,1970,2078,108,True
83,380,1970,2073,103,True
98,371,1970,2073,103,True
0,435,1971,2075,104,True
8,397,1971,2118,147,True
25,387,1971,2118,147,True
28,408,1971,2118,147,True
30,403,1971,2034,63,True
46,396,1971,2118,147,True
52,382,1971,,,False
59,409,1971,2073,102,True
63,409,1971,2073,102,True
65,388,1971,2073,102,True
78,410,1971,2073,102,True
85,372,1971,2073,102,True
93,383,1971,2106,135,True
94,406,1971,2073,102,True
96,375,1971,2073,102,True
1,387,1972,2075,103,True
7,372,1972,2118,146,True
12,401,1972,2034,62,True
20,387,1972,2034,62,True
25,388,1972,2118,146,True
27,400,1972,2118,146,True
38,376,1972,2118,146,True
40,432,1972,2118,146,True
49,408,1972,2034,62,True
52,383,1972,,,False
53,371,1972,2073,101,True
56,404,1972,2073,101,True
68,398,1972,2073,101,True
73,396,1972,2073,101,True
74,407,1972,2073,101,True
79,368,1972,2073,101,True
82,400,1972,2073,101,True
90,409,1972,2073,101,True
92,410,1972,2073,101,True
7,373,1973,2118,145,True
8,398,1973,2118,145,True
14,399,1973,2075,102,True
22,421,1973,2118,145,True
33,377,1973,2075,102,True
34,379,1973,2034,61,True
39,375,1973,2075,102,True
50,389,1973,2073,100,True
55,365,1973,2073,100,True
59,410,1973,2073,100,True
64,405,1973,2073,100,True
66,386,1973,2073,100,True
78,411,1973,2073,100,True
80,418,1973,2073,100,True
85,373,1973,2073,100,True
86,409,1973,2073,100,True
91,386,1973,2073,100,True
92,411,1973,2073,100,True
95,399,1973,2073,100,True
99,376,1973,2073,100,True
4,391,1974,2118,144,True
7,374,1974,2118,144,True
14,400,1974,2075,101,True
16,424,1974,2075,101,True
20,388,1974,2034,60,True
23,401,1974,2075,101,True
34,380,1974,2034,60,True
36,410,1974,2138,164,True
37,388,1974,2118,144,True
48,412,1974,2118,144,True
60,396,1974,2078,104,True
61,383,1974,2073,99,True
63,410,1974,2073,99,True
64,406,1974,2073,99,True
66,387,1974,2073,99,True
67,391,1974,2073,99,True
71,397,1974,2073,99,True
73,397,1974,2073,99,True
75,397,1974,2073,99,True
76,401,1974,2073,99,True
78,412,1974,2073,99,True
81,356,1974,2073,99,True
91,387,1974,2073,99,True
1,388,1975,2075,100,True
2,411,1975,2034,59,True
9,412,1975,2118,143,True
16,425,1975,2075,100,True
22,422,1975,2118,143,True
23,402,1975,2075,100,True
26,387,1975,2118,143,True
30,404,1975,2034,59,True
38,377,1975,2118,143,True
45,379,1975,2034,59,True
48,413,1975,2118,143,True
49,409,1975,2075,100,True
53,372,1975,2073,98,True
56,405,1975,2073,98,True
62,373,1975,2078,103,True
66,388,1975,2073,98,True
75,398,1975,2073,98,True
77,399,1975,2073,98,True
84,392,1975,2073,98,True
85,374,1975,2073,98,True
86,410,1975,2073,98,True
89,388,1975,2078,103,True
92,412,1975,2073,98,True
95,400,1975,2073,98,True
96,376,1975,2073,98,True
97,379,1975,2073,98,True
1,389,1976,2075,99,True
5,392,1976,2118,142,True
26,388,1976,2118,142,True
28,409,1976,2118,142,True
30,405,1976,2034,58,True
31,400,1976,2118,142,True
52,384,1976,,,False
53,373,1976,2073,97,True
57,387,1976,2073,97,True
64,407,1976,2073,97,True
65,389,1976,2073,97,True
67,392,1976,2073,97,True
69,435,1976,2073,97,True
78,413,1976,2073,97,True
79,369,1976,2073,97,True
97,380,1976,2073,97,True
0,436,1977,2075,98,True
13,413,1977,2138,161,True
19,371,1977,2118,141,True
21,376,1977,2075,98,True
27,401,1977,2118,141,True
32,381,1977,2118,141,True
35,404,1977,2034,57,True
37,389,1977,2118,141,True
38,378,1977,2118,141,True
53,374,1977,2073,96,True
55,366,1977,2073,96,True
68,399,1977,2073,96,True
74,408,1977,2073,96,True
80,419,1977,2073,96,True
83,381,1977,2073,96,True
91,388,1977,2073,96,True
94,407,1977,2073,96,True
3,417,1978,2118,140,True
4,392,1978,2118,140,True
5,393,1978,2118,140,True
11,382,1978,2138,160,True
14,401,1978,2075,97,True
19,372,1978,2118,140,True
22,423,1978,2118,140,True
32,382,1978,2118,140,True
33,378,1978,2075,97,True
49,410,1978,2075,97,True
53,375,1978,2073,95,True
66,389,1978,2073,95,True
72,392,1978,2073,95,True
74,409,1978,2073,95,True
76,402,1978,2073,95,True
77,400,1978,2073,95,True
86,411,1978,2073,95,True
88,401,1978,2078,100,True
94,408,1978,2106,128,True
99,377,1978,2073,95,True
0,437,1979,2075,96,True
4,393,1979,2118,139,True
6,394,1979,2118,139,True
12,402,1979,2075,96,True
18,383,1979,2118,139,True
20,389,1979,2034,55,True
25,389,1979,2118,139,True
27,402,1979,2118,139,True
29,380,1979,2075,96,True
37,390,1979,2118,139,True
62,374,1979,2078,99,True
63,411,1979,2073,94,True
74,410,1979,2073,94,True
76,403,1979,2073,94,True
83,382,1979,2073,94,True
86,412,1979,2073,94,True
92,413,1979,2073,94,True
95,401,1979,2073,94,True
98,372,1979,2073,94,True
4,394,1980,2118,138,True
6,395,1980,2118,138,True
9,413,1980,2118,138,True
13,414,1980,2138,158,True
20,390,1980,2034,54,True
25,390,1980,2118,138,True
26,389,1980,2118,138,True
38,379,1980,2118,138,True
40,433,1980,2118,138,True
51,390,1980,2073,93,True
59,411,1980,2073,93,True
68,400,1980,2073,93,True
72,393,1980,2073,93,True
73,398,1980,2073,93,True
77,401,1980,2073,93,True
83,383,1980,2073,93,True
85,375,1980,2073,93,True
89,389,1980,2078,98,True
97,381,1980,2073,93,True
99,378,1980,2073,93,True
0,438,1981,2075,94,True
6,396,1981,2118,137,True
11,383,1981,2138,157,True
18,384,1981,2118,137,True
20,391,1981,2034,53,True
26,390,1981,2118,137,True
37,391,1981,2118,137,True
44,398,1981,2118,137,True
47,374,1981,2138,157,True
57,388,1981,2073,92,True
61,384,1981,2073,92,True
75,399,1981,2073,92,True
84,393,1981,2073,92,True
85,376,1981,2073,92,True
88,402,1981,2078,97,True
92,414,1981,2073,92,True
9,414,1982,2118,136,True
10,377,1982,2118,136,True
12,403,1982,2075,93,True
13,415,1982,2138,156,True
15,397,1982,2118,136,True
17,358,1982,2118,136,True
20,392,1982,2034,52,True
21,377,1982,2075,93,True
23,403,1982,2075,93,True
28,410,1982,2118,136,True
31,401,1982,2118,136,True
32,383,1982,2118,136,True
37,392,1982,2118,136,True
40,434,1982,2118,136,True
42,420,1982,2118,136,True
52,385,1982,,,False
55,367,1982,2073,91,True
57,389,1982,2073,91,True
63,412,1982,2073,91,True
72,394,1982,2073,91,True
73,399,1982,2073,91,True
75,400,1982,2073,91,True
76,404,1982,2073,91,True
79,370,1982,2073,91,True
85,377,1982,2073,91,True
88,403,1982,2078,96,True
89,390,1982,2078,96,True
9,415,1983,2118,135,True
10,378,1983,2118,135,True
15,398,1983,2118,135,True
28,411,1983,2118,135,True
35,405,1983,2034,51,True
42,421,1983,2118,135,True
44,399,1983,2118,135,True
47,375,1983,2138,155,True
49,411,1983,2138,155,True
64,408,1983,2073,90,True
66,390,1983,2073,90,True
67,393,1983,2106,123,True
73,400,1983,2073,90,True
74,411,1983,2073,90,True
75,401,1983,2073,90,True
80,420,1983,2073,90,True
85,378,1983,2073,90,True
90,410,1983,2073,90,True
93,384,1983,2106,123,True
96,377,1983,2078,95,True
98,373,1983,2073,90,True
2,412,1984,2118,134,True
4,395,1984,2118,134,True
16,426,1984,2138,154,True
18,385,1984,2118,134,True
23,404,1984,2075,91,True
42,422,1984,2118,134,True
45,380,1984,2034,50,True
46,397,1984,2118,134,True
47,376,1984,2138,154,True
51,391,1984,2073,89,True
52,386,1984,,,False
53,376,1984,2073,89,True
60,397,1984,2078,94,True
62,375,1984,2078,94,True
67,394,1984,2106,122,True
69,436,1984,2073,89,True
71,398,1984,2150,166,True
78,414,1984,2073,89,True
82,401,1984,2073,89,True
83,384,1984,2073,89,True
85,379,1984,2073,89,True
86,413,1984,2073,89,True
87,371,1984,2078,94,True
89,391,1984,2078,94,True
96,378,1984,2078,94,True
1,390,1985,2075,90,True
6,397,1985,2118,133,True
14,402,1985,2075,90,True
20,393,1985,2034,49,True
23,405,1985,2075,90,True
24,354,1985,2118,133,True
25,391,1985,2118,133,True
34,381,1985,2034,49,True
40,435,1985,2118,133,True
51,392,1985,2073,88,True
58,392,1985,2073,88,True
62,376,1985,2078,93,True
73,401,1985,2073,88,True
74,412,1985,2073,88,True
78,415,1985,2073,88,True
81,357,1985,2078,93,True
85,380,1985,2073,88,True
87,372,1985,2078,93,True
97,382,1985,2073,88,True
99,379,1985,2073,88,True
2,413,1986,2118,132,True
4,396,1986,2118,132,True
6,398,1986,2118,132,True
11,384,1986,2138,152,True
12,404,1986,2075,89,True
14,403,1986,2075,89,True
17,359,1986,2118,132,True
18,386,1986,2118,132,True
22,424,1986,2118,132,True
25,392,1986,2118,132,True
28,412,1986,2118,132,True
34,382,1986,2034,48,True
38,380,1986,2118,132,True
44,400,1986,2118,132,True
63,413,1986,2106,120,True
67,395,1986,2106,120,True
70,413,1986,2073,87,True
75,402,1986,2073,87,True
78,416,1986,2073,87,True
82,402,1986,2073,87,True
84,394,1986,2073,87,True
85,381,1986,2073,87,True
86,414,1986,2073,87,True
97,383,1986,2073,87,True
98,374,1986,2073,87,True
5,394,1987,2118,131,True
11,385,1987,2138,151,True
25,393,1987,2118,131,True
28,413,1987,2118,131,True
34,383,1987,2034,47,True
43,382,1987,2118,131,True
58,393,1987,2073,86,True
64,409,1987,2073,86,True
67,396,1987,2106,119,True
72,395,1987,2075,88,True
75,403,1987,2073,86,True
83,385,1987,2073,86,True
89,392,1987,2078,91,True
93,385,1987,2106,119,True
97,384,1987,2073,86,True
3,418,1988,2118,130,True
8,399,1988,2118,130,True
13,416,1988,2138,150,True
15,399,1988,2118,130,True
30,406,1988,2034,46,True
34,384,1988,2034,46,True
37,393,1988,2118,130,True
45,381,1988,2034,46,True
49,412,1988,2138,150,True
50,390,1988,2073,85,True
56,406,1988,2073,85,True
59,412,1988,2073,85,True
64,410,1988,2073,85,True
65,390,1988,2073,85,True
66,391,1988,2073,85,True
74,413,1988,2078,90,True
84,395,1988,2073,85,True
87,373,1988,2078,90,True
92,415,1988,2078,90,True
93,386,1988,2106,118,True
95,402,1988,2073,85,True
99,380,1988,2078,90,True
0,439,1989,2138,149,True
4,397,1989,2118,129,True
7,375,1989,2118,129,True
12,405,1989,2118,129,True
17,360,1989,2118,129,True
23,406,1989,2118,129,True
24,355,1989,2118,129,True
25,394,1989,2118,129,True
30,407,1989,2034,45,True
40,436,1989,2118,129,True
43,383,1989,2118,129,True
45,382,1989,2034,45,True
60,398,1989,2078,89,True
70,414,1989,2073,84,True
76,405,1989,2073,84,True
96,379,1989,2078,89,True
99,381,1989,2078,89,True
3,419,1990,2118,128,True
7,376,1990,2118,128,True
10,379,1990,2118,128,True
14,404,1990,2075,85,True
16,427,1990,2138,148,True
18,387,1990,2118,128,True
19,373,1990,2118,128,True
26,391,1990,2118,128,True
40,437,1990,2118,128,True
41,424,1990,2118,128,True
48,414,1990,2138,148,True
49,413,1990,2138,148,True
66,392,1990,2073,83,True
71,399,1990,2150,160,True
80,421,1990,2073,83,True
85,382,1990,2073,83,True
95,403,1990,2073,83,True
96,380,1990,2078,88,True
98,375,1990,2073,83,True
1,391,1991,2075,84,True
7,377,1991,2118,127,True
10,380,1991,2118,127,True
13,417,1991,2138,147,True
17,361,1991,2118,127,True
25,395,1991,2118,127,True
28,414,1991,2118,127,True
31,402,1991,2118,127,True
32,384,1991,2118,127,True
33,379,1991,2075,84,True
50,391,1991,2073,82,True
62,377,1991,2078,87,True
67,397,1991,2106,115,True
70,415,1991,2073,82,True
73,402,1991,2073,82,True
82,403,1991,2073,82,True
90,411,1991,2073,82,True
92,416,1991,2078,87,True
94,409,1991,2106,115,True
97,385,1991,2073,82,True
99,382,1991,2078,87,True
10,381,1992,2118,126,True
13,418,1992,2138,146,True
15,400,1992,2118,126,True
17,362,1992,2118,126,True
20,394,1992,2058,66,True
21,378,1992,2075,83,True
24,356,1992,2118,126,True
32,385,1992,2118,126,True
44,401,1992,2118,126,True
50,392,1992,2073,81,True
58,394,1992,2078,86,True
60,399,1992,2078,86,True
62,378,1992,2078,86,True
63,414,1992,2106,114,True
73,403,1992,2073,81,True
81,358,1992,2078,86,True
88,404,1992,2078,86,True
19,374,1993,2118,125,True
21,379,1993,2075,82,True
23,407,1993,2118,125,True
27,403,1993,2118,125,True
32,386,1993,2118,125,True
33,380,1993,2138,145,True
40,438,1993,2118,125,True
44,402,1993,2118,125,True
45,383,1993,2118,125,True
49,414,1993,2138,145,True
53,377,1993,2106,113,True
56,407,1993,2073,80,True
57,390,1993,2075,82,True
59,413,1993,2073,80,True
63,415,1993,2106,113,True
65,391,1993,2073,80,True
70,416,1993,2073,80,True
74,414,1993,2078,85,True
77,402,1993,2073,80,True
85,383,1993,2073,80,True
89,393,1993,2078,85,True
91,389,1993,2073,80,True
92,417,1993,2078,85,True
97,386,1993,2073,80,True
2,414,1994,2118,124,True
12,406,1994,2118,124,True
14,405,1994,2075,81,True
15,401,1994,2118,124,True
23,408,1994,2118,124,True
34,385,1994,2034,40,True
37,394,1994,2138,144,True
39,376,1994,2118,124,True
56,408,1994,2073,79,True
57,391,1994,2075,81,True
74,415,1994,2078,84,True
84,396,1994,2073,79,True
86,415,1994,2073,79,True
89,394,1994,2078,84,True
95,404,1994,2073,79,True
97,387,1994,2073,79,True
98,376,1994,2073,79,True
0,440,1995,2138,143,True
3,420,1995,2118,123,True
4,398,1995,2118,123,True
12,407,1995,2118,123,True
15,402,1995,2118,123,True
18,388,1995,2118,123,True
33,381,1995,2138,143,True
40,439,1995,2118,123,True
49,415,1995,2138,143,True
51,393,1995,2073,78,True
60,400,1995,2078,83,True
64,411,1995,2073,78,True
65,392,1995,2073,78,True
72,396,1995,2075,80,True
78,417,1995,2078,83,True
79,371,1995,2073,78,True
80,422,1995,2073,78,True
81,359,1995,2078,83,True
86,416,1995,2073,78,True
94,410,1995,2106,111,True
3,421,1996,2118,122,True
5,395,1996,2118,122,True
6,399,1996,2118,122,True
15,403,1996,2118,122,True
25,396,1996,2118,122,True
26,392,1996,2118,122,True
29,381,1996,2138,142,True
39,377,1996,2118,122,True
42,423,1996,2118,122,True
45,384,1996,2118,122,True
62,379,1996,2078,82,True
74,416,1996,2078,82,True
77,403,1996,2073,77,True
80,423,1996,2073,77,True
83,386,1996,2073,77,True
88,405,1996,2150,154,True
95,405,1996,2073,77,True
96,381,1996,2106,110,True
98,377,1996,2073,77,True
8,400,1997,2118,121,True
10,382,1997,2118,121,True
12,408,1997,2118,121,True
17,363,1997,2118,121,True
21,380,1997,2138,141,True
22,425,1997,2118,121,True
23,409,1997,2118,121,True
32,387,1997,2118,121,True
36,411,1997,2138,141,True
39,378,1997,2118,121,True
43,384,1997,2118,121,True
45,385,1997,2118,121,True
50,393,1997,2073,76,True
52,387,1997,,,False
54,445,1997,2106,109,True
57,392,1997,2075,78,True
65,393,1997,2073,76,True
66,393,1997,2106,109,True
68,401,1997,2106,109,True
76,406,1997,2078,81,True
78,418,1997,2078,81,True
79,372,1997,2073,76,True
91,390,1997,2073,76,True
92,418,1997,2078,81,True
94,411,1997,2106,109,True
98,378,1997,2073,76,True
0,441,1998,2138,140,True
5,396,1998,2138,140,True
10,383,1998,2118,120,True
18,389,1998,2118,120,True
26,393,1998,2118,120,True
30,408,1998,2118,120,True
43,385,1998,2118,120,True
47,377,1998,2138,140,True
54,446,1998,2106,108,True
55,368,1998,2073,75,True
56,409,1998,2073,75,True
63,416,1998,2106,108,True
65,394,1998,2073,75,True
69,437,1998,2150,152,True
71,400,1998,2150,152,True
74,417,1998,2078,80,True
78,419,1998,2078,80,True
80,424,1998,2073,75,True
82,404,1998,2073,75,True
84,397,1998,2073,75,True
86,417,1998,2073,75,True
93,387,1998,2106,108,True
95,406,1998,2073,75,True
98,379,1998,2073,75,True
4,399,1999,2118,119,True
9,416,1999,2118,119,True
11,386,1999,2138,139,True
13,419,1999,2138,139,True
15,404,1999,2118,119,True
21,381,1999,2138,139,True
29,382,1999,2138,139,True
30,409,1999,2118,119,True
32,388,1999,2118,119,True
37,395,1999,2138,139,True
45,386,1999,2118,119,True
47,378,1999,2138,139,True
48,415,1999,2138,139,True
53,378,1999,2106,107,True
54,447,1999,2106,107,True
63,417,1999,2106,107,True
64,412,1999,2073,74,True
79,373,1999,2073,74,True
86,418,1999,2073,74,True
91,391,1999,2073,74,True
94,412,1999,2106,107,True
95,407,1999,2073,74,True
98,380,1999,2073,74,True
2,415,2000,2118,118,True
7,378,2000,2118,118,True
15,405,2000,2118,118,True
18,390,2000,2118,118,True
21,382,2000,2138,138,True
33,382,2000,2138,138,True
36,412,2000,2138,138,True
37,396,2000,2138,138,True
40,440,2000,2118,118,True
42,424,2000,2118,118,True
46,398,2000,2118,118,True
47,379,2000,2138,138,True
50,394,2000,2073,73,True
53,379,2000,2106,106,True
56,410,2000,2078,78,True
63,418,2000,2106,106,True
71,401,2000,2150,150,True
74,418,2000,2078,78,True
79,374,2000,2073,73,True
80,425,2000,2073,73,True
81,360,2000,2078,78,True
96,382,2000,2106,106,True
99,383,2000,2078,78,True
5,397,2001,2138,137,True
12,409,2001,2118,117,True
15,406,2001,2118,117,True
17,364,2001,2138,137,True
21,383,2001,2138,137,True
23,410,2001,2118,117,True
27,404,2001,2118,117,True
36,413,2001,2138,137,True
40,441,2001,2118,117,True
64,413,2001,2073,72,True
65,395,2001,2073,72,True
71,402,2001,2150,149,True
78,420,2001,2078,77,True
91,392,2001,2106,105,True
93,388,2001,2106,105,True
2,416,2002,2118,116,True
3,422,2002,2118,116,True
11,387,2002,2138,136,True
12,410,2002,2118,116,True
14,406,2002,2075,73,True
20,395,2002,2118,116,True
24,357,2002,2138,136,True
27,405,2002,2118,116,True
33,383,2002,2138,136,True
35,406,2002,2118,116,True
45,387,2002,2118,116,True
46,399,2002,2118,116,True
50,395,2002,2073,71,True
51,394,2002,2073,71,True
68,402,2002,2106,104,True
74,419,2002,2078,76,True
80,426,2002,2073,71,True
81,361,2002,2078,76,True
85,384,2002,2073,71,True
87,374,2002,2078,76,True
91,393,2002,2106,104,True
96,383,2002,2106,104,True
98,381,2002,2073,71,True
21,384,2003,2138,135,True
27,406,2003,2118,115,True
36,414,2003,2138,135,True
37,397,2003,2138,135,True
52,388,2003,,,False
60,401,2003,2078,75,True
63,419,2003,2106,103,True
64,414,2003,2073,70,True
65,396,2003,2073,70,True
74,420,2003,2078,75,True
80,427,2003,2073,70,True
81,362,2003,2078,75,True
89,395,2003,2078,75,True
90,412,2003,2078,75,True
5,398,2004,2138,134,True
16,428,2004,2138,134,True
22,426,2004,2118,114,True
24,358,2004,2138,134,True
26,394,2004,2118,114,True
28,415,2004,2118,114,True
42,425,2004,2118,114,True
44,403,2004,2138,134,True
45,388,2004,2118,114,True
47,380,2004,2138,134,True
49,416,2004,2138,134,True
52,389,2004,,,False
53,380,2004,2106,102,True
55,369,2004,2106,102,True
59,414,2004,2078,74,True
60,402,2004,2150,146,True
62,380,2004,2078,74,True
64,415,2004,2075,71,True
65,397,2004,2073,69,True
66,394,2004,2106,102,True
76,407,2004,2078,74,True
79,375,2004,2073,69,True
84,398,2004,2106,102,True
88,406,2004,2150,146,True
89,396,2004,2078,74,True
94,413,2004,2106,102,True
1,392,2005,2138,133,True
3,423,2005,2118,113,True
16,429,2005,2138,133,True
17,365,2005,2138,133,True
23,411,2005,2138,133,True
28,416,2005,2118,113,True
30,410,2005,2118,113,True
31,403,2005,2118,113,True
39,379,2005,2118,113,True
43,386,2005,2118,113,True
51,395,2005,2073,68,True
52,390,2005,,,False
57,393,2005,2075,70,True
61,385,2005,2073,68,True
62,381,2005,2078,73,True
63,420,2005,2106,101,True
85,385,2005,2078,73,True
86,419,2005,2073,68,True
90,413,2005,2078,73,True
98,382,2005,2073,68,True
14,407,2006,2138,132,True
17,366,2006,2138,132,True
18,391,2006,2118,112,True
27,407,2006,2118,112,True
35,407,2006,2118,112,True
43,387,2006,2118,112,True
51,396,2006,2106,100,True
53,381,2006,2106,100,True
58,395,2006,2078,72,True
64,416,2006,2075,69,True
68,403,2006,2106,100,True
69,438,2006,2150,144,True
85,386,2006,2078,72,True
87,375,2006,2078,72,True
88,407,2006,2150,144,True
93,389,2006,2106,100,True
1,393,2007,2138,131,True
2,417,2007,2118,111,True
4,400,2007,2118,111,True
8,401,2007,2138,131,True
9,417,2007,2118,111,True
14,408,2007,2138,131,True
15,407,2007,2118,111,True
28,417,2007,2118,111,True
33,384,2007,2138,131,True
37,398,2007,2138,131,True
48,416,2007,2138,131,True
56,411,2007,2078,71,True
61,386,2007,2075,68,True
64,417,2007,2075,68,True
68,404,2007,2106,99,True
69,439,2007,2150,143,True
70,417,2007,2075,68,True
71,403,2007,2150,143,True
77,404,2007,2078,71,True
80,428,2007,2073,66,True
84,399,2007,2106,99,True
92,419,2007,2150,143,True
97,388,2007,2158,151,True
3,424,2008,2118,110,True
6,400,2008,2118,110,True
10,384,2008,2118,110,True
17,367,2008,2138,130,True
24,359,2008,2138,130,True
25,397,2008,2118,110,True
29,383,2008,2138,130,True
30,411,2008,2118,110,True
32,389,2008,2138,130,True
39,380,2008,2118,110,True
45,389,2008,2118,110,True
48,417,2008,2138,130,True
51,397,2008,2106,98,True
56,412,2008,2078,70,True
59,415,2008,2078,70,True
64,418,2008,2075,67,True
65,398,2008,2073,65,True
67,398,2008,2106,98,True
69,440,2008,2150,142,True
78,421,2008,2150,142,True
83,387,2008,2150,142,True
84,400,2008,2106,98,True
92,420,2008,2150,142,True
95,408,2008,2073,65,True
1,394,2009,2138,129,True
10,385,2009,2118,109,True
12,411,2009,2138,129,True
17,368,2009,2138,129,True
18,392,2009,2118,109,True
24,360,2009,2138,129,True
25,398,2009,2118,109,True
26,395,2009,2138,129,True
31,404,2009,2118,109,True
33,385,2009,2138,129,True
38,381,2009,2118,109,True
41,425,2009,2138,129,True
44,404,2009,2161,152,True
56,413,2009,2078,69,True
57,394,2009,2075,66,True
59,416,2009,2106,97,True
62,382,2009,2078,69,True
67,399,2009,2106,97,True
69,441,2009,2150,141,True
74,421,2009,2106,97,True
76,408,2009,2078,69,True
77,405,2009,2106,97,True
81,363,2009,2078,69,True
82,405,2009,2106,97,True
86,420,2009,2073,64,True
91,394,2009,2106,97,True
94,414,2009,2106,97,True
95,409,2009,2073,64,True
99,384,2009,2078,69,True
0,442,2010,2138,128,True
1,395,2010,2138,128,True
5,399,2010,2138,128,True
9,418,2010,2118,108,True
10,386,2010,2118,108,True
12,412,2010,2138,128,True
14,409,2010,2138,128,True
16,430,2010,2138,128,True
23,412,2010,2138,128,True
28,418,2010,2118,108,True
33,386,2010,2138,128,True
35,408,2010,2118,108,True
46,400,2010,2138,128,True
51,398,2010,2106,96,True
55,370,2010,2106,96,True
56,414,2010,2078,68,True
57,395,2010,2075,65,True
58,396,2010,2078,68,True
61,387,2010,2075,65,True
62,383,2010,2078,68,True
76,409,2010,2078,68,True
80,429,2010,2106,96,True
84,401,2010,2106,96,True
92,421,2010,2150,140,True
6,401,2011,2118,107,True
16,431,2011,2138,127,True
17,369,2011,2138,127,True
19,375,2011,2161,150,True
20,396,2011,2118,107,True
22,427,2011,2118,107,True
23,413,2011,2138,127,True
26,396,2011,2138,127,True
29,384,2011,2138,127,True
31,405,2011,2118,107,True
36,415,2011,2138,127,True
37,399,2011,2138,127,True
38,382,2011,2118,107,True
40,442,2011,2138,127,True
48,418,2011,2138,127,True
56,415,2011,2078,67,True
61,388,2011,2075,64,True
69,442,2011,2150,139,True
70,418,2011,2075,64,True
72,397,2011,2078,67,True
73,404,2011,2078,67,True
82,406,2011,2158,147,True
83,388,2011,2150,139,True
91,395,2011,2106,95,True
99,385,2011,2078,67,True
9,419,2012,2118,106,True
15,408,2012,2118,106,True
16,432,2012,2138,126,True
18,393,2012,2118,106,True
19,376,2012,2161,149,True
26,397,2012,2138,126,True
27,408,2012,2118,106,True
32,390,2012,2138,126,True
37,400,2012,2138,126,True
39,381,2012,2118,106,True
41,426,2012,2138,126,True
48,419,2012,2138,126,True
63,421,2012,2106,94,True
68,405,2012,2106,94,True
79,376,2012,2078,66,True
81,364,2012,2106,94,True
93,390,2012,2150,138,True
0,443,2013,2138,125,True
17,370,2013,2138,125,True
18,394,2013,2118,105,True
19,377,2013,2161,148,True
23,414,2013,2138,125,True
28,419,2013,2118,105,True
31,406,2013,2118,105,True
36,416,2013,2138,125,True
41,427,2013,2138,125,True
44,405,2013,2161,148,True
48,420,2013,2138,125,True
53,382,2013,2150,137,True
54,448,2013,2106,93,True
64,419,2013,2118,105,True
66,395,2013,2106,93,True
68,406,2013,2106,93,True
70,419,2013,2075,62,True
81,365,2013,2106,93,True
83,389,2013,2150,137,True
97,389,2013,2158,145,True
19,378,2014,2161,147,True
29,385,2014,2138,124,True
41,428,2014,2138,124,True
51,399,2014,2106,92,True
52,391,2014,,,False
57,396,2014,2075,61,True
85,387,2014,2078,64,True
94,415,2014,2106,92,True
1,396,2015,2138,123,True
7,379,2015,2118,103,True
11,388,2015,2138,123,True
12,413,2015,2138,123,True
23,415,2015,2138,123,True
25,399,2015,2118,103,True
27,409,2015,2118,103,True
30,412,2015,2118,103,True
33,387,2015,2138,123,True
36,417,2015,2138,123,True
48,421,2015,2138,123,True
52,392,2015,,,False
57,397,2015,2075,60,True
58,397,2015,2078,63,True
66,396,2015,2106,91,True
67,400,2015,2106,91,True
74,422,2015,2106,91,True
79,377,2015,2078,63,True
87,376,2015,2078,63,True
99,386,2015,2078,63,True
14,410,2016,2138,122,True
20,397,2016,2118,102,True
21,385,2016,2138,122,True
22,428,2016,2118,102,True
26,398,2016,2138,122,True
38,383,2016,2118,102,True
39,382,2016,2138,122,True
43,388,2016,2118,102,True
46,401,2016,2138,122,True
56,416,2016,2078,62,True
57,398,2016,2075,59,True
59,417,2016,2106,90,True
62,384,2016,2106,90,True
70,420,2016,2075,59,True
82,407,2016,2158,142,True
92,422,2016,2150,134,True
8,402,2017,2138,121,True
20,398,2017,2118,101,True
34,386,2017,2138,121,True
46,402,2017,2138,121,True
58,398,2017,2106,89,True
60,403,2017,2150,133,True
68,407,2017,2106,89,True
69,443,2017,2150,133,True
71,404,2017,2150,133,True
72,398,2017,2078,61,True
73,405,2017,2078,61,True
76,410,2017,2078,61,True
78,422,2017,2150,133,True
93,391,2017,2150,133,True
98,383,2017,2106,89,True
0,444,2018,2138,120,True
2,418,2018,2118,100,True
5,400,2018,2138,120,True
6,402,2018,2118,100,True
7,380,2018,2118,100,True
11,389,2018,2138,120,True
12,414,2018,2138,120,True
26,399,2018,2138,120,True
30,413,2018,2138,120,True
41,429,2018,2138,120,True
45,390,2018,2118,100,True
48,422,2018,2138,120,True
55,371,2018,2106,88,True
60,404,2018,2150,132,True
62,385,2018,2106,88,True
63,422,2018,2106,88,True
67,401,2018,2106,88,True
72,399,2018,2078,60,True
73,406,2018,2078,60,True
75,404,2018,2106,88,True
79,378,2018,2078,60,True
89,397,2018,2150,132,True
93,392,2018,2150,132,True
94,416,2018,2158,140,True
96,384,2018,2106,88,True
98,384,2018,2106,88,True
2,419,2019,2118,99,True
10,387,2019,2138,119,True
11,390,2019,2138,119,True
18,395,2019,2138,119,True
24,361,2019,2138,119,True
33,388,2019,2138,119,True
36,418,2019,2138,119,True
41,430,2019,2138,119,True
50,396,2019,2078,59,True
61,389,2019,2075,56,True
63,423,2019,2106,87,True
66,397,2019,2106,87,True
68,408,2019,2106,87,True
73,407,2019,2078,59,True
74,423,2019,2150,131,True
78,423,2019,2150,131,True
79,379,2019,2078,59,True
81,366,2019,2106,87,True
88,408,2019,2150,131,True
1,397,2020,2138,118,True
4,401,2020,2138,118,True
6,403,2020,2118,98,True
10,388,2020,2138,118,True
14,411,2020,2138,118,True
18,396,2020,2138,118,True
22,429,2020,2138,118,True
28,420,2020,2138,118,True
32,391,2020,2138,118,True
34,387,2020,2138,118,True
40,443,2020,2138,118,True
44,406,2020,2161,141,True
51,400,2020,2106,86,True
53,383,2020,2150,130,True
62,386,2020,2106,86,True
64,420,2020,2118,98,True
75,405,2020,2106,86,True
76,411,2020,2078,58,True
80,430,2020,2106,86,True
91,396,2020,2106,86,True
95,410,2020,2106,86,True
9,420,2021,2138,117,True
20,399,2021,2118,97,True
30,414,2021,2138,117,True
39,383,2021,2138,117,True
40,444,2021,2138,117,True
41,431,2021,2138,117,True
47,381,2021,2138,117,True
53,384,2021,2150,129,True
61,390,2021,2078,57,True
70,421,2021,2075,54,True
72,400,2021,2078,57,True
76,412,2021,2078,57,True
86,421,2021,2078,57,True
0,445,2022,2138,116,True
7,381,2022,2118,96,True
10,389,2022,2138,116,True
15,409,2022,2118,96,True
17,371,2022,2138,116,True
18,397,2022,2138,116,True
21,386,2022,2138,116,True
29,386,2022,2138,116,True
41,432,2022,2138,116,True
57,399,2022,2075,53,True
66,398,2022,2106,84,True
76,413,2022,2078,56,True
79,380,2022,2118,96,True
84,402,2022,2106,84,True
88,409,2022,2150,128,True
96,385,2022,2106,84,True
98,385,2022,2106,84,True
1,398,2023,2138,115,True
3,425,2023,2138,115,True
7,382,2023,2138,115,True
8,403,2023,2138,115,True
9,421,2023,2138,115,True
10,390,2023,2138,115,True
17,372,2023,2138,115,True
27,410,2023,2138,115,True
28,421,2023,2138,115,True
30,415,2023,2138,115,True
35,409,2023,2118,95,True
37,401,2023,2138,115,True
40,445,2023,2161,138,True
41,433,2023,2138,115,True
43,389,2023,2138,115,True
48,423,2023,2138,115,True
71,405,2023,2150,127,True
96,386,2023,2106,83,True
97,390,2023,2158,135,True
1,399,2024,2138,114,True
5,401,2024,2138,114,True
13,420,2024,2138,114,True
15,410,2024,2118,94,True
16,433,2024,2138,114,True
23,416,2024,2138,114,True
28,422,2024,2138,114,True
30,416,2024,2138,114,True
34,388,2024,2138,114,True
38,384,2024,2138,114,True
48,424,2024,2138,114,True
53,385,2024,2150,126,True
61,391,2024,2078,54,True
62,387,2024,2106,82,True
65,399,2024,2106,82,True
67,402,2024,2106,82,True
69,444,2024,2150,126,True
72,401,2024,2078,54,True
80,431,2024,2106,82,True
92,423,2024,2150,126,True
96,387,2024,2150,126,True
10,391,2025,2138,113,True
16,434,2025,2138,113,True
19,379,2025,2161,136,True
20,400,2025,2118,93,True
26,400,2025,2138,113,True
27,411,2025,2138,113,True
29,387,2025,2138,113,True
31,407,2025,2138,113,True
34,389,2025,2138,113,True
40,446,2025,2161,136,True
42,426,2025,2138,113,True
45,391,2025,2138,113,True
52,393,2025,,,False
53,386,2025,2150,125,True
54,449,2025,2106,81,True
55,372,2025,2150,125,True
57,400,2025,2075,50,True
66,399,2025,2106,81,True
69,445,2025,2150,125,True
74,424,2025,2150,125,True
76,414,2025,2106,81,True
77,406,2025,2150,125,True
80,432,2025,2106,81,True
85,388,2025,2078,53,True
95,411,2025,2106,81,True
97,391,2025,2158,133,True
0,446,2026,2138,112,True
3,426,2026,2138,112,True
12,415,2026,2138,112,True
13,421,2026,2138,112,True
22,430,2026,2138,112,True
23,417,2026,2138,112,True
26,401,2026,2138,112,True
29,388,2026,2138,112,True
31,408,2026,2138,112,True
37,402,2026,2138,112,True
40,447,2026,2161,135,True
46,403,2026,2138,112,True
48,425,2026,2138,112,True
58,399,2026,2106,80,True
59,418,2026,2150,124,True
70,422,2026,2078,52,True
77,407,2026,2150,124,True
85,389,2026,2078,52,True
0,447,2027,2138,111,True
9,422,2027,2138,111,True
16,435,2027,2138,111,True
23,418,2027,2138,111,True
28,423,2027,2138,111,True
32,392,2027,2138,111,True
34,390,2027,2138,111,True
36,419,2027,2138,111,True
39,384,2027,2138,111,True
54,450,2027,2106,79,True
64,421,2027,2118,91,True
69,446,2027,2150,123,True
74,425,2027,2150,123,True
75,406,2027,2106,79,True
85,390,2027,2078,51,True
87,377,2027,2106,79,True
92,424,2027,2150,123,True
5,402,2028,2138,110,True
7,383,2028,2161,133,True
10,392,2028,2138,110,True
13,422,2028,2138,110,True
18,398,2028,2138,110,True
21,387,2028,2138,110,True
25,400,2028,2138,110,True
30,417,2028,2138,110,True
33,389,2028,2138,110,True
51,401,2028,2150,122,True
56,417,2028,2106,78,True
62,388,2028,2106,78,True
71,406,2028,2150,122,True
77,408,2028,2150,122,True
82,408,2028,2158,130,True
90,414,2028,2106,78,True
93,393,2028,2150,122,True
94,417,2028,2158,130,True
0,448,2029,2138,109,True
1,400,2029,2138,109,True
6,404,2029,2138,109,True
10,393,2029,2138,109,True
13,423,2029,2138,109,True
14,412,2029,2138,109,True
42,427,2029,2138,109,True
46,404,2029,2138,109,True
53,387,2029,2150,121,True
61,392,2029,2078,49,True
66,400,2029,2150,121,True
73,408,2029,2106,77,True
77,409,2029,2150,121,True
79,381,2029,2118,89,True
80,433,2029,2150,121,True
88,410,2029,2150,121,True
93,394,2029,2150,121,True
99,387,2029,2158,129,True
8,404,2030,2138,108,True
9,423,2030,2161,131,True
10,394,2030,2138,108,True
12,416,2030,2138,108,True
14,413,2030,2138,108,True
15,411,2030,2118,88,True
18,399,2030,2138,108,True
22,431,2030,2138,108,True
33,390,2030,2138,108,True
46,405,2030,2138,108,True
50,397,2030,2106,76,True
52,394,2030,,,False
55,373,2030,2150,120,True
56,418,2030,2106,76,True
58,400,2030,2106,76,True
66,401,2030,2150,120,True
72,402,2030,2150,120,True
74,426,2030,2150,120,True
78,424,2030,2150,120,True
82,409,2030,2158,128,True
83,390,2030,2150,120,True
97,392,2030,2158,128,True
1,401,2031,2138,107,True
11,391,2031,2138,107,True
16,436,2031,2161,130,True
18,400,2031,2138,107,True
36,420,2031,2138,107,True
38,385,2031,2138,107,True
50,398,2031,2106,75,True
55,374,2031,2150,119,True
57,401,2031,2106,75,True
61,393,2031,2078,47,True
67,403,2031,2150,119,True
72,403,2031,2150,119,True
75,407,2031,2106,75,True
88,411,2031,2150,119,True
92,425,2031,2150,119,True
95,412,2031,2196,165,True
3,427,2032,2138,106,True
8,405,2032,2138,106,True
13,424,2032,2138,106,True
16,437,2032,2161,129,True
18,401,2032,2138,106,True
23,419,2032,2138,106,True
26,402,2032,2138,106,True
29,389,2032,2138,106,True
34,391,2032,2138,106,True
39,385,2032,2138,106,True
42,428,2032,2138,106,True
44,407,2032,2161,129,True
46,406,2032,2138,106,True
48,426,2032,2138,106,True
62,389,2032,2106,74,True
70,423,2032,2078,46,True
71,407,2032,2150,118,True
80,434,2032,2150,118,True
85,391,2032,2150,118,True
87,378,2032,2106,74,True
94,418,2032,2158,126,True
95,413,2032,2196,164,True
96,388,2032,2150,118,True
2,420,2033,2138,105,True
9,424,2033,2161,128,True
11,392,2033,2138,105,True
19,380,2033,2161,128,True
32,393,2033,2138,105,True
39,386,2033,2138,105,True
40,448,2033,2161,128,True
47,382,2033,2138,105,True
51,402,2033,2150,117,True
57,402,2033,2106,73,True
59,419,2033,2150,117,True
61,394,2033,2078,45,True
71,408,2033,2150,117,True
77,410,2033,2150,117,True
80,435,2033,2150,117,True
83,391,2033,2150,117,True
87,379,2033,2106,73,True
98,386,2033,2106,73,True
10,395,2034,2161,127,True
11,393,2034,2138,104,True
12,417,2034,2138,104,True
14,414,2034,2138,104,True
18,402,2034,2138,104,True
28,424,2034,2138,104,True
33,391,2034,2138,104,True
48,427,2034,2138,104,True
50,399,2034,2106,72,True
51,403,2034,2150,116,True
53,388,2034,2150,116,True
61,395,2034,2106,72,True
81,367,2034,2150,116,True
83,392,2034,2150,116,True
85,392,2034,2150,116,True
90,415,2034,2106,72,True
91,397,2034,2150,116,True
97,393,2034,2158,124,True
12,418,2035,2138,103,True
14,415,2035,2138,103,True
20,401,2035,2118,83,True
25,401,2035,2138,103,True
29,390,2035,2138,103,True
44,408,2035,2161,126,True
58,401,2035,2150,115,True
59,420,2035,2150,115,True
61,396,2035,2106,71,True
65,400,2035,2106,71,True
69,447,2035,2158,123,True
90,416,2035,2106,71,True
95,414,2035,2196,161,True
97,394,2035,2158,123,True
2,421,2036,2161,125,True
4,402,2036,2138,102,True
22,432,2036,2138,102,True
24,362,2036,2138,102,True
26,403,2036,2138,102,True
36,421,2036,2138,102,True
45,392,2036,2138,102,True
48,428,2036,2138,102,True
50,400,2036,2106,70,True
51,404,2036,2150,114,True
57,403,2036,2118,82,True
59,421,2036,2150,114,True
65,401,2036,2106,70,True
87,380,2036,2150,114,True
92,426,2036,2150,114,True
93,395,2036,2150,114,True
95,415,2036,2196,160,True
1,402,2037,2138,101,True
5,403,2037,2138,101,True
16,438,2037,2161,124,True
17,373,2037,2138,101,True
23,420,2037,2138,101,True
31,409,2037,2138,101,True
39,387,2037,2138,101,True
42,429,2037,2138,101,True
43,390,2037,2138,101,True
56,419,2037,2106,69,True
60,405,2037,2158,121,True
64,422,2037,2118,81,True
65,402,2037,2106,69,True
70,424,2037,2106,69,True
78,425,2037,2150,113,True
79,382,2037,2118,81,True
87,381,2037,2150,113,True
91,398,2037,2150,113,True
92,427,2037,2150,113,True
95,416,2037,2196,159,True
97,395,2037,2158,121,True
99,388,2037,2158,121,True
2,422,2038,2161,123,True
4,403,2038,2138,100,True
6,405,2038,2161,123,True
22,433,2038,2138,100,True
26,404,2038,2138,100,True
28,425,2038,2138,100,True
30,418,2038,2138,100,True
31,410,2038,2138,100,True
32,394,2038,2138,100,True
41,434,2038,2138,100,True
44,409,2038,2161,123,True
49,417,2038,2161,123,True
52,395,2038,,,False
58,402,2038,2150,112,True
61,397,2038,2106,68,True
63,424,2038,2150,112,True
67,404,2038,2150,112,True
77,411,2038,2150,112,True
82,410,2038,2158,120,True
84,403,2038,2106,68,True
85,393,2038,2150,112,True
86,422,2038,2106,68,True
94,419,2038,2158,120,True
95,417,2038,2196,158,True
14,416,2039,2138,99,True
19,381,2039,2161,122,True
20,402,2039,2118,79,True
21,388,2039,2138,99,True
25,402,2039,2138,99,True
27,412,2039,2138,99,True
37,403,2039,2138,99,True
43,391,2039,2138,99,True
45,393,2039,2138,99,True
48,429,2039,2138,99,True
49,418,2039,2161,122,True
51,405,2039,2150,111,True
60,406,2039,2158,119,True
61,398,2039,2106,67,True
68,409,2039,2158,119,True
81,368,2039,2150,111,True
82,411,2039,2158,119,True
84,404,2039,2106,67,True
90,417,2039,2150,111,True
91,399,2039,2150,111,True
92,428,2039,2150,111,True
93,396,2039,2150,111,True
1,403,2040,2138,98,True
5,404,2040,2138,98,True
9,425,2040,2161,121,True
17,374,2040,2138,98,True
22,434,2040,2138,98,True
26,405,2040,2138,98,True
28,426,2040,2138,98,True
30,419,2040,2138,98,True
33,392,2040,2138,98,True
42,430,2040,2138,98,True
45,394,2040,2138,98,True
50,401,2040,2150,110,True
56,420,2040,2106,66,True
58,403,2040,2150,110,True
63,425,2040,2150,110,True
77,412,2040,2150,110,True
83,393,2040,2158,118,True
89,398,2040,2150,110,True
99,389,2040,2158,118,True
0,449,2041,2161,120,True
3,428,2041,2138,97,True
14,417,2041,2138,97,True
15,412,2041,2138,97,True
17,375,2041,2138,97,True
19,382,2041,2161,120,True
25,403,2041,2138,97,True
26,406,2041,2138,97,True
28,427,2041,2138,97,True
33,393,2041,2138,97,True
35,410,2041,2138,97,True
41,435,2041,2138,97,True
48,430,2041,2138,97,True
52,396,2041,,,False
59,422,2041,2150,109,True
64,423,2041,2118,77,True
70,425,2041,2106,65,True
74,427,2041,2150,109,True
77,413,2041,2150,109,True
80,436,2041,2158,117,True
87,382,2041,2150,109,True
89,399,2041,2150,109,True
94,420,2041,2158,117,True
97,396,2041,2158,117,True
1,404,2042,2138,96,True
2,423,2042,2161,119,True
4,404,2042,2138,96,True
8,406,2042,2138,96,True
9,426,2042,2161,119,True
11,394,2042,2161,119,True
21,389,2042,2138,96,True
29,391,2042,2138,96,True
30,420,2042,2138,96,True
31,411,2042,2138,96,True
33,394,2042,2138,96,True
36,422,2042,2161,119,True
43,392,2042,2138,96,True
47,383,2042,2138,96,True
51,406,2042,2150,108,True
68,410,2042,2158,116,True
70,426,2042,2106,64,True
71,409,2042,2150,108,True
73,409,2042,2106,64,True
76,415,2042,2106,64,True
79,383,2042,2118,76,True
80,437,2042,2158,116,True
97,397,2042,2158,116,True
5,405,2043,2138,95,True
9,427,2043,2161,118,True
10,396,2043,2161,118,True
17,376,2043,2161,118,True
19,383,2043,2161,118,True
26,407,2043,2138,95,True
27,413,2043,2138,95,True
29,392,2043,2138,95,True
36,423,2043,2161,118,True
52,397,2043,,,False
54,451,2043,2150,107,True
62,390,2043,2150,107,True
63,426,2043,2150,107,True
65,403,2043,2106,63,True
68,411,2043,2158,115,True
69,448,2043,2158,115,True
72,404,2043,2150,107,True
79,384,2043,2118,75,True
80,438,2043,2158,115,True
89,400,2043,2150,107,True
91,400,2043,2150,107,True
98,387,2043,2106,63,True
0,450,2044,2161,117,True
1,405,2044,2138,94,True
6,406,2044,2161,117,True
21,390,2044,2138,94,True
27,414,2044,2138,94,True
32,395,2044,2161,117,True
35,411,2044,2138,94,True
48,431,2044,2138,94,True
50,402,2044,2150,106,True
51,407,2044,2150,106,True
52,398,2044,,,False
53,389,2044,2196,152,True
61,399,2044,2106,62,True
71,410,2044,2150,106,True
76,416,2044,2106,62,True
80,439,2044,2158,114,True
83,394,2044,2158,114,True
84,405,2044,2150,106,True
97,398,2044,2158,114,True
4,405,2045,2138,93,True
16,439,2045,2161,116,True
26,408,2045,2138,93,True
36,424,2045,2161,116,True
46,407,2045,2161,116,True
47,384,2045,2138,93,True
50,403,2045,2150,105,True
64,424,2045,2118,73,True
82,412,2045,2158,113,True
84,406,2045,2150,105,True
85,394,2045,2150,105,True
92,429,2045,2150,105,True
96,389,2045,2158,113,True
98,388,2045,2106,61,True
21,391,2046,2138,92,True
23,421,2046,2161,115,True
26,409,2046,2138,92,True
32,396,2046,2161,115,True
33,395,2046,2161,115,True
34,392,2046,2138,92,True
40,449,2046,2161,115,True
41,436,2046,2138,92,True
42,431,2046,2138,92,True
44,410,2046,2161,115,True
48,432,2046,2138,92,True
51,408,2046,2158,112,True
57,404,2046,2118,72,True
58,404,2046,2150,104,True
59,423,2046,2158,112,True
62,391,2046,2150,104,True
63,427,2046,2150,104,True
75,408,2046,2150,104,True
80,440,2046,2158,112,True
87,383,2046,2150,104,True
91,401,2046,2150,104,True
97,399,2046,2158,112,True
0,451,2047,2161,114,True
5,406,2047,2161,114,True
9,428,2047,2161,114,True
12,419,2047,2138,91,True
29,393,2047,2138,91,True
33,396,2047,2161,114,True
36,425,2047,2161,114,True
40,450,2047,2161,114,True
49,419,2047,2161,114,True
57,405,2047,2118,71,True
58,405,2047,2150,103,True
62,392,2047,2150,103,True
66,402,2047,2196,149,True
68,412,2047,2158,111,True
76,417,2047,2106,59,True
77,414,2047,2150,103,True
78,426,2047,2150,103,True
90,418,2047,2150,103,True
97,400,2047,2158,111,True
99,390,2047,2158,111,True
0,452,2048,2161,113,True
2,424,2048,2161,113,True
3,429,2048,2161,113,True
5,407,2048,2161,113,True
11,395,2048,2161,113,True
16,440,2048,2161,113,True
23,422,2048,2161,113,True
27,415,2048,2138,90,True
32,397,2048,2161,113,True
34,393,2048,2138,90,True
54,452,2048,2150,102,True
59,424,2048,2158,110,True
67,405,2048,2150,102,True
77,415,2048,2150,102,True
80,441,2048,2158,110,True
81,369,2048,2150,102,True
84,407,2048,2150,102,True
87,384,2048,2150,102,True
95,418,2048,2196,148,True
97,401,2048,2158,110,True
99,391,2048,2158,110,True
0,453,2049,2161,112,True
7,384,2049,2161,112,True
10,397,2049,2161,112,True
11,396,2049,2161,112,True
12,420,2049,2138,89,True
18,403,2049,2138,89,True
25,404,2049,2138,89,True
28,428,2049,2138,89,True
29,394,2049,2138,89,True
32,398,2049,2161,112,True
37,404,2049,2161,112,True
44,411,2049,2161,112,True
45,395,2049,2138,89,True
49,420,2049,2161,112,True
53,390,2049,2196,147,True
64,425,2049,2118,69,True
65,404,2049,2106,57,True
73,410,2049,2106,57,True
77,416,2049,2150,101,True
78,427,2049,2150,101,True
82,413,2049,2158,109,True
88,412,2049,2158,109,True
91,402,2049,2150,101,True
92,430,2049,2150,101,True
6,407,2050,2161,111,True
11,397,2050,2161,111,True
21,392,2050,2138,88,True
31,412,2050,2138,88,True
34,394,2050,2138,88,True
41,437,2050,2161,111,True
46,408,2050,2161,111,True
49,421,2050,2161,111,True
52,399,2050,,,False
59,425,2050,2158,108,True
64,426,2050,2118,68,True
66,403,2050,2196,146,True
67,406,2050,2150,100,True
71,411,2050,2150,100,True
75,409,2050,2150,100,True
76,418,2050,2106,56,True
79,385,2050,2118,68,True
90,419,2050,2150,100,True
91,403,2050,2196,146,True
92,431,2050,2150,100,True
94,421,2050,2158,108,True
97,402,2050,2158,108,True
0,454,2051,2161,110,True
1,406,2051,2138,87,True
2,425,2051,2161,110,True
11,398,2051,2161,110,True
19,384,2051,2161,110,True
20,403,2051,2138,87,True
27,416,2051,2138,87,True
28,429,2051,2138,87,True
44,412,2051,2161,110,True
45,396,2051,2138,87,True
58,406,2051,2150,99,True
59,426,2051,2158,107,True
61,400,2051,2118,67,True
62,393,2051,2150,99,True
66,404,2051,2196,145,True
67,407,2051,2150,99,True
74,428,2051,2158,107,True
80,442,2051,2158,107,True
83,395,2051,2196,145,True
87,385,2051,2150,99,True
92,432,2051,2150,99,True
3,430,2052,2161,109,True
4,406,2052,2138,86,True
18,404,2052,2138,86,True
22,435,2052,2161,109,True
28,430,2052,2138,86,True
30,421,2052,2138,86,True
32,399,2052,2161,109,True
34,395,2052,2138,86,True
36,426,2052,2161,109,True
39,388,2052,2161,109,True
45,397,2052,2138,86,True
49,422,2052,2161,109,True
50,404,2052,2150,98,True
53,391,2052,2196,144,True
57,406,2052,2118,66,True
58,407,2052,2150,98,True
61,401,2052,2118,66,True
71,412,2052,2150,98,True
74,429,2052,2158,106,True
77,417,2052,2150,98,True
84,408,2052,2150,98,True
90,420,2052,2150,98,True
93,397,2052,2150,98,True
95,419,2052,2196,144,True
1,407,2053,2161,108,True
5,408,2053,2161,108,True
8,407,2053,2161,108,True
11,399,2053,2161,108,True
13,425,2053,2161,108,True
14,418,2053,2161,108,True
19,385,2053,2161,108,True
29,395,2053,2138,85,True
35,412,2053,2138,85,True
36,427,2053,2161,108,True
44,413,2053,2161,108,True
49,423,2053,2161,108,True
54,453,2053,2150,97,True
61,402,2053,2118,65,True
65,405,2053,2150,97,True
73,411,2053,2150,97,True
78,428,2053,2150,97,True
86,423,2053,2150,97,True
91,404,2053,2196,143,True
3,431,2054,2161,107,True
8,408,2054,2161,107,True
12,421,2054,2138,84,True
15,413,2054,2138,84,True
16,441,2054,2161,107,True
22,436,2054,2161,107,True
24,363,2054,2138,84,True
26,410,2054,2161,107,True
27,417,2054,2138,84,True
28,431,2054,2161,107,True
31,413,2054,2161,107,True
32,400,2054,2161,107,True
39,389,2054,2161,107,True
45,398,2054,2138,84,True
50,405,2054,2150,96,True
51,409,2054,2158,104,True
54,454,2054,2150,96,True
75,410,2054,2150,96,True
76,419,2054,2150,96,True
78,429,2054,2150,96,True
84,409,2054,2150,96,True
94,422,2054,2158,104,True
95,420,2054,2196,142,True
96,390,2054,2158,104,True
7,385,2055,2161,106,True
15,414,2055,2138,83,True
16,442,2055,2161,106,True
29,396,2055,2161,106,True
30,422,2055,2138,83,True
42,432,2055,2161,106,True
43,393,2055,2161,106,True
47,385,2055,2138,83,True
50,406,2055,2150,95,True
63,428,2055,2196,141,True
68,413,2055,2158,103,True
70,427,2055,2118,63,True
71,413,2055,2150,95,True
73,412,2055,2150,95,True
78,430,2055,2150,95,True
79,386,2055,2118,63,True
85,395,2055,2150,95,True
86,424,2055,2150,95,True
88,413,2055,2158,103,True
90,421,2055,2158,103,True
92,433,2055,2150,95,True
0,455,2056,2161,105,True
1,408,2056,2161,105,True
8,409,2056,2161,105,True
17,377,2056,2161,105,True
22,437,2056,2161,105,True
29,397,2056,2161,105,True
39,390,2056,2161,105,True
40,451,2056,2161,105,True
42,433,2056,2161,105,True
45,399,2056,2138,82,True
48,433,2056,2161,105,True
51,410,2056,2196,140,True
62,394,2056,2150,94,True
63,429,2056,2196,140,True
67,408,2056,2150,94,True
72,405,2056,2150,94,True
77,418,2056,2150,94,True
90,422,2056,2158,102,True
2,426,2057,2161,104,True
3,432,2057,2161,104,True
8,410,2057,2161,104,True
12,422,2057,2161,104,True
17,378,2057,2161,104,True
23,423,2057,2161,104,True
24,364,2057,2161,104,True
25,405,2057,2161,104,True
30,423,2057,2138,81,True
33,397,2057,2161,104,True
44,414,2057,2161,104,True
46,409,2057,2161,104,True
49,424,2057,2161,104,True
54,455,2057,2150,93,True
55,375,2057,2196,139,True
56,421,2057,2158,101,True
63,430,2057,2196,139,True
65,406,2057,2150,93,True
68,414,2057,2158,101,True
69,449,2057,2158,101,True
72,406,2057,2150,93,True
75,411,2057,2150,93,True
79,387,2057,2150,93,True
85,396,2057,2150,93,True
87,386,2057,2150,93,True
88,414,2057,2158,101,True
93,398,2057,2150,93,True
4,407,2058,2161,103,True
9,429,2058,2161,103,True
10,398,2058,2161,103,True
16,443,2058,2161,103,True
23,424,2058,2161,103,True
24,365,2058,2161,103,True
32,401,2058,2161,103,True
34,396,2058,2138,80,True
38,386,2058,2161,103,True
43,394,2058,2161,103,True
49,425,2058,2161,103,True
53,392,2058,2196,138,True
54,456,2058,2150,92,True
59,427,2058,2158,100,True
63,431,2058,2196,138,True
68,415,2058,2158,100,True
75,412,2058,2150,92,True
83,396,2058,2196,138,True
92,434,2058,2150,92,True
96,391,2058,2158,100,True
97,403,2058,2158,100,True
99,392,2058,2158,100,True
0,456,2059,2161,102,True
2,427,2059,2161,102,True
23,425,2059,2161,102,True
24,366,2059,2161,102,True
25,406,2059,2161,102,True
27,418,2059,2161,102,True
30,424,2059,2138,79,True
31,414,2059,2244,185,True
36,428,2059,2161,102,True
40,452,2059,2161,102,True
41,438,2059,2161,102,True
43,395,2059,2161,102,True
46,410,2059,2161,102,True
53,393,2059,2196,137,True
56,422,2059,2158,99,True
60,407,2059,2158,99,True
71,414,2059,2150,91,True
73,413,2059,2150,91,True
77,419,2059,2150,91,True
80,443,2059,2196,137,True
84,410,2059,2150,91,True
86,425,2059,2150,91,True
91,405,2059,2196,137,True
95,421,2059,2196,137,True
0,457,2060,2161,101,True
1,409,2060,2161,101,True
4,408,2060,2161,101,True
5,409,2060,2161,101,True
11,400,2060,2161,101,True
14,419,2060,2161,101,True
18,405,2060,2161,101,True
19,386,2060,2161,101,True
28,432,2060,2161,101,True
32,402,2060,2161,101,True
35,413,2060,2161,101,True
39,391,2060,2161,101,True
40,453,2060,2161,101,True
44,415,2060,2161,101,True
48,434,2060,2161,101,True
72,407,2060,2150,90,True
77,420,2060,2150,90,True
78,431,2060,2158,98,True
80,444,2060,2196,136,True
84,411,2060,2150,90,True
86,426,2060,2150,90,True
88,415,2060,2158,98,True
92,435,2060,2150,90,True
93,399,2060,2158,98,True
97,404,2060,2158,98,True
99,393,2060,2158,98,True
5,410,2061,2161,100,True
7,386,2061,2161,100,True
14,420,2061,2161,100,True
22,438,2061,2161,100,True
28,433,2061,2161,100,True
30,425,2061,2161,100,True
31,415,2061,2244,183,True
32,403,2061,2161,100,True
49,426,2061,2161,100,True
64,427,2061,2150,89,True
67,409,2061,2196,135,True
69,450,2061,2158,97,True
70,428,2061,2150,89,True
84,412,2061,2150,89,True
88,416,2061,2158,97,True
95,422,2061,2196,135,True
98,389,2061,2196,135,True
3,433,2062,2161,99,True
7,387,2062,2161,99,True
10,399,2062,2161,99,True
12,423,2062,2161,99,True
18,406,2062,2161,99,True
20,404,2062,2138,76,True
25,407,2062,2161,99,True
30,426,2062,2161,99,True
36,429,2062,2161,99,True
37,405,2062,2161,99,True
41,439,2062,2161,99,True
44,416,2062,2161,99,True
49,427,2062,2161,99,True
50,407,2062,2150,88,True
52,400,2062,,,False
56,423,2062,2158,96,True
66,405,2062,2196,134,True
73,414,2062,2150,88,True
82,414,2062,2196,134,True
83,397,2062,2196,134,True
85,397,2062,2150,88,True
89,401,2062,2158,96,True
93,400,2062,2209,147,True
97,405,2062,2158,96,True
3,434,2063,2161,98,True
5,411,2063,2161,98,True
8,411,2063,2161,98,True
20,405,2063,2138,75,True
21,393,2063,2161,98,True
23,426,2063,2161,98,True
29,398,2063,2161,98,True
30,427,2063,2161,98,True
46,411,2063,2161,98,True
49,428,2063,2161,98,True
60,408,2063,2158,95,True
61,403,2063,2150,87,True
68,416,2063,2196,133,True
80,445,2063,2196,133,True
82,415,2063,2196,133,True
95,423,2063,2196,133,True
2,428,2064,2161,97,True
8,412,2064,2161,97,True
12,424,2064,2161,97,True
23,427,2064,2161,97,True
24,367,2064,2161,97,True
25,408,2064,2161,97,True
27,419,2064,2161,97,True
35,414,2064,2161,97,True
36,430,2064,2161,97,True
46,412,2064,2161,97,True
47,386,2064,2161,97,True
55,376,2064,2196,132,True
63,432,2064,2196,132,True
70,429,2064,2150,86,True
77,421,2064,2158,94,True
80,446,2064,2196,132,True
84,413,2064,2150,86,True
86,427,2064,2150,86,True
88,417,2064,2158,94,True
99,394,2064,2158,94,True
3,435,2065,2161,96,True
9,430,2065,2161,96,True
11,401,2065,2161,96,True
13,426,2065,2161,96,True
15,415,2065,2161,96,True
18,407,2065,2161,96,True
26,411,2065,2161,96,True
30,428,2065,2161,96,True
35,415,2065,2161,96,True
40,454,2065,2161,96,True
42,434,2065,2161,96,True
47,387,2065,2161,96,True
49,429,2065,2161,96,True
53,394,2065,2196,131,True
72,408,2065,2150,85,True
75,413,2065,2150,85,True
82,416,2065,2196,131,True
86,428,2065,2150,85,True
95,424,2065,2196,131,True
97,406,2065,2158,93,True
7,388,2066,2161,95,True
11,402,2066,2161,95,True
19,387,2066,2161,95,True
23,428,2066,2161,95,True
30,429,2066,2161,95,True
33,398,2066,2161,95,True
43,396,2066,2161,95,True
47,388,2066,2161,95,True
53,395,2066,2196,130,True
59,428,2066,2158,92,True
64,428,2066,2150,84,True
66,406,2066,2196,130,True
70,430,2066,2150,84,True
71,415,2066,2158,92,True
76,420,2066,2209,143,True
84,414,2066,2150,84,True
85,398,2066,2150,84,True
93,401,2066,2209,143,True
97,407,2066,2196,130,True
99,395,2066,2158,92,True
1,410,2067,2161,94,True
3,436,2067,2161,94,True
7,389,2067,2161,94,True
17,379,2067,2161,94,True
22,439,2067,2161,94,True
28,434,2067,2161,94,True
35,416,2067,2161,94,True
36,431,2067,2161,94,True
38,387,2067,2161,94,True
41,440,2067,2161,94,True
42,435,2067,2161,94,True
44,417,2067,2161,94,True
46,413,2067,2161,94,True
56,424,2067,2158,91,True
68,417,2067,2196,129,True
71,416,2067,2158,91,True
74,430,2067,2158,91,True
80,447,2067,2196,129,True
85,399,2067,2150,83,True
88,418,2067,2158,91,True
94,423,2067,2196,129,True
97,408,2067,2196,129,True
98,390,2067,2196,129,True
3,437,2068,2161,93,True
27,420,2068,2161,93,True
38,388,2068,2161,93,True
49,430,2068,2161,93,True
52,401,2068,,,False
61,404,2068,2150,82,True
69,451,2068,2158,90,True
72,409,2068,2150,82,True
83,398,2068,2196,128,True
87,387,2068,2150,82,True
96,392,2068,2209,141,True
97,409,2068,2196,128,True
99,396,2068,2158,90,True
6,408,2069,2161,92,True
9,431,2069,2161,92,True
19,388,2069,2161,92,True
26,412,2069,2161,92,True
31,416,2069,2244,175,True
35,417,2069,2161,92,True
38,389,2069,2161,92,True
50,408,2069,2158,89,True
58,408,2069,2150,81,True
65,407,2069,2158,89,True
74,431,2069,2158,89,True
76,421,2069,2209,140,True
81,370,2069,2158,89,True
82,417,2069,2196,127,True
86,429,2069,2150,81,True
91,406,2069,2196,127,True
92,436,2069,2158,89,True
0,458,2070,2161,91,True
16,444,2070,2161,91,True
17,380,2070,2161,91,True
18,408,2070,2161,91,True
22,440,2070,2161,91,True
23,429,2070,2161,91,True
29,399,2070,2161,91,True
32,404,2070,2161,91,True
45,400,2070,2138,68,True
54,457,2070,2150,80,True
56,425,2070,2158,88,True
57,407,2070,2161,91,True
59,429,2070,2209,139,True
68,418,2070,2196,126,True
70,431,2070,2150,80,True
74,432,2070,2158,88,True
81,371,2070,2158,88,True
84,415,2070,2196,126,True
85,400,2070,2150,80,True
90,423,2070,2158,88,True
93,402,2070,2209,139,True
96,393,2070,2209,139,True
97,410,2070,2196,126,True
2,429,2071,2161,90,True
4,409,2071,2161,90,True
7,390,2071,2161,90,True
11,403,2071,2161,90,True
12,425,2071,2161,90,True
13,427,2071,2161,90,True
18,409,2071,2161,90,True
20,406,2071,2138,67,True
30,430,2071,2161,90,True
35,418,2071,2161,90,True
36,432,2071,2161,90,True
39,392,2071,2161,90,True
40,455,2071,2161,90,True
44,418,2071,2161,90,True
55,377,2071,2196,125,True
62,395,2071,2196,125,True
64,429,2071,2150,79,True
67,410,2071,2196,125,True
72,410,2071,2150,79,True
78,432,2071,2158,87,True
79,388,2071,2158,87,True
81,372,2071,2158,87,True
87,388,2071,2158,87,True
92,437,2071,2158,87,True
93,403,2071,2209,138,True
95,425,2071,2196,125,True
2,430,2072,2161,89,True
3,438,2072,2161,89,True
4,410,2072,2161,89,True
5,412,2072,2161,89,True
7,391,2072,2161,89,True
8,413,2072,2161,89,True
13,428,2072,2161,89,True
17,381,2072,2161,89,True
18,410,2072,2161,89,True
19,389,2072,2161,89,True
23,430,2072,2161,89,True
24,368,2072,2161,89,True
33,399,2072,2161,89,True
42,436,2072,2161,89,True
54,458,2072,2158,86,True
61,405,2072,2150,78,True
64,430,2072,2150,78,True
65,408,2072,2158,86,True
75,414,2072,2209,137,True
77,422,2072,2158,86,True
9,432,2073,2161,88,True
15,416,2073,2161,88,True
17,382,2073,2161,88,True
18,411,2073,2161,88,True
19,390,2073,2161,88,True
22,441,2073,2161,88,True
34,397,2073,2161,88,True
37,406,2073,2161,88,True
41,441,2073,2161,88,True
58,409,2073,2150,77,True
67,411,2073,2196,123,True
69,452,2073,2158,85,True
77,423,2073,2158,85,True
82,418,2073,2196,123,True
84,416,2073,2196,123,True
86,430,2073,2150,77,True
93,404,2073,2209,136,True
0,459,2074,2161,87,True
6,409,2074,2161,87,True
8,414,2074,2161,87,True
13,429,2074,2161,87,True
24,369,2074,2161,87,True
42,437,2074,2161,87,True
43,397,2074,2161,87,True
44,419,2074,2161,87,True
47,389,2074,2161,87,True
53,396,2074,2196,122,True
54,459,2074,2158,84,True
58,410,2074,2150,76,True
68,419,2074,2196,122,True
69,453,2074,2158,84,True
74,433,2074,2158,84,True
77,424,2074,2158,84,True
82,419,2074,2196,122,True
84,417,2074,2196,122,True
87,389,2074,2158,84,True
99,397,2074,2158,84,True
7,392,2075,2161,86,True
13,430,2075,2161,86,True
15,417,2075,2161,86,True
16,445,2075,2161,86,True
23,431,2075,2161,86,True
28,435,2075,2161,86,True
38,390,2075,2161,86,True
43,398,2075,2161,86,True
54,460,2075,2158,83,True
58,411,2075,2150,75,True
63,433,2075,2196,121,True
74,434,2075,2158,83,True
85,401,2075,2150,75,True
89,402,2075,2158,83,True
95,426,2075,2196,121,True
96,394,2075,2209,134,True
1,411,2076,2161,85,True
13,431,2076,2161,85,True
22,442,2076,2161,85,True
23,432,2076,2161,85,True
39,393,2076,2161,85,True
41,442,2076,2161,85,True
42,438,2076,2232,156,True
48,435,2076,2161,85,True
51,411,2076,2196,120,True
54,461,2076,2158,82,True
61,406,2076,2150,74,True
62,396,2076,2196,120,True
64,431,2076,2150,74,True
66,407,2076,2196,120,True
71,417,2076,2158,82,True
72,411,2076,2150,74,True
85,402,2076,2150,74,True
86,431,2076,2150,74,True
98,391,2076,2196,120,True
99,398,2076,2158,82,True
1,412,2077,2161,84,True
3,439,2077,2161,84,True
13,432,2077,2161,84,True
16,446,2077,2161,84,True
20,407,2077,2138,61,True
25,409,2077,2161,84,True
28,436,2077,2161,84,True
29,400,2077,2161,84,True
31,417,2077,2244,167,True
33,400,2077,2161,84,True
41,443,2077,2161,84,True
42,439,2077,2232,155,True
46,414,2077,2161,84,True
49,431,2077,2161,84,True
51,412,2077,2196,119,True
54,462,2077,2158,81,True
74,435,2077,2158,81,True
75,415,2077,2209,132,True
89,403,2077,2158,81,True
99,399,2077,2158,81,True
5,413,2078,2161,83,True
8,415,2078,2161,83,True
12,426,2078,2161,83,True
15,418,2078,2161,83,True
21,394,2078,2161,83,True
24,370,2078,2161,83,True
25,410,2078,2161,83,True
28,437,2078,2161,83,True
32,405,2078,2161,83,True
39,394,2078,2161,83,True
42,440,2078,2232,154,True
44,420,2078,2161,83,True
45,401,2078,2161,83,True
46,415,2078,2161,83,True
47,390,2078,2161,83,True
57,408,2078,2161,83,True
67,412,2078,2196,118,True
68,420,2078,2196,118,True
70,432,2078,2161,83,True
81,373,2078,2158,80,True
83,399,2078,2196,118,True
89,404,2078,2158,80,True
91,407,2078,2196,118,True
93,405,2078,2209,131,True
94,424,2078,2196,118,True
98,392,2078,2196,118,True
10,400,2079,2161,82,True
14,421,2079,2161,82,True
26,413,2079,2232,153,True
30,431,2079,2161,82,True
35,419,2079,2161,82,True
38,391,2079,2161,82,True
43,399,2079,2161,82,True
46,416,2079,2161,82,True
50,409,2079,2158,79,True
57,409,2079,2161,82,True
64,432,2079,2150,71,True
68,421,2079,2196,117,True
69,454,2079,2158,79,True
75,416,2079,2209,130,True
76,422,2079,2209,130,True
77,425,2079,2158,79,True
78,433,2079,2158,79,True
82,420,2079,2196,117,True
83,400,2079,2196,117,True
86,432,2079,2150,71,True
88,419,2079,2209,130,True
96,395,2079,2209,130,True
2,431,2080,2161,81,True
10,401,2080,2161,81,True
12,427,2080,2161,81,True
15,419,2080,2161,81,True
30,432,2080,2161,81,True
43,400,2080,2161,81,True
47,391,2080,2161,81,True
49,432,2080,2161,81,True
57,410,2080,2161,81,True
58,412,2080,2158,78,True
60,409,2080,2209,129,True
64,433,2080,2150,70,True
72,412,2080,2150,70,True
74,436,2080,2158,78,True
77,426,2080,2158,78,True
78,434,2080,2158,78,True
81,374,2080,2158,78,True
84,418,2080,2196,116,True
92,438,2080,2209,129,True
1,413,2081,2161,80,True
6,410,2081,2161,80,True
9,433,2081,2161,80,True
13,433,2081,2161,80,True
20,408,2081,2161,80,True
21,395,2081,2161,80,True
22,443,2081,2161,80,True
28,438,2081,2161,80,True
29,401,2081,2161,80,True
31,418,2081,2244,163,True
33,401,2081,2161,80,True
36,433,2081,2161,80,True
38,392,2081,2161,80,True
39,395,2081,2161,80,True
43,401,2081,2161,80,True
44,421,2081,2161,80,True
48,436,2081,2161,80,True
54,463,2081,2158,77,True
63,434,2081,2196,115,True
70,433,2081,2161,80,True
79,389,2081,2158,77,True
80,448,2081,2196,115,True
88,420,2081,2209,128,True
89,405,2081,2209,128,True
18,412,2082,2161,79,True
20,409,2082,2161,79,True
27,421,2082,2161,79,True
36,434,2082,2161,79,True
41,444,2082,2161,79,True
44,422,2082,2161,79,True
55,378,2082,2196,114,True
57,411,2082,2161,79,True
62,397,2082,2209,127,True
64,434,2082,2150,68,True
68,422,2082,2209,127,True
72,413,2082,2150,68,True
77,427,2082,2209,127,True
78,435,2082,2158,76,True
88,421,2082,2209,127,True
89,406,2082,2209,127,True
92,439,2082,2209,127,True
94,425,2082,2196,114,True
95,427,2082,2196,114,True
96,396,2082,2209,127,True
3,440,2083,2161,78,True
4,411,2083,2161,78,True
8,416,2083,2161,78,True
20,410,2083,2161,78,True
25,411,2083,2161,78,True
29,402,2083,2161,78,True
35,420,2083,2161,78,True
38,393,2083,2161,78,True
41,445,2083,2161,78,True
42,441,2083,2232,149,True
48,437,2083,2161,78,True
50,410,2083,2158,75,True
55,379,2083,2196,113,True
64,435,2083,2150,67,True
68,423,2083,2209,126,True
69,455,2083,2158,75,True
87,390,2083,2158,75,True
96,397,2083,2209,126,True
98,393,2083,2196,113,True
99,400,2083,2158,75,True
13,434,2084,2161,77,True
19,391,2084,2162,78,True
20,411,2084,2161,77,True
23,433,2084,2161,77,True
24,371,2084,2161,77,True
26,414,2084,2232,148,True
27,422,2084,2161,77,True
32,406,2084,2161,77,True
35,421,2084,2161,77,True
39,396,2084,2161,77,True
40,456,2084,2161,77,True
50,411,2084,2158,74,True
54,464,2084,2158,74,True
62,398,2084,2209,125,True
64,436,2084,2150,66,True
72,414,2084,2150,66,True
77,428,2084,2209,125,True
78,436,2084,2158,74,True
83,401,2084,2196,112,True
92,440,2084,2209,125,True
95,428,2084,2196,112,True
99,401,2084,2158,74,True
11,404,2085,2161,76,True
12,428,2085,2161,76,True
13,435,2085,2161,76,True
15,420,2085,2161,76,True
21,396,2085,2161,76,True
34,398,2085,2161,76,True
48,438,2085,2161,76,True
50,412,2085,2158,73,True
51,413,2085,2196,111,True
52,402,2085,,,False
53,397,2085,2196,111,True
55,380,2085,2196,111,True
61,407,2085,2150,65,True
63,435,2085,2196,111,True
71,418,2085,2158,73,True
74,437,2085,2158,73,True
75,417,2085,2209,124,True
76,423,2085,2209,124,True
81,375,2085,2209,124,True
85,403,2085,2158,73,True
86,433,2085,2158,73,True
90,424,2085,2196,111,True
99,402,2085,2158,73,True
3,441,2086,2161,75,True
5,414,2086,2161,75,True
8,417,2086,2161,75,True
11,405,2086,2161,75,True
14,422,2086,2161,75,True
21,397,2086,2161,75,True
22,444,2086,2161,75,True
26,415,2086,2232,146,True
27,423,2086,2161,75,True
28,439,2086,2161,75,True
36,435,2086,2161,75,True
39,397,2086,2161,75,True
43,402,2086,2162,76,True
45,402,2086,2161,75,True
47,392,2086,2161,75,True
51,414,2086,2196,110,True
56,426,2086,2209,123,True
59,430,2086,2209,123,True
70,434,2086,2161,75,True
72,415,2086,2150,64,True
85,404,2086,2158,72,True
4,412,2087,2161,74,True
5,415,2087,2161,74,True
25,412,2087,2161,74,True
34,399,2087,2161,74,True
62,399,2087,2209,122,True
65,409,2087,2158,71,True
68,424,2087,2209,122,True
75,418,2087,2209,122,True
79,390,2087,2158,71,True
83,402,2087,2196,109,True
84,419,2087,2196,109,True
87,391,2087,2209,122,True
89,407,2087,2209,122,True
9,434,2088,2161,73,True
16,447,2088,2161,73,True
26,416,2088,2232,144,True
27,424,2088,2161,73,True
30,433,2088,2161,73,True
32,407,2088,2161,73,True
38,394,2088,2161,73,True
39,398,2088,2161,73,True
44,423,2088,2161,73,True
50,413,2088,2158,70,True
59,431,2088,2209,121,True
62,400,2088,2209,121,True
70,435,2088,2161,73,True
77,429,2088,2209,121,True
92,441,2088,2209,121,True
99,403,2088,2158,70,True
2,432,2089,2162,73,True
5,416,2089,2161,72,True
15,421,2089,2161,72,True
17,383,2089,2161,72,True
19,392,2089,2162,73,True
21,398,2089,2161,72,True
25,413,2089,2161,72,True
29,403,2089,2161,72,True
30,434,2089,2161,72,True
39,399,2089,2161,72,True
47,393,2089,2161,72,True
48,439,2089,2162,73,True
50,414,2089,2158,69,True
52,403,2089,,,False
68,425,2089,2209,120,True
80,449,2089,2196,107,True
91,408,2089,2196,107,True
11,406,2090,2161,71,True
12,429,2090,2161,71,True
15,422,2090,2161,71,True
17,384,2090,2161,71,True
27,425,2090,2161,71,True
41,446,2090,2161,71,True
44,424,2090,2161,71,True
45,403,2090,2161,71,True
50,415,2090,2158,68,True
53,398,2090,2196,106,True
63,436,2090,2196,106,True
66,408,2090,2196,106,True
72,416,2090,2150,60,True
78,437,2090,2158,68,True
80,450,2090,2196,106,True
89,408,2090,2209,119,True
91,409,2090,2196,106,True
97,411,2090,2196,106,True
99,404,2090,2196,106,True
1,414,2091,2161,70,True
2,433,2091,2162,71,True
8,418,2091,2161,70,True
15,423,2091,2161,70,True
16,448,2091,2161,70,True
24,372,2091,2161,70,True
25,414,2091,2161,70,True
48,440,2091,2162,71,True
53,399,2091,2196,105,True
55,381,2091,2196,105,True
60,410,2091,2209,118,True
61,408,2091,2161,70,True
66,409,2091,2196,105,True
70,436,2091,2161,70,True
71,419,2091,2209,118,True
72,417,2091,2150,59,True
74,438,2091,2209,118,True
85,405,2091,2158,67,True
91,410,2091,2196,105,True
92,442,2091,2209,118,True
97,412,2091,2196,105,True
5,417,2092,2161,69,True
17,385,2092,2161,69,True
19,393,2092,2162,70,True
31,419,2092,2244,152,True
39,400,2092,2161,69,True
40,457,2092,2161,69,True
45,404,2092,2161,69,True
46,417,2092,2161,69,True
48,441,2092,2162,70,True
53,400,2092,2196,104,True
57,412,2092,2161,69,True
58,413,2092,2209,117,True
67,413,2092,2209,117,True
69,456,2092,2158,66,True
77,430,2092,2209,117,True
82,421,2092,2196,104,True
86,434,2092,2158,66,True
3,442,2093,2232,139,True
6,411,2093,2161,68,True
8,419,2093,2161,68,True
10,402,2093,2161,68,True
11,407,2093,2161,68,True
15,424,2093,2161,68,True
26,417,2093,2232,139,True
36,436,2093,2161,68,True
41,447,2093,2161,68,True
43,403,2093,2162,69,True
52,404,2093,,,False
56,427,2093,2209,116,True
61,409,2093,2161,68,True
71,420,2093,2209,116,True
81,376,2093,2209,116,True
84,420,2093,2196,103,True
86,435,2093,2158,65,True
94,426,2093,2196,103,True
95,429,2093,2196,103,True
99,405,2093,2209,116,True
3,443,2094,2232,138,True
12,430,2094,2161,67,True
15,425,2094,2161,67,True
24,373,2094,2161,67,True
27,426,2094,2161,67,True
32,408,2094,2161,67,True
33,402,2094,2232,138,True
37,407,2094,2161,67,True
47,394,2094,2161,67,True
48,442,2094,2162,68,True
53,401,2094,2196,102,True
58,414,2094,2209,115,True
59,432,2094,2209,115,True
61,410,2094,2161,67,True
63,437,2094,2196,102,True
68,426,2094,2209,115,True
76,424,2094,2209,115,True
79,391,2094,2158,64,True
88,422,2094,2209,115,True
92,443,2094,2209,115,True
5,418,2095,2161,66,True
9,435,2095,2161,66,True
11,408,2095,2161,66,True
23,434,2095,2161,66,True
29,404,2095,2161,66,True
33,403,2095,2232,137,True
37,408,2095,2161,66,True
41,448,2095,2161,66,True
47,395,2095,2161,66,True
50,416,2095,2158,63,True
53,402,2095,2196,101,True
57,413,2095,2161,66,True
61,411,2095,2161,66,True
68,427,2095,2209,114,True
75,419,2095,2209,114,True
78,438,2095,2209,114,True
80,451,2095,2196,101,True
81,377,2095,2209,114,True
83,403,2095,2196,101,True
89,409,2095,2209,114,True
91,411,2095,2209,114,True
92,444,2095,2209,114,True
94,427,2095,2196,101,True
98,394,2095,2196,101,True
2,434,2096,2162,66,True
5,419,2096,2161,65,True
12,431,2096,2161,65,True
13,436,2096,2232,136,True
16,449,2096,2161,65,True
23,435,2096,2161,65,True
46,418,2096,2161,65,True
49,433,2096,2161,65,True
55,382,2096,2196,100,True
60,411,2096,2209,113,True
70,437,2096,2161,65,True
71,421,2096,2209,113,True
84,421,2096,2196,100,True
85,406,2096,2158,62,True
9,436,2097,2161,64,True
23,436,2097,2161,64,True
24,374,2097,2161,64,True
27,427,2097,2161,64,True
29,405,2097,2161,64,True
38,395,2097,2161,64,True
40,458,2097,2161,64,True
55,383,2097,2196,99,True
57,414,2097,2161,64,True
59,433,2097,2209,112,True
66,410,2097,2196,99,True
71,422,2097,2209,112,True
78,439,2097,2209,112,True
81,378,2097,2209,112,True
83,404,2097,2196,99,True
84,422,2097,2196,99,True
86,436,2097,2161,64,True
89,410,2097,2209,112,True
4,413,2098,2161,63,True
6,412,2098,2161,63,True
9,437,2098,2161,63,True
12,432,2098,2161,63,True
14,423,2098,2161,63,True
19,394,2098,2162,64,True
21,399,2098,2161,63,True
25,415,2098,2161,63,True
27,428,2098,2161,63,True
32,409,2098,2161,63,True
33,404,2098,2232,134,True
34,400,2098,2161,63,True
38,396,2098,2161,63,True
41,449,2098,2161,63,True
49,434,2098,2232,134,True
50,417,2098,2158,60,True
51,415,2098,2196,98,True
53,403,2098,2196,98,True
63,438,2098,2196,98,True
71,423,2098,2209,111,True
72,418,2098,2209,111,True
76,425,2098,2209,111,True
77,431,2098,2209,111,True
80,452,2098,2196,98,True
81,379,2098,2209,111,True
88,423,2098,2209,111,True
90,425,2098,2196,98,True
92,445,2098,2209,111,True
95,430,2098,2196,98,True
0,460,2099,2161,62,True
1,415,2099,2161,62,True
3,444,2099,2232,133,True
6,413,2099,2161,62,True
9,438,2099,2161,62,True
12,433,2099,2161,62,True
18,413,2099,2161,62,True
24,375,2099,2161,62,True
29,406,2099,2161,62,True
31,420,2099,2244,145,True
33,405,2099,2232,133,True
34,401,2099,2161,62,True
38,397,2099,2161,62,True
43,404,2099,2162,63,True
49,435,2099,2232,133,True
55,384,2099,2196,97,True
61,412,2099,2161,62,True
70,438,2099,2161,62,True
73,415,2099,2209,110,True
74,439,2099,2209,110,True
76,426,2099,2209,110,True
80,453,2099,2196,97,True
83,405,2099,2196,97,True
84,423,2099,2209,110,True
87,392,2099,2209,110,True
98,395,2099,2196,97,True
9,439,2100,2162,62,True
12,434,2100,2161,61,True
21,400,2100,2161,61,True
22,445,2100,2161,61,True
26,418,2100,2232,132,True
34,402,2100,2185,85,True
40,459,2100,2161,61,True
41,450,2100,2232,132,True
52,405,2100,,,False
54,465,2100,2209,109,True
57,415,2100,2161,61,True
74,440,2100,2209,109,True
75,420,2100,2209,109,True
77,432,2100,2209,109,True
83,406,2100,2196,96,True
89,411,2100,2209,109,True
92,446,2100,2209,109,True
2,435,2101,2162,61,True
9,440,2101,2162,61,True
15,426,2101,2161,60,True
19,395,2101,2162,61,True
23,437,2101,2161,60,True
25,416,2101,2161,60,True
36,437,2101,2161,60,True
44,425,2101,2161,60,True
47,396,2101,2161,60,True
53,404,2101,2196,95,True
59,434,2101,2209,108,True
60,412,2101,2209,108,True
70,439,2101,2161,60,True
80,454,2101,2196,95,True
81,380,2101,2209,108,True
90,426,2101,2209,108,True
0,461,2102,2161,59,True
8,420,2102,2232,130,True
10,403,2102,2161,59,True
11,409,2102,2161,59,True
13,437,2102,2232,130,True
14,424,2102,2161,59,True
15,427,2102,2161,59,True
24,376,2102,2161,59,True
25,417,2102,2161,59,True
26,419,2102,2232,130,True
28,440,2102,2244,142,True
30,435,2102,2161,59,True
36,438,2102,2161,59,True
37,409,2102,2161,59,True
38,398,2102,2161,59,True
39,401,2102,2161,59,True
47,397,2102,2161,59,True
51,416,2102,2196,94,True
55,385,2102,2196,94,True
57,416,2102,2161,59,True
61,413,2102,2161,59,True
62,401,2102,2209,107,True
64,437,2102,2161,59,True
68,428,2102,2209,107,True
69,457,2102,2209,107,True
70,440,2102,2161,59,True
72,419,2102,2209,107,True
87,393,2102,2209,107,True
93,406,2102,2209,107,True
0,462,2103,2161,58,True
7,393,2103,2162,59,True
14,425,2103,2161,58,True
16,450,2103,2161,58,True
21,401,2103,2161,58,True
23,438,2103,2161,58,True
24,377,2103,2161,58,True
26,420,2103,2232,129,True
27,429,2103,2161,58,True
34,403,2103,2185,82,True
44,426,2103,2161,58,True
45,405,2103,2161,58,True
47,398,2103,2161,58,True
50,418,2103,2158,55,True
51,417,2103,2196,93,True
52,406,2103,,,False
57,417,2103,2161,58,True
65,410,2103,2209,106,True
89,412,2103,2209,106,True
97,413,2103,2209,106,True
1,416,2104,2161,57,True
7,394,2104,2162,58,True
9,441,2104,2162,58,True
15,428,2104,2161,57,True
26,421,2104,2232,128,True
36,439,2104,2161,57,True
42,442,2104,2232,128,True
52,407,2104,,,False
62,402,2104,2209,105,True
63,439,2104,2196,92,True
64,438,2104,2161,57,True
68,429,2104,2209,105,True
69,458,2104,2209,105,True
70,441,2104,2161,57,True
72,420,2104,2209,105,True
73,416,2104,2209,105,True
75,421,2104,2209,105,True
80,455,2104,2196,92,True
81,381,2104,2209,105,True
96,398,2104,2209,105,True
97,414,2104,2209,105,True
1,417,2105,2161,56,True
2,436,2105,2162,57,True
4,414,2105,2161,56,True
9,442,2105,2162,57,True
17,386,2105,2162,57,True
20,412,2105,2161,56,True
26,422,2105,2232,127,True
28,441,2105,2244,139,True
34,404,2105,2185,80,True
37,410,2105,2161,56,True
52,408,2105,,,False
55,386,2105,2196,91,True
58,415,2105,2209,104,True
60,413,2105,2209,104,True
62,403,2105,2209,104,True
65,411,2105,2209,104,True
66,411,2105,2196,91,True
69,459,2105,2209,104,True
77,433,2105,2209,104,True
81,382,2105,2209,104,True
82,422,2105,2196,91,True
88,424,2105,2209,104,True
89,413,2105,2209,104,True
90,427,2105,2209,104,True
0,463,2106,2161,55,True
4,415,2106,2161,55,True
5,420,2106,2161,55,True
6,414,2106,2162,56,True
8,421,2106,2232,126,True
16,451,2106,2161,55,True
19,396,2106,2162,56,True
21,402,2106,2232,126,True
24,378,2106,2161,55,True
27,430,2106,2161,55,True
30,436,2106,2161,55,True
39,402,2106,2161,55,True
42,443,2106,2232,126,True
65,412,2106,2209,103,True
66,412,2106,2196,90,True
68,430,2106,2209,103,True
73,417,2106,2209,103,True
81,383,2106,2209,103,True
83,407,2106,2196,90,True
88,425,2106,2209,103,True
89,414,2106,2209,103,True
91,412,2106,2209,103,True
95,431,2106,2196,90,True
97,415,2106,2209,103,True
0,464,2107,2161,54,True
1,418,2107,2161,54,True
3,445,2107,2232,125,True
5,421,2107,2161,54,True
6,415,2107,2162,55,True
7,395,2107,2162,55,True
10,404,2107,2162,55,True
19,397,2107,2162,55,True
26,423,2107,2232,125,True
29,407,2107,2161,54,True
30,437,2107,2161,54,True
31,421,2107,2244,137,True
32,410,2107,2232,125,True
34,405,2107,2185,78,True
44,427,2107,2232,125,True
46,419,2107,2161,54,True
48,443,2107,2244,137,True
51,418,2107,2296,189,True
52,409,2107,,,False
56,428,2107,2209,102,True
64,439,2107,2161,54,True
65,413,2107,2209,102,True
72,421,2107,2209,102,True
74,441,2107,2209,102,True
76,427,2107,2209,102,True
80,456,2107,2196,89,True
83,408,2107,2196,89,True
88,426,2107,2209,102,True
91,413,2107,2209,102,True
92,447,2107,2209,102,True
93,407,2107,2209,102,True
96,399,2107,2209,102,True
97,416,2107,2209,102,True
98,396,2107,2196,89,True
6,416,2108,2162,54,True
10,405,2108,2162,54,True
18,414,2108,2162,54,True
20,413,2108,2161,53,True
23,439,2108,2161,53,True
24,379,2108,2161,53,True
33,406,2108,2232,124,True
35,422,2108,2161,53,True
36,440,2108,2161,53,True
41,451,2108,2232,124,True
43,405,2108,2244,136,True
54,466,2108,2209,101,True
56,429,2108,2209,101,True
61,414,2108,2161,53,True
63,440,2108,2196,88,True
67,414,2108,2209,101,True
78,440,2108,2209,101,True
80,457,2108,2196,88,True
83,409,2108,2196,88,True
85,407,2108,2209,101,True
89,415,2108,2209,101,True
97,417,2108,2209,101,True
98,397,2108,2196,88,True
3,446,2109,2232,123,True
10,406,2109,2162,53,True
12,435,2109,2161,52,True
15,429,2109,2161,52,True
20,414,2109,2161,52,True
25,418,2109,2162,53,True
32,411,2109,2232,123,True
41,452,2109,2232,123,True
58,416,2109,2209,100,True
62,404,2109,2209,100,True
63,441,2109,2196,87,True
68,431,2109,2209,100,True
78,441,2109,2209,100,True
84,424,2109,2209,100,True
88,427,2109,2209,100,True
92,448,2109,2209,100,True
96,400,2109,2209,100,True
0,465,2110,2161,51,True
19,398,2110,2162,52,True
28,442,2110,2244,134,True
34,406,2110,2185,75,True
38,399,2110,2162,52,True
41,453,2110,2232,122,True
42,444,2110,2232,122,True
48,444,2110,2244,134,True
51,419,2110,2296,186,True
59,435,2110,2209,99,True
62,405,2110,2209,99,True
71,424,2110,2209,99,True
73,418,2110,2209,99,True
78,442,2110,2209,99,True
79,392,2110,2209,99,True
82,423,2110,2196,86,True
95,432,2110,2196,86,True
0,466,2111,2161,50,True
2,437,2111,2162,51,True
6,417,2111,2162,51,True
8,422,2111,2232,121,True
11,410,2111,2161,50,True
16,452,2111,2161,50,True
22,446,2111,2162,51,True
30,438,2111,2161,50,True
31,422,2111,2244,133,True
33,407,2111,2232,121,True
34,407,2111,2185,74,True
40,460,2111,2232,121,True
46,420,2111,2161,50,True
50,419,2111,2209,98,True
65,414,2111,2209,98,True
67,415,2111,2209,98,True
74,442,2111,2209,98,True
76,428,2111,2209,98,True
80,458,2111,2196,85,True
89,416,2111,2209,98,True
93,408,2111,2209,98,True
98,398,2111,2196,85,True
6,418,2112,2162,50,True
11,411,2112,2161,49,True
15,430,2112,2161,49,True
17,387,2112,2162,50,True
19,399,2112,2162,50,True
23,440,2112,2232,120,True
24,380,2112,2232,120,True
27,431,2112,2161,49,True
28,443,2112,2244,132,True
34,408,2112,2185,73,True
35,423,2112,2161,49,True
56,430,2112,2209,97,True
59,436,2112,2209,97,True
77,434,2112,2209,97,True
80,459,2112,2196,84,True
92,449,2112,2209,97,True
94,428,2112,2196,84,True
4,416,2113,2232,119,True
11,412,2113,2161,48,True
15,431,2113,2185,72,True
16,453,2113,2161,48,True
23,441,2113,2232,119,True
31,423,2113,2244,131,True
32,412,2113,2232,119,True
46,421,2113,2232,119,True
48,445,2113,2244,131,True
58,417,2113,2209,96,True
61,415,2113,2161,48,True
62,406,2113,2209,96,True
64,440,2113,2172,59,True
72,422,2113,2209,96,True
74,443,2113,2209,96,True
76,429,2113,2209,96,True
86,437,2113,2209,96,True
87,394,2113,2209,96,True
99,406,2113,2209,96,True
0,467,2114,2232,118,True
4,417,2114,2232,118,True
11,413,2114,2161,47,True
13,438,2114,2232,118,True
14,426,2114,2161,47,True
39,403,2114,2232,118,True
46,422,2114,2232,118,True
47,399,2114,2161,47,True
48,446,2114,2244,130,True
54,467,2114,2209,95,True
64,441,2114,2172,58,True
68,432,2114,2209,95,True
80,460,2114,2196,82,True
82,424,2114,2209,95,True
84,425,2114,2209,95,True
94,429,2114,2196,82,True
99,407,2114,2209,95,True
0,468,2115,2232,117,True
9,443,2115,2244,129,True
11,414,2115,2232,117,True
27,432,2115,2161,46,True
28,444,2115,2244,129,True
31,424,2115,2244,129,True
32,413,2115,2232,117,True
33,408,2115,2232,117,True
48,447,2115,2244,129,True
57,418,2115,2161,46,True
68,433,2115,2209,94,True
80,461,2115,2196,81,True
81,384,2115,2209,94,True
82,425,2115,2209,94,True
83,410,2115,2196,81,True
94,430,2115,2196,81,True
96,401,2115,2209,94,True
98,399,2115,2196,81,True
0,469,2116,2232,116,True
1,419,2116,2161,45,True
12,436,2116,2232,116,True
17,388,2116,2244,128,True
18,415,2116,2162,46,True
26,424,2116,2232,116,True
27,433,2116,2161,45,True
61,416,2116,2172,56,True
71,425,2116,2209,93,True
84,426,2116,2209,93,True
86,438,2116,2209,93,True
90,428,2116,2209,93,True
96,402,2116,2209,93,True
98,400,2116,2196,80,True
0,470,2117,2232,115,True
8,423,2117,2232,115,True
13,439,2117,2232,115,True
19,400,2117,2162,45,True
27,434,2117,2161,44,True
32,414,2117,2232,115,True
34,409,2117,2185,68,True
40,461,2117,2244,127,True
42,445,2117,2232,115,True
52,410,2117,,,False
57,419,2117,2161,44,True
60,414,2117,2209,92,True
61,417,2117,2172,55,True
66,413,2117,2196,79,True
70,442,2117,2209,92,True
82,426,2117,2209,92,True
99,408,2117,2209,92,True
0,471,2118,2232,114,True
9,444,2118,2244,126,True
35,424,2118,2161,43,True
40,462,2118,2244,126,True
42,446,2118,2232,114,True
48,448,2118,2244,126,True
49,436,2118,2232,114,True
56,431,2118,2209,91,True
59,437,2118,2209,91,True
61,418,2118,2172,54,True
63,442,2118,2196,78,True
65,415,2118,2209,91,True
72,423,2118,2209,91,True
79,393,2118,2209,91,True
83,411,2118,2196,78,True
86,439,2118,2209,91,True
88,428,2118,2209,91,True
89,417,2118,2209,91,True
3,447,2119,2232,113,True
8,424,2119,2232,113,True
11,415,2119,2232,113,True
16,454,2119,2232,113,True
22,447,2119,2244,125,True
23,442,2119,2232,113,True
32,415,2119,2232,113,True
38,400,2119,2162,43,True
39,404,2119,2232,113,True
40,463,2119,2244,125,True
42,447,2119,2232,113,True
43,406,2119,2244,125,True
52,411,2119,,,False
53,405,2119,2196,77,True
54,468,2119,2209,90,True
60,415,2119,2209,90,True
63,443,2119,2209,90,True
75,422,2119,2209,90,True
76,430,2119,2209,90,True
83,412,2119,2196,77,True
85,408,2119,2209,90,True
87,395,2119,2209,90,True
88,429,2119,2209,90,True
98,401,2119,2196,77,True
1,420,2120,2232,112,True
9,445,2120,2244,124,True
18,416,2120,2232,112,True
27,435,2120,2161,41,True
33,409,2120,2232,112,True
35,425,2120,2162,42,True
37,411,2120,2232,112,True
38,401,2120,2244,124,True
40,464,2120,2244,124,True
46,423,2120,2232,112,True
47,400,2120,2161,41,True
48,449,2120,2244,124,True
54,469,2120,2209,89,True
55,387,2120,2209,89,True
57,420,2120,2172,52,True
60,416,2120,2209,89,True
61,419,2120,2172,52,True
65,416,2120,2209,89,True
70,443,2120,2209,89,True
75,423,2120,2209,89,True
83,413,2120,2196,76,True
86,440,2120,2209,89,True
92,450,2120,2209,89,True
93,409,2120,2209,89,True
1,421,2121,2232,111,True
3,448,2121,2232,111,True
5,422,2121,2232,111,True
7,396,2121,2162,41,True
9,446,2121,2244,123,True
13,440,2121,2232,111,True
14,427,2121,2161,40,True
24,381,2121,2232,111,True
46,424,2121,2232,111,True
55,388,2121,2209,88,True
57,421,2121,2172,51,True
65,417,2121,2209,88,True
69,460,2121,2209,88,True
70,444,2121,2209,88,True
73,419,2121,2209,88,True
74,444,2121,2296,175,True
82,427,2121,2209,88,True
84,427,2121,2209,88,True
86,441,2121,2209,88,True
95,433,2121,2196,75,True
1,422,2122,2232,110,True
6,419,2122,2162,40,True
7,397,2122,2162,40,True
12,437,2122,2232,110,True
14,428,2122,2161,39,True
18,417,2122,2232,110,True
24,382,2122,2232,110,True
36,441,2122,2232,110,True
42,448,2122,2232,110,True
44,428,2122,2232,110,True
53,406,2122,2209,87,True
58,418,2122,2209,87,True
60,417,2122,2209,87,True
63,444,2122,2209,87,True
70,445,2122,2209,87,True
75,424,2122,2209,87,True
76,431,2122,2209,87,True
80,462,2122,2196,74,True
81,385,2122,2209,87,True
84,428,2122,2209,87,True
93,410,2122,2209,87,True
2,438,2123,2162,39,True
13,441,2123,2232,109,True
14,429,2123,2172,49,True
19,401,2123,2244,121,True
20,415,2123,2196,73,True
22,448,2123,2244,121,True
27,436,2123,2232,109,True
30,439,2123,2232,109,True
37,412,2123,2244,121,True
39,405,2123,2232,109,True
49,437,2123,2232,109,True
50,420,2123,2209,86,True
53,407,2123,2209,86,True
55,389,2123,2209,86,True
62,407,2123,2209,86,True
65,418,2123,2209,86,True
73,420,2123,2209,86,True
75,425,2123,2209,86,True
81,386,2123,2209,86,True
87,396,2123,2209,86,True
90,429,2123,2209,86,True
92,451,2123,2209,86,True
13,442,2124,2232,108,True
29,408,2124,2232,108,True
30,440,2124,2232,108,True
33,410,2124,2232,108,True
36,442,2124,2232,108,True
38,402,2124,2244,120,True
40,465,2124,2244,120,True
43,407,2124,2244,120,True
44,429,2124,2232,108,True
45,406,2124,2232,108,True
46,425,2124,2232,108,True
48,450,2124,2244,120,True
49,438,2124,2232,108,True
51,420,2124,2296,172,True
52,412,2124,,,False
54,470,2124,2209,85,True
63,445,2124,2209,85,True
65,419,2124,2209,85,True
72,424,2124,2209,85,True
76,432,2124,2209,85,True
79,394,2124,2209,85,True
80,463,2124,2196,72,True
86,442,2124,2209,85,True
91,414,2124,2209,85,True
0,472,2125,2232,107,True
1,423,2125,2232,107,True
15,432,2125,2185,60,True
17,389,2125,2244,119,True
24,383,2125,2232,107,True
28,445,2125,2244,119,True
30,441,2125,2232,107,True
31,425,2125,2244,119,True
33,411,2125,2232,107,True
35,426,2125,2162,37,True
36,443,2125,2232,107,True
39,406,2125,2232,107,True
45,407,2125,2232,107,True
51,421,2125,2296,171,True
57,422,2125,2172,47,True
59,438,2125,2209,84,True
61,420,2125,2196,71,True
63,446,2125,2209,84,True
78,443,2125,2209,84,True
82,428,2125,2209,84,True
85,409,2125,2209,84,True
94,431,2125,2209,84,True
99,409,2125,2209,84,True
2,439,2126,2244,118,True
12,438,2126,2232,106,True
19,402,2126,2244,118,True
29,409,2126,2232,106,True
44,430,2126,2232,106,True
46,426,2126,2232,106,True
51,422,2126,2296,170,True
61,421,2126,2196,70,True
63,447,2126,2209,83,True
65,420,2126,2209,83,True
68,434,2126,2209,83,True
69,461,2126,2209,83,True
76,433,2126,2209,83,True
78,444,2126,2209,83,True
90,430,2126,2209,83,True
15,433,2127,2232,105,True
18,418,2127,2232,105,True
28,446,2127,2244,117,True
35,427,2127,2162,35,True
50,421,2127,2209,82,True
72,425,2127,2209,82,True
81,387,2127,2209,82,True
82,429,2127,2209,82,True
88,430,2127,2209,82,True
2,440,2128,2244,116,True
4,418,2128,2232,104,True
5,423,2128,2232,104,True
11,416,2128,2232,104,True
15,434,2128,2232,104,True
16,455,2128,2232,104,True
23,443,2128,2232,104,True
24,384,2128,2232,104,True
28,447,2128,2244,116,True
33,412,2128,2232,104,True
35,428,2128,2162,34,True
36,444,2128,2232,104,True
38,403,2128,2244,116,True
40,466,2128,2244,116,True
41,454,2128,2244,116,True
42,449,2128,2232,104,True
46,427,2128,2232,104,True
50,422,2128,2209,81,True
60,418,2128,2209,81,True
61,422,2128,2196,68,True
62,408,2128,2209,81,True
63,448,2128,2209,81,True
66,414,2128,2209,81,True
67,416,2128,2209,81,True
78,445,2128,2209,81,True
86,443,2128,2209,81,True
89,418,2128,2209,81,True
93,411,2128,2209,81,True
96,403,2128,2296,168,True
99,410,2128,2209,81,True
0,473,2129,2232,103,True
2,441,2129,2244,115,True
4,419,2129,2232,103,True
19,403,2129,2244,115,True
20,416,2129,2196,67,True
23,444,2129,2232,103,True
25,419,2129,2232,103,True
26,425,2129,2232,103,True
36,445,2129,2232,103,True
45,408,2129,2232,103,True
46,428,2129,2232,103,True
49,439,2129,2232,103,True
50,423,2129,2209,80,True
55,390,2129,2240,111,True
56,432,2129,2209,80,True
60,419,2129,2209,80,True
61,423,2129,2196,67,True
75,426,2129,2209,80,True
80,464,2129,2209,80,True
81,388,2129,2209,80,True
90,431,2129,2209,80,True
93,412,2129,2209,80,True
97,418,2129,2209,80,True
1,424,2130,2232,102,True
3,449,2130,2232,102,True
4,420,2130,2232,102,True
13,443,2130,2232,102,True
15,435,2130,2232,102,True
28,448,2130,2244,114,True
33,413,2130,2232,102,True
38,404,2130,2244,114,True
44,431,2130,2232,102,True
46,429,2130,2232,102,True
48,451,2130,2244,114,True
49,440,2130,2232,102,True
50,424,2130,2209,79,True
52,413,2130,,,False
58,419,2130,2209,79,True
69,462,2130,2209,79,True
70,446,2130,2209,79,True
71,426,2130,2209,79,True
73,421,2130,2209,79,True
75,427,2130,2209,79,True
81,389,2130,2209,79,True
85,410,2130,2209,79,True
87,397,2130,2209,79,True
90,432,2130,2209,79,True
1,425,2131,2232,101,True
18,419,2131,2244,113,True
22,449,2131,2244,113,True
34,410,2131,2185,54,True
46,430,2131,2232,101,True
47,401,2131,2232,101,True
51,423,2131,2296,165,True
58,420,2131,2209,78,True
61,424,2131,2196,65,True
73,422,2131,2209,78,True
76,434,2131,2209,78,True
93,413,2131,2209,78,True
4,421,2132,2232,100,True
12,439,2132,2232,100,True
17,390,2132,2244,112,True
26,426,2132,2232,100,True
27,437,2132,2244,112,True
33,414,2132,2232,100,True
40,467,2132,2244,112,True
41,455,2132,2244,112,True
58,421,2132,2209,77,True
61,425,2132,2196,64,True
90,433,2132,2209,77,True
94,432,2132,2209,77,True
95,434,2132,2209,77,True
98,402,2132,2209,77,True
99,411,2132,2209,77,True
7,398,2133,2308,175,True
9,447,2133,2244,111,True
14,430,2133,2232,99,True
17,391,2133,2244,111,True
21,403,2133,2232,99,True
22,450,2133,2244,111,True
30,442,2133,2232,99,True
40,468,2133,2244,111,True
51,424,2133,2296,163,True
52,414,2133,,,False
53,408,2133,2209,76,True
60,420,2133,2209,76,True
75,428,2133,2209,76,True
76,435,2133,2209,76,True
82,430,2133,2209,76,True
83,414,2133,2209,76,True
85,411,2133,2209,76,True
8,425,2134,2232,98,True
19,404,2134,2244,110,True
22,451,2134,2244,110,True
25,420,2134,2244,110,True
29,410,2134,2232,98,True
33,415,2134,2232,98,True
37,413,2134,2244,110,True
38,405,2134,2244,110,True
41,456,2134,2244,110,True
48,452,2134,2244,110,True
50,425,2134,2209,75,True
56,433,2134,2209,75,True
60,421,2134,2209,75,True
63,449,2134,2209,75,True
65,421,2134,2232,98,True
67,417,2134,2209,75,True
78,446,2134,2209,75,True
88,431,2134,2209,75,True
90,434,2134,2209,75,True
93,414,2134,2209,75,True
1,426,2135,2232,97,True
2,442,2135,2244,109,True
5,424,2135,2232,97,True
9,448,2135,2244,109,True
10,407,2135,2244,109,True
11,417,2135,2232,97,True
24,385,2135,2232,97,True
26,427,2135,2232,97,True
27,438,2135,2244,109,True
33,416,2135,2232,97,True
34,411,2135,2232,97,True
37,414,2135,2244,109,True
42,450,2135,2232,97,True
44,432,2135,2232,97,True
45,409,2135,2232,97,True
53,409,2135,2209,74,True
62,409,2135,2209,74,True
68,435,2135,2240,105,True
78,447,2135,2296,161,True
82,431,2135,2209,74,True
88,432,2135,2209,74,True
89,419,2135,2209,74,True
90,435,2135,2209,74,True
92,452,2135,2209,74,True
97,419,2135,2209,74,True
3,450,2136,2244,108,True
4,422,2136,2232,96,True
5,425,2136,2232,96,True
6,420,2136,2244,108,True
7,399,2136,2308,172,True
11,418,2136,2232,96,True
13,444,2136,2244,108,True
15,436,2136,2232,96,True
19,405,2136,2308,172,True
21,404,2136,2232,96,True
22,452,2136,2244,108,True
31,426,2136,2244,108,True
40,469,2136,2308,172,True
52,415,2136,,,False
69,463,2136,2209,73,True
71,427,2136,2209,73,True
77,435,2136,2209,73,True
84,429,2136,2209,73,True
91,415,2136,2209,73,True
95,435,2136,2209,73,True
99,412,2136,2209,73,True
0,474,2137,2232,95,True
6,421,2137,2244,107,True
11,419,2137,2232,95,True
17,392,2137,2244,107,True
22,453,2137,2244,107,True
27,439,2137,2244,107,True
30,443,2137,2232,95,True
31,427,2137,2244,107,True
38,406,2137,2244,107,True
62,410,2137,2209,72,True
63,450,2137,2209,72,True
64,442,2137,2209,72,True
65,422,2137,2232,95,True
71,428,2137,2209,72,True
73,423,2137,2209,72,True
83,415,2137,2209,72,True
91,416,2137,2209,72,True
92,453,2137,2296,159,True
98,403,2137,2209,72,True
7,400,2138,2308,170,True
9,449,2138,2244,106,True
14,431,2138,2232,94,True
15,437,2138,2232,94,True
18,420,2138,2244,106,True
22,454,2138,2244,106,True
25,421,2138,2244,106,True
32,416,2138,2244,106,True
44,433,2138,2244,106,True
52,416,2138,,,False
60,422,2138,2209,71,True
63,451,2138,2209,71,True
64,443,2138,2209,71,True
67,418,2138,2209,71,True
70,447,2138,2209,71,True
83,416,2138,2209,71,True
87,398,2138,2209,71,True
97,420,2138,2209,71,True
98,404,2138,2209,71,True
2,443,2139,2244,105,True
7,401,2139,2308,169,True
10,408,2139,2244,105,True
13,445,2139,2244,105,True
15,438,2139,2232,93,True
20,417,2139,2232,93,True
26,428,2139,2244,105,True
30,444,2139,2232,93,True
36,446,2139,2244,105,True
41,457,2139,2244,105,True
72,426,2139,2209,70,True
79,395,2139,2209,70,True
83,417,2139,2209,70,True
84,430,2139,2209,70,True
0,475,2140,2232,92,True
3,451,2140,2244,104,True
19,406,2140,2308,168,True
28,449,2140,2244,104,True
32,417,2140,2244,104,True
33,417,2140,2232,92,True
44,434,2140,2244,104,True
45,410,2140,2232,92,True
51,425,2140,2296,156,True
53,410,2140,2306,166,True
54,471,2140,2209,69,True
57,423,2140,2209,69,True
59,439,2140,2209,69,True
64,444,2140,2209,69,True
69,464,2140,2209,69,True
72,427,2140,2209,69,True
74,445,2140,2296,156,True
82,432,2140,2209,69,True
83,418,2140,2209,69,True
94,433,2140,2240,100,True
95,436,2140,2209,69,True
99,413,2140,2209,69,True
0,476,2141,2232,91,True
14,432,2141,2232,91,True
20,418,2141,2232,91,True
21,405,2141,2232,91,True
24,386,2141,2232,91,True
30,445,2141,2232,91,True
42,451,2141,2308,167,True
44,435,2141,2244,103,True
45,411,2141,2232,91,True
49,441,2141,2232,91,True
53,411,2141,2306,165,True
82,433,2141,2209,68,True
91,417,2141,2209,68,True
0,477,2142,2232,90,True
1,427,2142,2232,90,True
4,423,2142,2232,90,True
5,426,2142,2244,102,True
13,446,2142,2244,102,True
15,439,2142,2232,90,True
33,418,2142,2232,90,True
34,412,2142,2232,90,True
38,407,2142,2308,166,True
47,402,2142,2232,90,True
48,453,2142,2244,102,True
50,426,2142,2209,67,True
68,436,2142,2240,98,True
71,429,2142,2209,67,True
88,433,2142,2209,67,True
93,415,2142,2296,154,True
99,414,2142,2209,67,True
4,424,2143,2232,89,True
7,402,2143,2308,165,True
24,387,2143,2244,101,True
32,418,2143,2244,101,True
41,458,2143,2244,101,True
42,452,2143,2308,165,True
43,408,2143,2244,101,True
44,436,2143,2244,101,True
50,427,2143,2209,66,True
51,426,2143,2296,153,True
52,417,2143,,,False
61,426,2143,2209,66,True
67,419,2143,2209,66,True
70,448,2143,2209,66,True
76,436,2143,2209,66,True
77,436,2143,2209,66,True
85,412,2143,2209,66,True
89,420,2143,2209,66,True
93,416,2143,2296,153,True
95,437,2143,2209,66,True
96,404,2143,2296,153,True
3,452,2144,2244,100,True
9,450,2144,2244,100,True
15,440,2144,2232,88,True
17,393,2144,2244,100,True
18,421,2144,2244,100,True
19,407,2144,2308,164,True
24,388,2144,2244,100,True
26,429,2144,2244,100,True
27,440,2144,2244,100,True
33,419,2144,2232,88,True
42,453,2144,2308,164,True
50,428,2144,2209,65,True
52,418,2144,,,False
54,472,2144,2209,65,True
57,424,2144,2237,93,True
59,440,2144,2209,65,True
64,445,2144,2209,65,True
76,437,2144,2209,65,True
85,413,2144,2209,65,True
89,421,2144,2209,65,True
93,417,2144,2296,152,True
96,405,2144,2296,152,True
97,421,2144,2209,65,True
98,405,2144,2209,65,True
4,425,2145,2232,87,True
6,422,2145,2244,99,True
14,433,2145,2232,87,True
23,445,2145,2244,99,True
32,419,2145,2244,99,True
33,420,2145,2232,87,True
35,429,2145,2232,87,True
43,409,2145,2244,99,True
46,431,2145,2244,99,True
49,442,2145,2232,87,True
51,427,2145,2296,151,True
53,412,2145,2306,161,True
58,422,2145,2209,64,True
81,390,2145,2296,151,True
83,419,2145,2209,64,True
90,436,2145,2209,64,True
95,438,2145,2209,64,True
1,428,2146,2232,86,True
2,444,2146,2244,98,True
14,434,2146,2232,86,True
33,421,2146,2232,86,True
35,430,2146,2232,86,True
38,408,2146,2308,162,True
39,407,2146,2244,98,True
44,437,2146,2308,162,True
46,432,2146,2244,98,True
49,443,2146,2232,86,True
51,428,2146,2296,150,True
57,425,2146,2237,91,True
68,437,2146,2240,94,True
71,430,2146,2209,63,True
76,438,2146,2209,63,True
78,448,2146,2296,150,True
82,434,2146,2240,94,True
90,437,2146,2209,63,True
94,434,2146,2240,94,True
99,415,2146,2209,63,True
0,478,2147,2232,85,True
9,451,2147,2244,97,True
17,394,2147,2244,97,True
24,389,2147,2244,97,True
27,441,2147,2244,97,True
28,450,2147,2244,97,True
37,415,2147,2244,97,True
38,409,2147,2308,161,True
39,408,2147,2244,97,True
44,438,2147,2308,161,True
73,424,2147,2209,62,True
86,444,2147,2232,85,True
98,406,2147,2209,62,True
99,416,2147,2209,62,True
2,445,2148,2244,96,True
5,427,2148,2244,96,True
15,441,2148,2232,84,True
31,428,2148,2244,96,True
35,431,2148,2232,84,True
36,447,2148,2244,96,True
39,409,2148,2244,96,True
41,459,2148,2244,96,True
43,410,2148,2244,96,True
45,412,2148,2232,84,True
46,433,2148,2244,96,True
52,419,2148,,,False
60,423,2148,2209,61,True
65,423,2148,2232,84,True
73,425,2148,2209,61,True
82,435,2148,2240,92,True
83,420,2148,2240,92,True
88,434,2148,2209,61,True
89,422,2148,2209,61,True
92,454,2148,2296,148,True
94,435,2148,2240,92,True
95,439,2148,2209,61,True
99,417,2148,2209,61,True
4,426,2149,2232,83,True
5,428,2149,2244,95,True
9,452,2149,2244,95,True
16,456,2149,2244,95,True
19,408,2149,2308,159,True
32,420,2149,2244,95,True
38,410,2149,2308,159,True
39,410,2149,2244,95,True
40,470,2149,2308,159,True
43,411,2149,2244,95,True
46,434,2149,2244,95,True
47,403,2149,2232,83,True
60,424,2149,2296,147,True
69,465,2149,2209,60,True
72,428,2149,2209,60,True
74,446,2149,2296,147,True
75,429,2149,2209,60,True
87,399,2149,2209,60,True
92,455,2149,2296,147,True
0,479,2150,2232,82,True
17,395,2150,2244,94,True
29,411,2150,2232,82,True
31,429,2150,2244,94,True
32,421,2150,2244,94,True
33,422,2150,2232,82,True
63,452,2150,2209,59,True
70,449,2150,2209,59,True
72,429,2150,2209,59,True
75,430,2150,2209,59,True
80,465,2150,2240,90,True
84,431,2150,2296,146,True
88,435,2150,2359,209,True
91,418,2150,2240,90,True
3,453,2151,2244,93,True
4,427,2151,2244,93,True
5,429,2151,2244,93,True
9,453,2151,2244,93,True
17,396,2151,2308,157,True
19,409,2151,2308,157,True
25,422,2151,2244,93,True
30,446,2151,2232,81,True
34,413,2151,2232,81,True
35,432,2151,2232,81,True
38,411,2151,2308,157,True
43,412,2151,2244,93,True
51,429,2151,2296,145,True
55,391,2151,2296,145,True
62,411,2151,2296,145,True
67,420,2151,2209,58,True
68,438,2151,2240,89,True
72,430,2151,2209,58,True
73,426,2151,2209,58,True
79,396,2151,2209,58,True
81,391,2151,2296,145,True
83,421,2151,2240,89,True
91,419,2151,2240,89,True
93,418,2151,2296,145,True
94,436,2151,2240,89,True
95,440,2151,2240,89,True
5,430,2152,2308,156,True
13,447,2152,2244,92,True
37,416,2152,2244,92,True
43,413,2152,2244,92,True
45,413,2152,2232,80,True
52,420,2152,,,False
61,427,2152,2232,80,True
65,424,2152,2232,80,True
69,466,2152,2209,57,True
70,450,2152,2209,57,True
71,431,2152,2209,57,True
74,447,2152,2296,144,True
76,439,2152,2209,57,True
78,449,2152,2296,144,True
80,466,2152,2240,88,True
92,456,2152,2296,144,True
7,403,2153,2308,155,True
9,454,2153,2244,91,True
11,420,2153,2232,79,True
22,455,2153,2244,91,True
24,390,2153,2244,91,True
26,430,2153,2244,91,True
30,447,2153,2308,155,True
44,439,2153,2308,155,True
48,454,2153,2244,91,True
53,413,2153,2306,153,True
57,426,2153,2237,84,True
65,425,2153,2232,79,True
66,415,2153,2296,143,True
73,427,2153,2209,56,True
75,431,2153,2209,56,True
76,440,2153,2209,56,True
85,414,2153,2209,56,True
90,438,2153,2296,143,True
99,418,2153,2209,56,True
5,431,2154,2308,154,True
6,423,2154,2244,90,True
11,421,2154,2232,78,True
15,442,2154,2244,90,True
16,457,2154,2244,90,True
17,397,2154,2308,154,True
30,448,2154,2308,154,True
32,422,2154,2244,90,True
33,423,2154,2232,78,True
37,417,2154,2244,90,True
39,411,2154,2244,90,True
40,471,2154,2308,154,True
57,427,2154,2237,83,True
62,412,2154,2296,142,True
63,453,2154,2296,142,True
65,426,2154,2232,78,True
67,421,2154,2296,142,True
80,467,2154,2308,154,True
85,415,2154,2209,55,True
88,436,2154,2359,205,True
92,457,2154,2296,142,True
94,437,2154,2240,86,True
99,419,2154,2209,55,True
1,429,2155,2232,77,True
4,428,2155,2244,89,True
7,404,2155,2308,153,True
11,422,2155,2232,77,True
23,446,2155,2244,89,True
30,449,2155,2308,153,True
41,460,2155,2244,89,True
42,454,2155,2308,153,True
51,430,2155,2296,141,True
55,392,2155,2296,141,True
56,434,2155,2209,54,True
57,428,2155,2237,82,True
60,425,2155,2296,141,True
64,446,2155,2209,54,True
70,451,2155,2209,54,True
88,437,2155,2359,204,True
89,423,2155,2209,54,True
91,420,2155,2240,85,True
93,419,2155,2296,141,True
1,430,2156,2232,76,True
6,424,2156,2244,88,True
10,409,2156,2308,152,True
16,458,2156,2244,88,True
17,398,2156,2308,152,True
19,410,2156,2308,152,True
20,419,2156,2232,76,True
25,423,2156,2308,152,True
28,451,2156,2244,88,True
42,455,2156,2308,152,True
51,431,2156,2296,140,True
52,421,2156,,,False
54,473,2156,2209,53,True
66,416,2156,2296,140,True
70,452,2156,2209,53,True
76,441,2156,2209,53,True
78,450,2156,2296,140,True
79,397,2156,2209,53,True
80,468,2156,2308,152,True
88,438,2156,2359,203,True
93,420,2156,2296,140,True
94,438,2156,2240,84,True
0,480,2157,2232,75,True
1,431,2157,2232,75,True
7,405,2157,2308,151,True
8,426,2157,2232,75,True
13,448,2157,2244,87,True
20,420,2157,2232,75,True
24,391,2157,2244,87,True
25,424,2157,2308,151,True
27,442,2157,2244,87,True
33,424,2157,2232,75,True
38,412,2157,2308,151,True
58,423,2157,2296,139,True
66,417,2157,2296,139,True
68,439,2157,2240,83,True
70,453,2157,2209,52,True
73,428,2157,2209,52,True
75,432,2157,2296,139,True
78,451,2157,2296,139,True
82,436,2157,2296,139,True
88,439,2157,2359,202,True
92,458,2157,2296,139,True
95,441,2157,2240,83,True
5,432,2158,2308,150,True
8,427,2158,2232,74,True
10,410,2158,2308,150,True
15,443,2158,2244,86,True
17,399,2158,2308,150,True
18,422,2158,2244,86,True
19,411,2158,2308,150,True
20,421,2158,2232,74,True
35,433,2158,2232,74,True
60,426,2158,2296,138,True
64,447,2158,2232,74,True
71,432,2158,2209,51,True
74,448,2158,2296,138,True
76,442,2158,2209,51,True
88,440,2158,2359,201,True
89,424,2158,2209,51,True
91,421,2158,2240,82,True
93,421,2158,2296,138,True
99,420,2158,2209,51,True
8,428,2159,2232,73,True
10,411,2159,2308,149,True
21,406,2159,2232,73,True
24,392,2159,2244,85,True
29,412,2159,2308,149,True
31,430,2159,2244,85,True
32,423,2159,2244,85,True
40,472,2159,2308,149,True
43,414,2159,2244,85,True
54,474,2159,2209,50,True
59,441,2159,2296,137,True
64,448,2159,2232,73,True
70,454,2159,2232,73,True
73,429,2159,2296,137,True
75,433,2159,2296,137,True
80,469,2159,2308,149,True
82,437,2159,2296,137,True
85,416,2159,2209,50,True
86,445,2159,2232,73,True
87,400,2159,2296,137,True
97,422,2159,2306,147,True
1,432,2160,2232,72,True
4,429,2160,2244,84,True
10,412,2160,2308,148,True
15,444,2160,2244,84,True
23,447,2160,2244,84,True
24,393,2160,2244,84,True
31,431,2160,2244,84,True
38,413,2160,2308,148,True
47,404,2160,2232,72,True
63,454,2160,2296,136,True
67,422,2160,2296,136,True
68,440,2160,2240,80,True
75,434,2160,2296,136,True
77,437,2160,2296,136,True
78,452,2160,2296,136,True
81,392,2160,2296,136,True
84,432,2160,2296,136,True
85,417,2160,2209,49,True
86,446,2160,2232,72,True
95,442,2160,2240,80,True
1,433,2161,2232,71,True
3,454,2161,2244,83,True
7,406,2161,2308,147,True
8,429,2161,2232,71,True
11,423,2161,2232,71,True
13,449,2161,2244,83,True
18,423,2161,2244,83,True
21,407,2161,2232,71,True
22,456,2161,2244,83,True
28,452,2161,2244,83,True
29,413,2161,2308,147,True
36,448,2161,2244,83,True
42,456,2161,2308,147,True
45,414,2161,2244,83,True
51,432,2161,2296,135,True
53,414,2161,2306,145,True
60,427,2161,2296,135,True
69,467,2161,2209,48,True
83,422,2161,2296,135,True
7,407,2162,2308,146,True
17,400,2162,2308,146,True
22,457,2162,2244,82,True
38,414,2162,2308,146,True
40,473,2162,2308,146,True
44,440,2162,2308,146,True
58,424,2162,2296,134,True
64,449,2162,2232,70,True
74,449,2162,2296,134,True
83,423,2162,2296,134,True
88,441,2162,2359,197,True
91,422,2162,2240,78,True
93,422,2162,2296,134,True
8,430,2163,2232,69,True
15,445,2163,2244,81,True
20,422,2163,2244,81,True
23,448,2163,2244,81,True
31,432,2163,2244,81,True
33,425,2163,2232,69,True
34,414,2163,2308,145,True
38,415,2163,2308,145,True
41,461,2163,2244,81,True
42,457,2163,2308,145,True
45,415,2163,2244,81,True
49,444,2163,2244,81,True
52,422,2163,,,False
53,415,2163,2306,143,True
78,453,2163,2296,133,True
88,442,2163,2359,196,True
94,439,2163,2240,77,True
97,423,2163,2306,143,True
12,440,2164,2244,80,True
22,458,2164,2244,80,True
41,462,2164,2244,80,True
44,441,2164,2308,144,True
56,435,2164,2296,132,True
61,428,2164,2232,68,True
97,424,2164,2306,142,True
99,421,2164,2296,132,True
10,413,2165,2308,143,True
21,408,2165,2232,67,True
32,424,2165,2308,143,True
34,415,2165,2308,143,True
35,434,2165,2244,79,True
38,416,2165,2308,143,True
39,412,2165,2308,143,True
42,458,2165,2308,143,True
44,442,2165,2308,143,True
65,427,2165,2296,131,True
76,443,2165,2296,131,True
81,393,2165,2296,131,True
83,424,2165,2296,131,True
89,425,2165,2296,131,True
90,439,2165,2296,131,True
91,423,2165,2240,75,True
92,459,2165,2296,131,True
1,434,2166,2232,66,True
2,446,2166,2308,142,True
5,433,2166,2308,142,True
8,431,2166,2244,78,True
10,414,2166,2308,142,True
14,435,2166,2232,66,True
32,425,2166,2308,142,True
33,426,2166,2232,66,True
42,459,2166,2308,142,True
45,416,2166,2308,142,True
49,445,2166,2244,78,True
63,455,2166,2296,130,True
68,441,2166,2240,74,True
91,424,2166,2240,74,True
92,460,2166,2296,130,True
95,443,2166,2240,74,True
98,407,2166,2240,74,True
1,435,2167,2244,77,True
5,434,2167,2308,141,True
6,425,2167,2308,141,True
7,408,2167,2308,141,True
12,441,2167,2244,77,True
14,436,2167,2232,65,True
15,446,2167,2244,77,True
19,412,2167,2308,141,True
22,459,2167,2244,77,True
28,453,2167,2244,77,True
29,414,2167,2308,141,True
42,460,2167,2308,141,True
43,415,2167,2308,141,True
56,436,2167,2296,129,True
58,425,2167,2296,129,True
67,423,2167,2296,129,True
68,442,2167,2240,73,True
70,455,2167,2232,65,True
75,435,2167,2296,129,True
78,454,2167,2296,129,True
80,470,2167,2308,141,True
82,438,2167,2296,129,True
83,425,2167,2296,129,True
85,418,2167,2296,129,True
86,447,2167,2232,65,True
91,425,2167,2296,129,True
92,461,2167,2296,129,True
93,423,2167,2296,129,True
99,422,2167,2296,129,True
0,481,2168,2244,76,True
1,436,2168,2244,76,True
7,409,2168,2308,140,True
13,450,2168,2308,140,True
15,447,2168,2244,76,True
22,460,2168,2244,76,True
36,449,2168,2308,140,True
44,443,2168,2308,140,True
69,468,2168,2296,128,True
73,430,2168,2296,128,True
76,444,2168,2296,128,True
78,455,2168,2296,128,True
82,439,2168,2296,128,True
99,423,2168,2296,128,True
7,410,2169,2308,139,True
13,451,2169,2308,139,True
16,459,2169,2308,139,True
17,401,2169,2308,139,True
18,424,2169,2244,75,True
20,423,2169,2244,75,True
22,461,2169,2244,75,True
24,394,2169,2244,75,True
36,450,2169,2308,139,True
38,417,2169,2308,139,True
41,463,2169,2244,75,True
42,461,2169,2308,139,True
50,429,2169,2296,127,True
63,456,2169,2296,127,True
69,469,2169,2296,127,True
71,433,2169,2296,127,True
72,431,2169,2244,75,True
84,433,2169,2296,127,True
95,444,2169,2240,71,True
4,430,2170,2244,74,True
6,426,2170,2308,138,True
10,415,2170,2308,138,True
14,437,2170,2232,62,True
15,448,2170,2244,74,True
16,460,2170,2308,138,True
18,425,2170,2244,74,True
22,462,2170,2308,138,True
23,449,2170,2308,138,True
39,413,2170,2308,138,True
53,416,2170,2306,136,True
66,418,2170,2306,136,True
68,443,2170,2308,138,True
70,456,2170,2232,62,True
71,434,2170,2296,126,True
73,431,2170,2296,126,True
83,426,2170,2296,126,True
89,426,2170,2296,126,True
98,408,2170,2240,70,True
4,431,2171,2244,73,True
9,455,2171,2308,137,True
12,442,2171,2244,73,True
13,452,2171,2308,137,True
14,438,2171,2232,61,True
15,449,2171,2308,137,True
16,461,2171,2308,137,True
18,426,2171,2244,73,True
21,409,2171,2308,137,True
24,395,2171,2244,73,True
25,425,2171,2308,137,True
29,415,2171,2308,137,True
35,435,2171,2308,137,True
43,416,2171,2308,137,True
54,475,2171,2296,125,True
65,428,2171,2296,125,True
66,419,2171,2306,135,True
67,424,2171,2296,125,True
68,444,2171,2308,137,True
69,470,2171,2296,125,True
75,436,2171,2296,125,True
87,401,2171,2296,125,True
98,409,2171,2240,69,True
99,424,2171,2296,125,True
3,455,2172,2244,72,True
11,424,2172,2244,72,True
25,426,2172,2308,136,True
34,416,2172,2308,136,True
40,474,2172,2308,136,True
42,462,2172,2308,136,True
54,476,2172,2296,124,True
57,429,2172,2237,65,True
64,450,2172,2237,65,True
68,445,2172,2308,136,True
74,450,2172,2296,124,True
78,456,2172,2296,124,True
81,394,2172,2296,124,True
85,419,2172,2296,124,True
87,402,2172,2296,124,True
90,440,2172,2296,124,True
95,445,2172,2240,68,True
3,456,2173,2244,71,True
10,416,2173,2308,135,True
22,463,2173,2308,135,True
48,455,2173,2308,135,True
52,423,2173,,,False
53,417,2173,2306,133,True
54,477,2173,2296,123,True
56,437,2173,2296,123,True
72,432,2173,2244,71,True
80,471,2173,2308,135,True
81,395,2173,2359,186,True
82,440,2173,2306,133,True
85,420,2173,2296,123,True
87,403,2173,2296,123,True
92,462,2173,2296,123,True
93,424,2173,2296,123,True
94,440,2173,2306,133,True
96,406,2173,2296,123,True
0,482,2174,2244,70,True
1,437,2174,2244,70,True
2,447,2174,2308,134,True
3,457,2174,2244,70,True
4,432,2174,2308,134,True
6,427,2174,2308,134,True
12,443,2174,2244,70,True
18,427,2174,2308,134,True
25,427,2174,2308,134,True
27,443,2174,2308,134,True
31,433,2174,2308,134,True
35,436,2174,2308,134,True
36,451,2174,2308,134,True
37,418,2174,2308,134,True
41,464,2174,2308,134,True
50,430,2174,2296,122,True
51,433,2174,2296,122,True
52,424,2174,,,False
54,478,2174,2296,122,True
55,393,2174,2296,122,True
57,430,2174,2237,63,True
62,413,2174,2296,122,True
68,446,2174,2308,134,True
70,457,2174,2240,66,True
71,435,2174,2296,122,True
73,432,2174,2296,122,True
77,438,2174,2296,122,True
78,457,2174,2296,122,True
81,396,2174,2359,185,True
82,441,2174,2306,132,True
85,421,2174,2296,122,True
87,404,2174,2296,122,True
91,426,2174,2296,122,True
94,441,2174,2306,132,True
97,425,2174,2306,132,True
2,448,2175,2308,133,True
4,433,2175,2308,133,True
11,425,2175,2244,69,True
18,428,2175,2308,133,True
37,419,2175,2308,133,True
38,418,2175,2308,133,True
42,463,2175,2308,133,True
44,444,2175,2308,133,True
51,434,2175,2296,121,True
52,425,2175,,,False
57,431,2175,2237,62,True
63,457,2175,2306,131,True
75,437,2175,2359,184,True
78,458,2175,2296,121,True
87,405,2175,2296,121,True
88,443,2175,2359,184,True
4,434,2176,2308,132,True
11,426,2176,2244,68,True
12,444,2176,2244,68,True
14,439,2176,2244,68,True
15,450,2176,2308,132,True
18,429,2176,2308,132,True
20,424,2176,2308,132,True
21,410,2176,2308,132,True
24,396,2176,2308,132,True
26,431,2176,2244,68,True
32,426,2176,2308,132,True
34,417,2176,2308,132,True
37,420,2176,2308,132,True
38,419,2176,2308,132,True
39,414,2176,2308,132,True
41,465,2176,2308,132,True
44,445,2176,2308,132,True
51,435,2176,2296,120,True
54,479,2176,2296,120,True
59,442,2176,2296,120,True
62,414,2176,2296,120,True
69,471,2176,2296,120,True
70,458,2176,2240,64,True
76,445,2176,2296,120,True
85,422,2176,2296,120,True
86,448,2176,2296,120,True
96,407,2176,2296,120,True
97,426,2176,2306,130,True
99,425,2176,2296,120,True
0,483,2177,2244,67,True
3,458,2177,2308,131,True
4,435,2177,2308,131,True
5,435,2177,2308,131,True
12,445,2177,2244,67,True
19,413,2177,2308,131,True
30,450,2177,2308,131,True
40,475,2177,2308,131,True
43,417,2177,2308,131,True
52,426,2177,,,False
53,418,2177,2306,129,True
65,429,2177,2296,119,True
81,397,2177,2359,182,True
85,423,2177,2296,119,True
89,427,2177,2296,119,True
98,410,2177,2240,63,True
99,426,2177,2296,119,True
9,456,2178,2308,130,True
14,440,2178,2244,66,True
19,414,2178,2308,130,True
20,425,2178,2308,130,True
22,464,2178,2308,130,True
27,444,2178,2308,130,True
38,420,2178,2308,130,True
39,415,2178,2308,130,True
40,476,2178,2308,130,True
49,446,2178,2244,66,True
57,432,2178,2237,59,True
58,426,2178,2296,118,True
63,458,2178,2306,128,True
77,439,2178,2296,118,True
84,434,2178,2296,118,True
95,446,2178,2240,62,True
99,427,2178,2296,118,True
0,484,2179,2308,129,True
5,436,2179,2308,129,True
6,428,2179,2308,129,True
18,430,2179,2308,129,True
23,450,2179,2308,129,True
30,451,2179,2308,129,True
35,437,2179,2308,129,True
38,421,2179,2308,129,True
40,477,2179,2308,129,True
49,447,2179,2244,65,True
59,443,2179,2296,117,True
60,428,2179,2296,117,True
64,451,2179,2244,65,True
67,425,2179,2296,117,True
3,459,2180,2308,128,True
13,453,2180,2308,128,True
15,451,2180,2308,128,True
19,415,2180,2308,128,True
20,426,2180,2308,128,True
30,452,2180,2308,128,True
40,478,2180,2308,128,True
47,405,2180,2308,128,True
51,436,2180,2306,126,True
55,394,2180,2306,126,True
64,452,2180,2244,64,True
65,430,2180,2296,116,True
76,446,2180,2296,116,True
86,449,2180,2296,116,True
87,406,2180,2296,116,True
91,427,2180,2296,116,True
94,442,2180,2306,126,True
1,438,2181,2244,63,True
6,429,2181,2308,127,True
8,432,2181,2308,127,True
12,446,2181,2308,127,True
29,416,2181,2308,127,True
31,434,2181,2308,127,True
32,427,2181,2308,127,True
33,427,2181,2244,63,True
35,438,2181,2308,127,True
37,421,2181,2308,127,True
41,466,2181,2308,127,True
50,431,2181,2296,115,True
55,395,2181,2306,125,True
64,453,2181,2244,63,True
65,431,2181,2296,115,True
69,472,2181,2296,115,True
76,447,2181,2296,115,True
78,459,2181,2296,115,True
85,424,2181,2296,115,True
89,428,2181,2296,115,True
91,428,2181,2296,115,True
98,411,2181,2240,59,True
0,485,2182,2308,126,True
3,460,2182,2308,126,True
8,433,2182,2308,126,True
19,416,2182,2308,126,True
22,465,2182,2308,126,True
23,451,2182,2308,126,True
34,418,2182,2308,126,True
39,416,2182,2308,126,True
41,467,2182,2308,126,True
46,435,2182,2308,126,True
53,419,2182,2306,124,True
60,429,2182,2296,114,True
66,420,2182,2306,124,True
76,448,2182,2296,114,True
79,398,2182,2296,114,True
82,442,2182,2306,124,True
83,427,2182,2359,177,True
85,425,2182,2296,114,True
89,429,2182,2296,114,True
90,441,2182,2296,114,True
0,486,2183,2308,125,True
1,439,2183,2244,61,True
8,434,2183,2308,125,True
12,447,2183,2308,125,True
16,462,2183,2308,125,True
17,402,2183,2308,125,True
26,432,2183,2308,125,True
29,417,2183,2308,125,True
38,422,2183,2308,125,True
40,479,2183,2308,125,True
44,446,2183,2308,125,True
46,436,2183,2308,125,True
54,480,2183,2296,113,True
62,415,2183,2296,113,True
63,459,2183,2306,123,True
64,454,2183,2244,61,True
65,432,2183,2296,113,True
71,436,2183,2296,113,True
81,398,2183,2359,176,True
87,407,2183,2296,113,True
96,408,2183,2296,113,True
98,412,2183,2240,57,True
0,487,2184,2308,124,True
5,437,2184,2308,124,True
7,411,2184,2308,124,True
12,448,2184,2308,124,True
19,417,2184,2308,124,True
20,427,2184,2308,124,True
24,397,2184,2308,124,True
26,433,2184,2308,124,True
28,454,2184,2311,127,True
31,435,2184,2308,124,True
35,439,2184,2308,124,True
40,480,2184,2308,124,True
51,437,2184,2306,122,True
61,429,2184,2244,60,True
62,416,2184,2296,112,True
63,460,2184,2306,122,True
65,433,2184,2296,112,True
68,447,2184,2308,124,True
75,438,2184,2359,175,True
81,399,2184,2359,175,True
89,430,2184,2296,112,True
90,442,2184,2296,112,True
92,463,2184,2296,112,True
5,438,2185,2308,123,True
6,430,2185,2308,123,True
12,449,2185,2308,123,True
13,454,2185,2308,123,True
14,441,2185,2244,59,True
16,463,2185,2308,123,True
22,466,2185,2308,123,True
23,452,2185,2308,123,True
26,434,2185,2308,123,True
36,452,2185,2308,123,True
41,468,2185,2308,123,True
45,417,2185,2308,123,True
57,433,2185,2244,59,True
61,430,2185,2244,59,True
68,448,2185,2308,123,True
80,472,2185,2308,123,True
82,443,2185,2306,121,True
83,428,2185,2359,174,True
87,408,2185,2296,111,True
98,413,2185,2240,55,True
99,428,2185,2296,111,True
0,488,2186,2308,122,True
2,449,2186,2308,122,True
31,436,2186,2308,122,True
49,448,2186,2308,122,True
52,427,2186,,,False
57,434,2186,2244,58,True
59,444,2186,2296,110,True
63,461,2186,2306,120,True
65,434,2186,2296,110,True
70,459,2186,2240,54,True
73,433,2186,2296,110,True
75,439,2186,2359,173,True
78,460,2186,2296,110,True
81,400,2186,2359,173,True
84,435,2186,2296,110,True
89,431,2186,2296,110,True
90,443,2186,2306,120,True
91,429,2186,2306,120,True
94,443,2186,2306,120,True
97,427,2186,2306,120,True
5,439,2187,2308,121,True
19,418,2187,2308,121,True
22,467,2187,2308,121,True
23,453,2187,2308,121,True
58,427,2187,2296,109,True
59,445,2187,2296,109,True
66,421,2187,2306,119,True
67,426,2187,2306,119,True
68,449,2187,2308,121,True
80,473,2187,2308,121,True
85,426,2187,2296,109,True
87,409,2187,2296,109,True
95,447,2187,2308,121,True
97,428,2187,2306,119,True
2,450,2188,2311,123,True
26,435,2188,2308,120,True
29,418,2188,2308,120,True
37,422,2188,2308,120,True
40,481,2188,2308,120,True
50,432,2188,2296,108,True
61,431,2188,2244,56,True
70,460,2188,2296,108,True
80,474,2188,2308,120,True
89,432,2188,2359,171,True
95,448,2188,2308,120,True
0,489,2189,2308,119,True
1,440,2189,2308,119,True
3,461,2189,2308,119,True
7,412,2189,2311,122,True
8,435,2189,2308,119,True
11,427,2189,2308,119,True
21,411,2189,2308,119,True
22,468,2189,2308,119,True
26,436,2189,2308,119,True
30,453,2189,2308,119,True
32,428,2189,2308,119,True
43,418,2189,2308,119,True
47,406,2189,2308,119,True
49,449,2189,2308,119,True
51,438,2189,2306,117,True
52,428,2189,,,False
54,481,2189,2306,117,True
55,396,2189,2306,117,True
57,435,2189,2244,55,True
68,450,2189,2308,119,True
71,437,2189,2359,170,True
77,440,2189,2296,107,True
79,399,2189,2296,107,True
84,436,2189,2296,107,True
88,444,2189,2359,170,True
97,429,2189,2306,117,True
2,451,2190,2311,121,True
4,436,2190,2308,118,True
5,440,2190,2308,118,True
7,413,2190,2311,121,True
23,454,2190,2308,118,True
29,419,2190,2308,118,True
30,454,2190,2308,118,True
38,423,2190,2308,118,True
47,407,2190,2308,118,True
57,436,2190,2244,54,True
58,428,2190,2296,106,True
59,446,2190,2296,106,True
72,433,2190,2296,106,True
81,401,2190,2359,169,True
82,444,2190,2306,116,True
83,429,2190,2359,169,True
90,444,2190,2306,116,True
94,444,2190,2308,118,True
9,457,2191,2308,117,True
10,417,2191,2308,117,True
19,419,2191,2308,117,True
21,412,2191,2308,117,True
30,455,2191,2308,117,True
35,440,2191,2308,117,True
38,424,2191,2308,117,True
39,417,2191,2308,117,True
42,464,2191,2308,117,True
44,447,2191,2308,117,True
47,408,2191,2308,117,True
54,482,2191,2306,115,True
69,473,2191,2359,168,True
71,438,2191,2359,168,True
72,434,2191,2296,105,True
73,434,2191,2296,105,True
74,451,2191,2306,115,True
75,440,2191,2359,168,True
76,449,2191,2308,117,True
77,441,2191,2296,105,True
88,445,2191,2359,168,True
1,441,2192,2308,116,True
3,462,2192,2308,116,True
8,436,2192,2308,116,True
9,458,2192,2308,116,True
18,431,2192,2308,116,True
24,398,2192,2311,119,True
30,456,2192,2308,116,True
31,437,2192,2308,116,True
33,428,2192,2308,116,True
53,420,2192,2306,114,True
65,435,2192,2308,116,True
67,427,2192,2306,114,True
74,452,2192,2306,114,True
80,475,2192,2308,116,True
81,402,2192,2359,167,True
84,437,2192,2296,104,True
86,450,2192,2296,104,True
91,430,2192,2306,114,True
94,445,2192,2308,116,True
99,429,2192,2296,104,True
4,437,2193,2308,115,True
15,452,2193,2308,115,True
27,445,2193,2308,115,True
44,448,2193,2308,115,True
53,421,2193,2306,113,True
54,483,2193,2306,113,True
56,438,2193,2296,103,True
59,447,2193,2296,103,True
69,474,2193,2359,166,True
70,461,2193,2296,103,True
76,450,2193,2308,115,True
81,403,2193,2359,166,True
82,445,2193,2306,113,True
88,446,2193,2359,166,True
97,430,2193,2306,113,True
98,414,2193,2308,115,True
99,430,2193,2296,103,True
4,438,2194,2308,114,True
5,441,2194,2308,114,True
6,431,2194,2308,114,True
8,437,2194,2308,114,True
14,442,2194,2308,114,True
15,453,2194,2308,114,True
21,413,2194,2308,114,True
39,418,2194,2308,114,True
46,437,2194,2311,117,True
59,448,2194,2296,102,True
62,417,2194,2296,102,True
70,462,2194,2296,102,True
75,441,2194,2359,165,True
79,400,2194,2296,102,True
80,476,2194,2308,114,True
86,451,2194,2296,102,True
87,410,2194,2296,102,True
90,445,2194,2306,112,True
91,431,2194,2306,112,True
98,415,2194,2308,114,True
99,431,2194,2296,102,True
1,442,2195,2308,113,True
12,450,2195,2308,113,True
20,428,2195,2308,113,True
21,414,2195,2308,113,True
23,455,2195,2308,113,True
24,399,2195,2311,116,True
26,437,2195,2308,113,True
27,446,2195,2308,113,True
30,457,2195,2308,113,True
32,429,2195,2308,113,True
35,441,2195,2308,113,True
37,423,2195,2308,113,True
38,425,2195,2308,113,True
43,419,2195,2308,113,True
49,450,2195,2308,113,True
55,397,2195,2306,111,True
57,437,2195,2244,49,True
60,430,2195,2359,164,True
62,418,2195,2306,111,True
65,436,2195,2308,113,True
74,453,2195,2306,111,True
75,442,2195,2359,164,True
77,442,2195,2359,164,True
79,401,2195,2296,101,True
83,430,2195,2359,164,True
84,438,2195,2296,101,True
88,447,2195,2359,164,True
89,433,2195,2359,164,True
96,409,2195,2359,164,True
8,438,2196,2308,112,True
14,443,2196,2308,112,True
22,469,2196,2308,112,True
25,428,2196,2308,112,True
26,438,2196,2308,112,True
27,447,2196,2308,112,True
39,419,2196,2308,112,True
40,482,2196,2308,112,True
41,469,2196,2308,112,True
42,465,2196,2308,112,True
51,439,2196,2306,110,True
58,429,2196,2296,100,True
66,422,2196,2306,110,True
70,463,2196,2296,100,True
75,443,2196,2359,163,True
76,451,2196,2308,112,True
77,443,2196,2359,163,True
84,439,2196,2296,100,True
87,411,2196,2296,100,True
93,425,2196,2359,163,True
99,432,2196,2296,100,True
1,443,2197,2308,111,True
2,452,2197,2311,114,True
8,439,2197,2308,111,True
15,454,2197,2308,111,True
16,464,2197,2311,114,True
17,403,2197,2308,111,True
21,415,2197,2308,111,True
23,456,2197,2308,111,True
26,439,2197,2308,111,True
34,419,2197,2308,111,True
38,426,2197,2308,111,True
42,466,2197,2308,111,True
48,456,2197,2308,111,True
50,433,2197,2296,99,True
54,484,2197,2306,109,True
59,449,2197,2296,99,True
62,419,2197,2306,109,True
65,437,2197,2308,111,True
67,428,2197,2306,109,True
69,475,2197,2359,162,True
71,439,2197,2359,162,True
87,412,2197,2296,99,True
92,464,2197,2296,99,True
93,426,2197,2359,162,True
99,433,2197,2306,109,True
16,465,2198,2311,113,True
19,420,2198,2311,113,True
25,429,2198,2308,110,True
32,430,2198,2308,110,True
45,418,2198,2308,110,True
61,432,2198,2244,46,True
64,455,2198,2244,46,True
68,451,2198,2308,110,True
70,464,2198,2296,98,True
72,435,2198,2296,98,True
73,435,2198,2296,98,True
77,444,2198,2359,161,True
78,461,2198,2359,161,True
83,431,2198,2359,161,True
86,452,2198,2296,98,True
94,446,2198,2308,110,True
1,444,2199,2308,109,True
4,439,2199,2308,109,True
5,442,2199,2311,112,True
8,440,2199,2308,109,True
11,428,2199,2308,109,True
19,421,2199,2311,112,True
20,429,2199,2308,109,True
23,457,2199,2308,109,True
26,440,2199,2308,109,True
28,455,2199,2311,112,True
40,483,2199,2311,112,True
43,420,2199,2308,109,True
56,439,2199,2296,97,True
63,462,2199,2306,107,True
64,456,2199,2296,97,True
69,476,2199,2359,160,True
74,454,2199,2306,107,True
76,452,2199,2308,109,True
77,445,2199,2359,160,True
82,446,2199,2308,109,True
83,432,2199,2359,160,True
90,446,2199,2306,107,True
94,447,2199,2308,109,True
96,410,2199,2359,160,True
99,434,2199,2306,107,True
9,459,2200,2311,111,True
12,451,2200,2308,108,True
16,466,2200,2311,111,True
17,404,2200,2308,108,True
25,430,2200,2311,111,True
26,441,2200,2308,108,True
27,448,2200,2308,108,True
28,456,2200,2311,111,True
29,420,2200,2308,108,True
33,429,2200,2308,108,True
35,442,2200,2308,108,True
38,427,2200,2311,111,True
68,452,2200,2308,108,True
75,444,2200,2359,159,True
90,447,2200,2306,106,True
94,448,2200,2308,108,True
97,431,2200,2306,106,True
98,416,2200,2308,108,True
99,435,2200,2306,106,True
1,445,2201,2308,107,True
3,463,2201,2308,107,True
8,441,2201,2308,107,True
9,460,2201,2311,110,True
10,418,2201,2308,107,True
24,400,2201,2311,110,True
27,449,2201,2311,110,True
36,453,2201,2308,107,True
45,419,2201,2308,107,True
49,451,2201,2308,107,True
62,420,2201,2306,105,True
65,438,2201,2308,107,True
73,436,2201,2296,95,True
81,404,2201,2359,158,True
97,432,2201,2306,105,True
3,464,2202,2308,106,True
12,452,2202,2308,106,True
20,430,2202,2308,106,True
28,457,2202,2311,109,True
29,421,2202,2308,106,True
34,420,2202,2308,106,True
35,443,2202,2308,106,True
39,420,2202,2308,106,True
49,452,2202,2308,106,True
63,463,2202,2306,104,True
64,457,2202,2296,94,True
65,439,2202,2308,106,True
75,445,2202,2359,157,True
76,453,2202,2308,106,True
77,446,2202,2359,157,True
78,462,2202,2359,157,True
81,405,2202,2359,157,True
85,427,2202,2296,94,True
87,413,2202,2306,104,True
91,432,2202,2306,104,True
94,449,2202,2308,106,True
24,401,2203,2311,108,True
25,431,2203,2311,108,True
30,458,2203,2308,105,True
37,424,2203,2311,108,True
39,421,2203,2311,108,True
45,420,2203,2308,105,True
46,438,2203,2311,108,True
52,429,2203,,,False
54,485,2203,2306,103,True
71,440,2203,2359,156,True
73,437,2203,2296,93,True
75,446,2203,2359,156,True
80,477,2203,2308,105,True
88,448,2203,2359,156,True
93,427,2203,2359,156,True
95,449,2203,2308,105,True
97,433,2203,2359,156,True
98,417,2203,2308,105,True
0,490,2204,2311,107,True
8,442,2204,2308,104,True
20,431,2204,2308,104,True
25,432,2204,2311,107,True
26,442,2204,2308,104,True
33,430,2204,2308,104,True
35,444,2204,2308,104,True
38,428,2204,2311,107,True
40,484,2204,2311,107,True
41,470,2204,2311,107,True
46,439,2204,2311,107,True
48,457,2204,2308,104,True
53,422,2204,2306,102,True
57,438,2204,2308,104,True
60,431,2204,2359,155,True
61,433,2204,2308,104,True
66,423,2204,2308,104,True
69,477,2204,2359,155,True
70,465,2204,2296,92,True
72,436,2204,2296,92,True
76,454,2204,2308,104,True
77,447,2204,2359,155,True
89,434,2204,2359,155,True
91,433,2204,2306,102,True
92,465,2204,2359,155,True
10,419,2205,2308,103,True
13,455,2205,2308,103,True
17,405,2205,2308,103,True
19,422,2205,2311,106,True
23,458,2205,2308,103,True
27,450,2205,2311,106,True
37,425,2205,2311,106,True
38,429,2205,2311,106,True
39,422,2205,2311,106,True
44,449,2205,2308,103,True
45,421,2205,2308,103,True
46,440,2205,2311,106,True
49,453,2205,2308,103,True
52,430,2205,,,False
58,430,2205,2306,101,True
74,455,2205,2359,154,True
78,463,2205,2359,154,True
86,453,2205,2296,91,True
89,435,2205,2359,154,True
90,448,2205,2306,101,True
0,491,2206,2311,105,True
1,446,2206,2308,102,True
6,432,2206,2311,105,True
9,461,2206,2311,105,True
10,420,2206,2308,102,True
16,467,2206,2311,105,True
17,406,2206,2308,102,True
19,423,2206,2311,105,True
25,433,2206,2311,105,True
26,443,2206,2311,105,True
35,445,2206,2308,102,True
37,426,2206,2311,105,True
39,423,2206,2311,105,True
40,485,2206,2311,105,True
43,421,2206,2308,102,True
49,454,2206,2308,102,True
50,434,2206,2308,102,True
53,423,2206,2308,102,True
54,486,2206,2306,100,True
71,441,2206,2359,153,True
73,438,2206,2296,90,True
74,456,2206,2359,153,True
80,478,2206,2308,102,True
90,449,2206,2306,100,True
91,434,2206,2308,102,True
92,466,2206,2359,153,True
96,411,2206,2359,153,True
98,418,2206,2308,102,True
1,447,2207,2308,101,True
10,421,2207,2308,101,True
13,456,2207,2308,101,True
21,416,2207,2311,104,True
25,434,2207,2311,104,True
37,427,2207,2311,104,True
39,424,2207,2311,104,True
40,486,2207,2311,104,True
51,440,2207,2308,101,True
52,431,2207,,,False
53,424,2207,2308,101,True
55,398,2207,2306,99,True
62,421,2207,2306,99,True
64,458,2207,2308,101,True
72,437,2207,2296,89,True
76,455,2207,2308,101,True
86,454,2207,2296,89,True
92,467,2207,2359,152,True
95,450,2207,2308,101,True
1,448,2208,2308,100,True
10,422,2208,2308,100,True
11,429,2208,2308,100,True
16,468,2208,2311,103,True
21,417,2208,2311,103,True
27,451,2208,2311,103,True
29,422,2208,2308,100,True
31,438,2208,2308,100,True
32,431,2208,2308,100,True
38,430,2208,2311,103,True
49,455,2208,2308,100,True
55,399,2208,2306,98,True
57,439,2208,2308,100,True
83,433,2208,2359,151,True
86,455,2208,2296,88,True
87,414,2208,2306,98,True
93,428,2208,2359,151,True
98,419,2208,2308,100,True
1,449,2209,2308,99,True
8,443,2209,2308,99,True
12,453,2209,2311,102,True
14,444,2209,2308,99,True
16,469,2209,2311,102,True
24,402,2209,2311,102,True
31,439,2209,2308,99,True
35,446,2209,2308,99,True
36,454,2209,2371,162,True
37,428,2209,2311,102,True
45,422,2209,2308,99,True
46,441,2209,2311,102,True
51,441,2209,2308,99,True
57,440,2209,2308,99,True
64,459,2209,2308,99,True
66,424,2209,2308,99,True
71,442,2209,2359,150,True
76,456,2209,2308,99,True
78,464,2209,2359,150,True
91,435,2209,2308,99,True
2,453,2210,2311,101,True
14,445,2210,2308,98,True
17,407,2210,2308,98,True
25,435,2210,2311,101,True
42,467,2210,2311,101,True
69,478,2210,2359,149,True
71,443,2210,2359,149,True
76,457,2210,2308,98,True
78,465,2210,2359,149,True
80,479,2210,2308,98,True
90,450,2210,2359,149,True
91,436,2210,2308,98,True
94,450,2210,2308,98,True
2,454,2211,2311,100,True
4,440,2211,2308,97,True
6,433,2211,2311,100,True
12,454,2211,2311,100,True
17,408,2211,2308,97,True
24,403,2211,2311,100,True
39,425,2211,2311,100,True
45,423,2211,2308,97,True
48,458,2211,2311,100,True
54,487,2211,2306,95,True
58,431,2211,2359,148,True
59,450,2211,2359,148,True
60,432,2211,2359,148,True
61,434,2211,2308,97,True
64,460,2211,2308,97,True
69,479,2211,2359,148,True
70,466,2211,2308,97,True
83,434,2211,2359,148,True
84,440,2211,2359,148,True
87,415,2211,2306,95,True
90,451,2211,2359,148,True
98,420,2211,2308,97,True
7,414,2212,2311,99,True
10,423,2212,2311,99,True
27,452,2212,2311,99,True
33,431,2212,2311,99,True
43,422,2212,2311,99,True
53,425,2212,2308,96,True
54,488,2212,2306,94,True
55,400,2212,2308,96,True
62,422,2212,2359,147,True
64,461,2212,2308,96,True
65,440,2212,2308,96,True
67,429,2212,2359,147,True
72,438,2212,2308,96,True
75,447,2212,2359,147,True
93,429,2212,2359,147,True
95,451,2212,2308,96,True
0,492,2213,2311,98,True
1,450,2213,2308,95,True
20,432,2213,2308,95,True
33,432,2213,2311,98,True
47,409,2213,2308,95,True
49,456,2213,2308,95,True
54,489,2213,2306,93,True
56,440,2213,2306,93,True
58,432,2213,2359,146,True
63,464,2213,2306,93,True
67,430,2213,2359,146,True
69,480,2213,2359,146,True
73,439,2213,2308,95,True
74,457,2213,2359,146,True
78,466,2213,2359,146,True
92,468,2213,2359,146,True
3,465,2214,2371,157,True
8,444,2214,2308,94,True
14,446,2214,2308,94,True
15,455,2214,2308,94,True
23,459,2214,2308,94,True
28,458,2214,2311,97,True
37,429,2214,2311,97,True
38,431,2214,2311,97,True
40,487,2214,2311,97,True
43,423,2214,2311,97,True
50,435,2214,2308,94,True
52,432,2214,,,False
59,451,2214,2359,145,True
69,481,2214,2359,145,True
71,444,2214,2359,145,True
78,467,2214,2359,145,True
94,451,2214,2308,94,True
95,452,2214,2308,94,True
97,434,2214,2359,145,True
11,430,2215,2308,93,True
12,455,2215,2311,96,True
14,447,2215,2308,93,True
17,409,2215,2311,96,True
19,424,2215,2311,96,True
23,460,2215,2308,93,True
28,459,2215,2311,96,True
31,440,2215,2308,93,True
32,432,2215,2311,96,True
42,468,2215,2311,96,True
46,442,2215,2311,96,True
53,426,2215,2308,93,True
60,433,2215,2359,144,True
63,465,2215,2306,91,True
68,453,2215,2308,93,True
74,458,2215,2359,144,True
76,458,2215,2308,93,True
77,448,2215,2359,144,True
81,406,2215,2359,144,True
88,449,2215,2359,144,True
89,436,2215,2359,144,True
95,453,2215,2308,93,True
99,436,2215,2359,144,True
5,443,2216,2311,95,True
14,448,2216,2308,92,True
18,432,2216,2311,95,True
27,453,2216,2311,95,True
29,423,2216,2308,92,True
35,447,2216,2308,92,True
39,426,2216,2311,95,True
41,471,2216,2311,95,True
47,410,2216,2308,92,True
50,436,2216,2308,92,True
53,427,2216,2308,92,True
57,441,2216,2308,92,True
58,433,2216,2359,143,True
60,434,2216,2359,143,True
63,466,2216,2306,90,True
64,462,2216,2308,92,True
65,441,2216,2308,92,True
66,425,2216,2308,92,True
68,454,2216,2308,92,True
71,445,2216,2359,143,True
72,439,2216,2308,92,True
79,402,2216,2308,92,True
88,450,2216,2359,143,True
89,437,2216,2359,143,True
99,437,2216,2359,143,True
5,444,2217,2311,94,True
16,470,2217,2311,94,True
18,433,2217,2311,94,True
40,488,2217,2311,94,True
41,472,2217,2311,94,True
42,469,2217,2311,94,True
43,424,2217,2311,94,True
44,450,2217,2308,91,True
53,428,2217,2308,91,True
60,435,2217,2359,142,True
62,423,2217,2359,142,True
66,426,2217,2308,91,True
68,455,2217,2308,91,True
69,482,2217,2359,142,True
70,467,2217,2308,91,True
83,435,2217,2359,142,True
84,441,2217,2359,142,True
91,437,2217,2308,91,True
5,445,2218,2311,93,True
12,456,2218,2311,93,True
17,410,2218,2311,93,True
21,418,2218,2311,93,True
26,444,2218,2311,93,True
29,424,2218,2308,90,True
31,441,2218,2311,93,True
39,427,2218,2311,93,True
43,425,2218,2311,93,True
54,490,2218,2306,88,True
58,434,2218,2359,141,True
59,452,2218,2359,141,True
63,467,2218,2306,88,True
66,427,2218,2308,90,True
75,448,2218,2359,141,True
77,449,2218,2359,141,True
78,468,2218,2359,141,True
85,428,2218,2306,88,True
5,446,2219,2311,92,True
12,457,2219,2311,92,True
14,449,2219,2308,89,True
22,470,2219,2311,92,True
25,436,2219,2311,92,True
27,454,2219,2311,92,True
30,459,2219,2311,92,True
32,433,2219,2311,92,True
34,421,2219,2308,89,True
36,455,2219,2371,152,True
45,424,2219,2371,152,True
47,411,2219,2308,89,True
60,436,2219,2359,140,True
63,468,2219,2306,87,True
67,431,2219,2359,140,True
68,456,2219,2308,89,True
75,449,2219,2359,140,True
77,450,2219,2359,140,True
79,403,2219,2308,89,True
83,436,2219,2359,140,True
84,442,2219,2359,140,True
89,438,2219,2359,140,True
91,438,2219,2308,89,True
94,452,2219,2308,89,True
97,435,2219,2359,140,True
1,451,2220,2308,88,True
4,441,2220,2308,88,True
5,447,2220,2311,91,True
18,434,2220,2311,91,True
22,471,2220,2311,91,True
26,445,2220,2311,91,True
35,448,2220,2311,91,True
43,426,2220,2311,91,True
47,412,2220,2308,88,True
51,442,2220,2308,88,True
58,435,2220,2359,139,True
62,424,2220,2359,139,True
65,442,2220,2308,88,True
66,428,2220,2308,88,True
71,446,2220,2359,139,True
74,459,2220,2359,139,True
89,439,2220,2359,139,True
95,454,2220,2308,88,True
2,455,2221,2311,90,True
10,424,2221,2311,90,True
14,450,2221,2308,87,True
31,442,2221,2311,90,True
41,473,2221,2311,90,True
43,427,2221,2311,90,True
51,443,2221,2308,87,True
57,442,2221,2308,87,True
62,425,2221,2359,138,True
78,469,2221,2359,138,True
80,480,2221,2308,87,True
82,447,2221,2308,87,True
84,443,2221,2359,138,True
86,456,2221,2308,87,True
95,455,2221,2308,87,True
0,493,2222,2311,89,True
2,456,2222,2311,89,True
8,445,2222,2308,86,True
14,451,2222,2308,86,True
16,471,2222,2311,89,True
18,435,2222,2311,89,True
19,425,2222,2311,89,True
28,460,2222,2311,89,True
30,460,2222,2311,89,True
38,432,2222,2311,89,True
41,474,2222,2311,89,True
45,425,2222,2371,149,True
53,429,2222,2308,86,True
62,426,2222,2359,137,True
66,429,2222,2308,86,True
68,457,2222,2308,86,True
69,483,2222,2359,137,True
71,447,2222,2359,137,True
84,444,2222,2359,137,True
86,457,2222,2308,86,True
90,452,2222,2359,137,True
91,439,2222,2308,86,True
92,469,2222,2359,137,True
3,466,2223,2371,148,True
6,434,2223,2311,88,True
7,415,2223,2311,88,True
10,425,2223,2311,88,True
17,411,2223,2311,88,True
18,436,2223,2311,88,True
21,419,2223,2311,88,True
37,430,2223,2311,88,True
51,444,2223,2308,85,True
59,453,2223,2359,136,True
62,427,2223,2359,136,True
63,469,2223,2359,136,True
65,443,2223,2308,85,True
67,432,2223,2359,136,True
74,460,2223,2359,136,True
84,445,2223,2359,136,True
4,442,2224,2308,84,True
7,416,2224,2311,87,True
10,426,2224,2311,87,True
16,472,2224,2311,87,True
23,461,2224,2311,87,True
37,431,2224,2311,87,True
38,433,2224,2311,87,True
43,428,2224,2311,87,True
46,443,2224,2311,87,True
48,459,2224,2311,87,True
53,430,2224,2359,135,True
63,470,2224,2359,135,True
69,484,2224,2359,135,True
70,468,2224,2308,84,True
72,440,2224,2308,84,True
74,461,2224,2359,135,True
84,446,2224,2359,135,True
96,412,2224,2359,135,True
99,438,2224,2359,135,True
25,437,2225,2311,86,True
29,425,2225,2308,83,True
36,456,2225,2371,146,True
38,434,2225,2311,86,True
41,475,2225,2311,86,True
42,470,2225,2311,86,True
43,429,2225,2311,86,True
49,457,2225,2311,86,True
62,428,2225,2359,134,True
63,471,2225,2359,134,True
65,444,2225,2308,83,True
69,485,2225,2359,134,True
73,440,2225,2308,83,True
76,459,2225,2308,83,True
93,430,2225,2359,134,True
99,439,2225,2359,134,True
15,456,2226,2311,85,True
21,420,2226,2311,85,True
22,472,2226,2311,85,True
31,443,2226,2311,85,True
34,422,2226,2311,85,True
38,435,2226,2311,85,True
42,471,2226,2311,85,True
45,426,2226,2371,145,True
46,444,2226,2311,85,True
56,441,2226,2359,133,True
68,458,2226,2308,82,True
76,460,2226,2308,82,True
77,451,2226,2359,133,True
81,407,2226,2359,133,True
82,448,2226,2308,82,True
85,429,2226,2359,133,True
87,416,2226,2359,133,True
90,453,2226,2359,133,True
10,427,2227,2311,84,True
11,431,2227,2311,84,True
13,457,2227,2311,84,True
19,426,2227,2311,84,True
20,433,2227,2371,144,True
32,434,2227,2311,84,True
35,449,2227,2311,84,True
38,436,2227,2311,84,True
39,428,2227,2311,84,True
41,476,2227,2311,84,True
47,413,2227,2308,81,True
56,442,2227,2359,132,True
61,435,2227,2308,81,True
62,429,2227,2359,132,True
87,417,2227,2359,132,True
93,431,2227,2359,132,True
96,413,2227,2359,132,True
98,421,2227,2308,81,True
4,443,2228,2308,80,True
11,432,2228,2311,83,True
17,412,2228,2311,83,True
24,404,2228,2311,83,True
27,455,2228,2311,83,True
49,458,2228,2311,83,True
58,436,2228,2359,131,True
66,430,2228,2308,80,True
68,459,2228,2308,80,True
72,441,2228,2308,80,True
75,450,2228,2359,131,True
81,408,2228,2359,131,True
87,418,2228,2359,131,True
93,432,2228,2359,131,True
4,444,2229,2311,82,True
5,448,2229,2311,82,True
7,417,2229,2311,82,True
12,458,2229,2311,82,True
22,473,2229,2311,82,True
24,405,2229,2311,82,True
25,438,2229,2311,82,True
28,461,2229,2311,82,True
42,472,2229,2311,82,True
47,414,2229,2308,79,True
49,459,2229,2311,82,True
56,443,2229,2359,130,True
59,454,2229,2359,130,True
74,462,2229,2359,130,True
83,437,2229,2359,130,True
84,447,2229,2359,130,True
98,422,2229,2308,79,True
1,452,2230,2308,78,True
3,467,2230,2371,141,True
9,462,2230,2311,81,True
10,428,2230,2311,81,True
12,459,2230,2311,81,True
17,413,2230,2311,81,True
22,474,2230,2311,81,True
23,462,2230,2311,81,True
29,426,2230,2308,78,True
42,473,2230,2311,81,True
43,430,2230,2311,81,True
56,444,2230,2359,129,True
65,445,2230,2308,78,True
71,448,2230,2359,129,True
85,430,2230,2359,129,True
89,440,2230,2359,129,True
91,440,2230,2359,129,True
3,468,2231,2371,140,True
4,445,2231,2311,80,True
9,463,2231,2311,80,True
10,429,2231,2311,80,True
11,433,2231,2311,80,True
12,460,2231,2311,80,True
15,457,2231,2371,140,True
17,414,2231,2311,80,True
22,475,2231,2311,80,True
27,456,2231,2311,80,True
31,444,2231,2311,80,True
34,423,2231,2311,80,True
41,477,2231,2311,80,True
43,431,2231,2311,80,True
52,433,2231,,,False
54,491,2231,2359,128,True
57,443,2231,2308,77,True
64,463,2231,2308,77,True
71,449,2231,2359,128,True
87,419,2231,2359,128,True
88,451,2231,2359,128,True
89,441,2231,2359,128,True
95,456,2231,2308,77,True
99,440,2231,2359,128,True
10,430,2232,2311,79,True
27,457,2232,2311,79,True
28,462,2232,2311,79,True
29,427,2232,2311,79,True
30,461,2232,2311,79,True
34,424,2232,2311,79,True
43,432,2232,2311,79,True
47,415,2232,2308,76,True
50,437,2232,2308,76,True
60,437,2232,2359,127,True
61,436,2232,2308,76,True
63,472,2232,2359,127,True
65,446,2232,2308,76,True
66,431,2232,2359,127,True
67,433,2232,2359,127,True
72,442,2232,2308,76,True
80,481,2232,2308,76,True
83,438,2232,2359,127,True
84,448,2232,2359,127,True
85,431,2232,2359,127,True
88,452,2232,2359,127,True
96,414,2232,2359,127,True
99,441,2232,2359,127,True
0,494,2233,2311,78,True
12,461,2233,2311,78,True
15,458,2233,2371,138,True
17,415,2233,2371,138,True
24,406,2233,2311,78,True
25,439,2233,2311,78,True
28,463,2233,2311,78,True
34,425,2233,2311,78,True
35,450,2233,2311,78,True
36,457,2233,2371,138,True
43,433,2233,2311,78,True
52,434,2233,,,False
62,430,2233,2359,126,True
72,443,2233,2308,75,True
77,452,2233,2359,126,True
78,470,2233,2359,126,True
79,404,2233,2308,75,True
82,449,2233,2308,75,True
83,439,2233,2359,126,True
92,470,2233,2359,126,True
94,453,2233,2308,75,True
95,457,2233,2308,75,True
6,435,2234,2311,77,True
11,434,2234,2311,77,True
13,458,2234,2311,77,True
16,473,2234,2371,137,True
17,416,2234,2371,137,True
19,427,2234,2371,137,True
25,440,2234,2311,77,True
26,446,2234,2311,77,True
37,432,2234,2311,77,True
42,474,2234,2371,137,True
44,451,2234,2311,77,True
47,416,2234,2308,74,True
51,445,2234,2359,125,True
54,492,2234,2359,125,True
63,473,2234,2359,125,True
65,447,2234,2308,74,True
68,460,2234,2359,125,True
79,405,2234,2308,74,True
92,471,2234,2359,125,True
94,454,2234,2308,74,True
7,418,2235,2371,136,True
8,446,2235,2311,76,True
14,452,2235,2308,73,True
23,463,2235,2311,76,True
32,435,2235,2311,76,True
50,438,2235,2308,73,True
53,431,2235,2359,124,True
54,493,2235,2359,124,True
58,437,2235,2359,124,True
65,448,2235,2308,73,True
66,432,2235,2359,124,True
71,450,2235,2359,124,True
72,444,2235,2308,73,True
75,451,2235,2359,124,True
77,453,2235,2359,124,True
78,471,2235,2359,124,True
89,442,2235,2359,124,True
93,433,2235,2359,124,True
32,436,2236,2311,75,True
34,426,2236,2311,75,True
35,451,2236,2311,75,True
42,475,2236,2371,135,True
43,434,2236,2311,75,True
44,452,2236,2311,75,True
52,435,2236,,,False
61,437,2236,2308,72,True
64,464,2236,2308,72,True
70,469,2236,2308,72,True
85,432,2236,2359,123,True
87,420,2236,2359,123,True
89,443,2236,2359,123,True
95,458,2236,2308,72,True
98,423,2236,2308,72,True
4,446,2237,2311,74,True
6,436,2237,2311,74,True
8,447,2237,2311,74,True
9,464,2237,2311,74,True
15,459,2237,2371,134,True
16,474,2237,2371,134,True
17,417,2237,2371,134,True
19,428,2237,2371,134,True
22,476,2237,2311,74,True
23,464,2237,2311,74,True
24,407,2237,2311,74,True
26,447,2237,2311,74,True
27,458,2237,2311,74,True
36,458,2237,2371,134,True
43,435,2237,2311,74,True
47,417,2237,2311,74,True
50,439,2237,2308,71,True
54,494,2237,2359,122,True
61,438,2237,2308,71,True
70,470,2237,2308,71,True
75,452,2237,2359,122,True
82,450,2237,2359,122,True
87,421,2237,2359,122,True
90,454,2237,2359,122,True
94,455,2237,2308,71,True
99,442,2237,2359,122,True
3,469,2238,2371,133,True
10,431,2238,2311,73,True
13,459,2238,2311,73,True
15,460,2238,2371,133,True
16,475,2238,2371,133,True
18,437,2238,2311,73,True
21,421,2238,2311,73,True
25,441,2238,2311,73,True
27,459,2238,2311,73,True
40,489,2238,2371,133,True
46,445,2238,2371,133,True
53,432,2238,2359,121,True
56,445,2238,2359,121,True
58,438,2238,2359,121,True
62,431,2238,2359,121,True
63,474,2238,2359,121,True
66,433,2238,2359,121,True
69,486,2238,2359,121,True
71,451,2238,2359,121,True
80,482,2238,2359,121,True
82,451,2238,2359,121,True
84,449,2238,2359,121,True
88,453,2238,2421,183,True
93,434,2238,2359,121,True
6,437,2239,2311,72,True
8,448,2239,2311,72,True
24,408,2239,2311,72,True
29,428,2239,2311,72,True
31,445,2239,2311,72,True
58,439,2239,2359,120,True
59,455,2239,2359,120,True
62,432,2239,2359,120,True
71,452,2239,2359,120,True
94,456,2239,2308,69,True
99,443,2239,2359,120,True
0,495,2240,2311,71,True
6,438,2240,2311,71,True
7,419,2240,2371,131,True
8,449,2240,2311,71,True
11,435,2240,2311,71,True
13,460,2240,2311,71,True
14,453,2240,2311,71,True
24,409,2240,2311,71,True
26,448,2240,2311,71,True
33,433,2240,2311,71,True
37,433,2240,2311,71,True
40,490,2240,2371,131,True
47,418,2240,2311,71,True
67,434,2240,2359,119,True
68,461,2240,2359,119,True
72,445,2240,2308,68,True
75,453,2240,2359,119,True
79,406,2240,2308,68,True
90,455,2240,2359,119,True
94,457,2240,2359,119,True
1,453,2241,2311,70,True
4,447,2241,2311,70,True
6,439,2241,2311,70,True
17,418,2241,2371,130,True
27,460,2241,2311,70,True
35,452,2241,2311,70,True
39,429,2241,2371,130,True
55,401,2241,2359,118,True
56,446,2241,2359,118,True
62,433,2241,2359,118,True
65,449,2241,2308,67,True
68,462,2241,2359,118,True
74,463,2241,2359,118,True
76,461,2241,2359,118,True
81,409,2241,2359,118,True
84,450,2241,2359,118,True
85,433,2241,2359,118,True
88,454,2241,2421,180,True
95,459,2241,2359,118,True
4,448,2242,2311,69,True
13,461,2242,2311,69,True
26,449,2242,2311,69,True
27,461,2242,2311,69,True
45,427,2242,2371,129,True
50,440,2242,2308,66,True
51,446,2242,2359,117,True
54,495,2242,2359,117,True
59,456,2242,2359,117,True
74,464,2242,2359,117,True
80,483,2242,2359,117,True
84,451,2242,2359,117,True
90,456,2242,2359,117,True
93,435,2242,2359,117,True
94,458,2242,2359,117,True
2,457,2243,2371,128,True
3,470,2243,2371,128,True
6,440,2243,2311,68,True
9,465,2243,2311,68,True
11,436,2243,2311,68,True
13,462,2243,2311,68,True
16,476,2243,2371,128,True
20,434,2243,2371,128,True
24,410,2243,2311,68,True
29,429,2243,2311,68,True
31,446,2243,2311,68,True
33,434,2243,2311,68,True
36,459,2243,2371,128,True
39,430,2243,2371,128,True
40,491,2243,2371,128,True
47,419,2243,2311,68,True
52,436,2243,,,False
61,439,2243,2308,65,True
66,434,2243,2359,116,True
73,441,2243,2308,65,True
74,465,2243,2359,116,True
76,462,2243,2359,116,True
83,440,2243,2359,116,True
85,434,2243,2359,116,True
93,436,2243,2359,116,True
94,459,2243,2359,116,True
99,444,2243,2359,116,True
2,458,2244,2371,127,True
7,420,2244,2371,127,True
20,435,2244,2371,127,True
21,422,2244,2311,67,True
26,450,2244,2311,67,True
29,430,2244,2311,67,True
31,447,2244,2311,67,True
40,492,2244,2371,127,True
51,447,2244,2359,115,True
57,444,2244,2308,64,True
59,457,2244,2359,115,True
62,434,2244,2359,115,True
67,435,2244,2359,115,True
71,453,2244,2359,115,True
80,484,2244,2359,115,True
84,452,2244,2359,115,True
94,460,2244,2359,115,True
5,449,2245,2371,126,True
10,432,2245,2311,66,True
12,462,2245,2311,66,True
25,442,2245,2311,66,True
28,464,2245,2311,66,True
31,448,2245,2311,66,True
50,441,2245,2308,63,True
51,448,2245,2359,114,True
52,437,2245,,,False
57,445,2245,2308,63,True
59,458,2245,2359,114,True
60,438,2245,2359,114,True
62,435,2245,2359,114,True
68,463,2245,2359,114,True
69,487,2245,2359,114,True
70,471,2245,2308,63,True
73,442,2245,2308,63,True
80,485,2245,2359,114,True
81,410,2245,2359,114,True
86,458,2245,2308,63,True
93,437,2245,2359,114,True
94,461,2245,2359,114,True
95,460,2245,2359,114,True
1,454,2246,2311,65,True
2,459,2246,2371,125,True
12,463,2246,2311,65,True
15,461,2246,2371,125,True
16,477,2246,2371,125,True
18,438,2246,2311,65,True
26,451,2246,2311,65,True
34,427,2246,2371,125,True
37,434,2246,2371,125,True
40,493,2246,2371,125,True
42,476,2246,2371,125,True
46,446,2246,2371,125,True
48,460,2246,2371,125,True
51,449,2246,2359,113,True
57,446,2246,2308,62,True
58,440,2246,2359,113,True
59,459,2246,2359,113,True
63,475,2246,2359,113,True
65,450,2246,2308,62,True
72,446,2246,2308,62,True
74,466,2246,2359,113,True
82,452,2246,2359,113,True
83,441,2246,2359,113,True
91,441,2246,2359,113,True
95,461,2246,2359,113,True
97,436,2246,2359,113,True
98,424,2246,2308,62,True
2,460,2247,2371,124,True
13,463,2247,2311,64,True
26,452,2247,2311,64,True
31,449,2247,2311,64,True
37,435,2247,2371,124,True
39,431,2247,2371,124,True
40,494,2247,2371,124,True
44,453,2247,2311,64,True
56,447,2247,2359,112,True
57,447,2247,2308,61,True
62,436,2247,2359,112,True
69,488,2247,2359,112,True
71,454,2247,2359,112,True
72,447,2247,2308,61,True
77,454,2247,2359,112,True
79,407,2247,2359,112,True
81,411,2247,2359,112,True
82,453,2247,2359,112,True
87,422,2247,2359,112,True
88,455,2247,2421,174,True
95,462,2247,2359,112,True
2,461,2248,2371,123,True
13,464,2248,2311,63,True
27,462,2248,2311,63,True
30,462,2248,2311,63,True
31,450,2248,2311,63,True
38,437,2248,2311,63,True
40,495,2248,2371,123,True
52,438,2248,,,False
54,496,2248,2359,111,True
59,460,2248,2359,111,True
65,451,2248,2359,111,True
71,455,2248,2359,111,True
77,455,2248,2359,111,True
79,408,2248,2359,111,True
91,442,2248,2359,111,True
7,421,2249,2371,122,True
10,433,2249,2371,122,True
13,465,2249,2311,62,True
15,462,2249,2371,122,True
16,478,2249,2371,122,True
29,431,2249,2311,62,True
30,463,2249,2311,62,True
33,435,2249,2311,62,True
50,442,2249,2359,110,True
53,433,2249,2359,110,True
89,444,2249,2359,110,True
99,445,2249,2359,110,True
11,437,2250,2311,61,True
15,463,2250,2371,121,True
17,419,2250,2371,121,True
31,451,2250,2311,61,True
33,436,2250,2311,61,True
44,454,2250,2311,61,True
46,447,2250,2371,121,True
50,443,2250,2359,109,True
53,434,2250,2359,109,True
56,448,2250,2359,109,True
57,448,2250,2308,58,True
66,435,2250,2359,109,True
67,436,2250,2359,109,True
68,464,2250,2359,109,True
71,456,2250,2359,109,True
74,467,2250,2359,109,True
86,459,2250,2359,109,True
99,446,2250,2359,109,True
1,455,2251,2311,60,True
3,471,2251,2371,120,True
6,441,2251,2311,60,True
9,466,2251,2386,135,True
10,434,2251,2371,120,True
13,466,2251,2311,60,True
21,423,2251,2311,60,True
25,443,2251,2311,60,True
28,465,2251,2311,60,True
36,460,2251,2371,120,True
48,461,2251,2371,120,True
50,444,2251,2359,108,True
53,435,2251,2359,108,True
54,497,2251,2359,108,True
56,449,2251,2359,108,True
57,449,2251,2308,57,True
75,454,2251,2359,108,True
78,472,2251,2359,108,True
96,415,2251,2359,108,True
98,425,2251,2359,108,True
99,447,2251,2359,108,True
3,472,2252,2371,119,True
10,435,2252,2371,119,True
11,438,2252,2311,59,True
14,454,2252,2311,59,True
15,464,2252,2371,119,True
23,465,2252,2311,59,True
27,463,2252,2311,59,True
32,437,2252,2371,119,True
38,438,2252,2371,119,True
43,436,2252,2371,119,True
44,455,2252,2311,59,True
51,450,2252,2359,107,True
52,439,2252,,,False
55,402,2252,2359,107,True
58,441,2252,2359,107,True
80,486,2252,2359,107,True
81,412,2252,2359,107,True
82,454,2252,2359,107,True
84,453,2252,2359,107,True
88,456,2252,2421,169,True
1,456,2253,2311,58,True
2,462,2253,2371,118,True
3,473,2253,2371,118,True
4,449,2253,2311,58,True
6,442,2253,2311,58,True
11,439,2253,2311,58,True
13,467,2253,2371,118,True
21,424,2253,2311,58,True
22,477,2253,2371,118,True
29,432,2253,2311,58,True
34,428,2253,2371,118,True
37,436,2253,2371,118,True
38,439,2253,2371,118,True
40,496,2253,2371,118,True
41,478,2253,2371,118,True
48,462,2253,2371,118,True
60,439,2253,2359,106,True
63,476,2253,2359,106,True
64,465,2253,2359,106,True
72,448,2253,2359,106,True
78,473,2253,2359,106,True
80,487,2253,2359,106,True
82,455,2253,2359,106,True
84,454,2253,2359,106,True
86,460,2253,2359,106,True
95,463,2253,2359,106,True
97,437,2253,2359,106,True
99,448,2253,2359,106,True
5,450,2254,2371,117,True
10,436,2254,2371,117,True
20,436,2254,2371,117,True
23,466,2254,2311,57,True
27,464,2254,2311,57,True
29,433,2254,2311,57,True
31,452,2254,2311,57,True
32,438,2254,2371,117,True
38,440,2254,2371,117,True
42,477,2254,2371,117,True
45,428,2254,2371,117,True
47,420,2254,2311,57,True
48,463,2254,2371,117,True
61,440,2254,2359,105,True
72,449,2254,2359,105,True
79,409,2254,2359,105,True
80,488,2254,2359,105,True
84,455,2254,2359,105,True
87,423,2254,2359,105,True
91,443,2254,2359,105,True
96,416,2254,2359,105,True
98,426,2254,2359,105,True
1,457,2255,2311,56,True
5,451,2255,2371,116,True
6,443,2255,2311,56,True
8,450,2255,2311,56,True
16,479,2255,2371,116,True
21,425,2255,2311,56,True
22,478,2255,2371,116,True
24,411,2255,2371,116,True
25,444,2255,2311,56,True
33,437,2255,2311,56,True
36,461,2255,2371,116,True
40,497,2255,2371,116,True
50,445,2255,2359,104,True
51,451,2255,2359,104,True
59,461,2255,2359,104,True
61,441,2255,2359,104,True
69,489,2255,2390,135,True
71,457,2255,2359,104,True
75,455,2255,2359,104,True
87,424,2255,2359,104,True
89,445,2255,2359,104,True
4,450,2256,2311,55,True
10,437,2256,2371,115,True
14,455,2256,2311,55,True
15,465,2256,2371,115,True
19,429,2256,2371,115,True
25,445,2256,2311,55,True
32,439,2256,2371,115,True
39,432,2256,2371,115,True
40,498,2256,2371,115,True
41,479,2256,2371,115,True
45,429,2256,2371,115,True
46,448,2256,2371,115,True
50,446,2256,2359,103,True
54,498,2256,2359,103,True
61,442,2256,2359,103,True
62,437,2256,2359,103,True
65,452,2256,2359,103,True
67,437,2256,2359,103,True
73,443,2256,2359,103,True
75,456,2256,2359,103,True
79,410,2256,2359,103,True
81,413,2256,2359,103,True
82,456,2256,2359,103,True
90,457,2256,2359,103,True
92,472,2256,2359,103,True
94,462,2256,2359,103,True
96,417,2256,2359,103,True
97,438,2256,2359,103,True
98,427,2256,2359,103,True
2,463,2257,2371,114,True
7,422,2257,2371,114,True
8,451,2257,2311,54,True
17,420,2257,2371,114,True
18,439,2257,2371,114,True
20,437,2257,2371,114,True
24,412,2257,2371,114,True
28,466,2257,2371,114,True
35,453,2257,2371,114,True
40,499,2257,2371,114,True
46,449,2257,2371,114,True
52,440,2257,,,False
53,436,2257,2359,102,True
54,499,2257,2359,102,True
55,403,2257,2359,102,True
67,438,2257,2359,102,True
73,444,2257,2359,102,True
79,411,2257,2359,102,True
85,435,2257,2359,102,True
87,425,2257,2359,102,True
0,496,2258,2311,53,True
1,458,2258,2311,53,True
5,452,2258,2371,113,True
7,423,2258,2371,113,True
11,440,2258,2311,53,True
13,468,2258,2371,113,True
35,454,2258,2371,113,True
44,456,2258,2311,53,True
50,447,2258,2359,101,True
58,442,2258,2359,101,True
63,477,2258,2359,101,True
65,453,2258,2359,101,True
68,465,2258,2359,101,True
74,468,2258,2359,101,True
80,489,2258,2359,101,True
81,414,2258,2359,101,True
84,456,2258,2359,101,True
85,436,2258,2359,101,True
90,458,2258,2359,101,True
93,438,2258,2359,101,True
99,449,2258,2359,101,True
18,440,2259,2371,112,True
20,438,2259,2371,112,True
23,467,2259,2311,52,True
25,446,2259,2371,112,True
26,453,2259,2371,112,True
28,467,2259,2371,112,True
31,453,2259,2371,112,True
35,455,2259,2371,112,True
36,462,2259,2371,112,True
40,500,2259,2371,112,True
42,478,2259,2371,112,True
43,437,2259,2371,112,True
47,421,2259,2311,52,True
52,441,2259,,,False
54,500,2259,2359,100,True
61,443,2259,2359,100,True
69,490,2259,2390,131,True
70,472,2259,2359,100,True
99,450,2259,2359,100,True
1,459,2260,2311,51,True
8,452,2260,2311,51,True
14,456,2260,2311,51,True
16,480,2260,2371,111,True
17,421,2260,2371,111,True
35,456,2260,2371,111,True
48,464,2260,2371,111,True
49,460,2260,2311,51,True
54,501,2260,2359,99,True
59,462,2260,2359,99,True
63,478,2260,2359,99,True
78,474,2260,2359,99,True
83,442,2260,2359,99,True
85,437,2260,2359,99,True
17,422,2261,2371,110,True
18,441,2261,2371,110,True
21,426,2261,2311,50,True
23,468,2261,2311,50,True
26,454,2261,2371,110,True
30,464,2261,2371,110,True
31,454,2261,2371,110,True
38,441,2261,2371,110,True
42,479,2261,2371,110,True
44,457,2261,2311,50,True
57,450,2261,2359,98,True
60,440,2261,2359,98,True
67,439,2261,2359,98,True
78,475,2261,2359,98,True
85,438,2261,2359,98,True
3,474,2262,2371,109,True
5,453,2262,2371,109,True
23,469,2262,2311,49,True
26,455,2262,2371,109,True
27,465,2262,2371,109,True
33,438,2262,2311,49,True
44,458,2262,2311,49,True
53,437,2262,2359,97,True
60,441,2262,2359,97,True
61,444,2262,2359,97,True
64,466,2262,2359,97,True
66,436,2262,2359,97,True
69,491,2262,2390,128,True
70,473,2262,2359,97,True
75,457,2262,2359,97,True
76,463,2262,2359,97,True
80,490,2262,2359,97,True
86,461,2262,2359,97,True
93,439,2262,2359,97,True
97,439,2262,2359,97,True
4,451,2263,2371,108,True
16,481,2263,2371,108,True
20,439,2263,2371,108,True
25,447,2263,2371,108,True
31,455,2263,2371,108,True
32,440,2263,2371,108,True
40,501,2263,2371,108,True
45,430,2263,2371,108,True
62,438,2263,2359,96,True
67,440,2263,2359,96,True
69,492,2263,2390,127,True
70,474,2263,2359,96,True
77,456,2263,2359,96,True
81,415,2263,2359,96,True
84,457,2263,2359,96,True
85,439,2263,2359,96,True
89,446,2263,2390,127,True
90,459,2263,2359,96,True
92,473,2263,2359,96,True
1,460,2264,2311,47,True
3,475,2264,2371,107,True
8,453,2264,2311,47,True
11,441,2264,2371,107,True
13,469,2264,2371,107,True
15,466,2264,2371,107,True
16,482,2264,2371,107,True
18,442,2264,2371,107,True
20,440,2264,2371,107,True
25,448,2264,2371,107,True
27,466,2264,2371,107,True
32,441,2264,2371,107,True
45,431,2264,2371,107,True
50,448,2264,2359,95,True
60,442,2264,2359,95,True
67,441,2264,2359,95,True
71,458,2264,2359,95,True
83,443,2264,2359,95,True
87,426,2264,2359,95,True
1,461,2265,2311,46,True
2,464,2265,2371,106,True
14,457,2265,2311,46,True
16,483,2265,2371,106,True
17,423,2265,2371,106,True
18,443,2265,2371,106,True
22,479,2265,2371,106,True
24,413,2265,2371,106,True
25,449,2265,2386,121,True
33,439,2265,2311,46,True
39,433,2265,2371,106,True
42,480,2265,2371,106,True
45,432,2265,2371,106,True
50,449,2265,2359,94,True
53,438,2265,2359,94,True
55,404,2265,2359,94,True
65,454,2265,2359,94,True
67,442,2265,2359,94,True
69,493,2265,2390,125,True
71,459,2265,2359,94,True
75,458,2265,2359,94,True
80,491,2265,2359,94,True
87,427,2265,2359,94,True
89,447,2265,2390,125,True
94,463,2265,2359,94,True
98,428,2265,2359,94,True
99,451,2265,2359,94,True
5,454,2266,2371,105,True
13,470,2266,2371,105,True
17,424,2266,2371,105,True
18,444,2266,2371,105,True
19,430,2266,2386,120,True
24,414,2266,2371,105,True
25,450,2266,2386,120,True
33,440,2266,2311,45,True
36,463,2266,2371,105,True
48,465,2266,2371,105,True
52,442,2266,,,False
66,437,2266,2359,93,True
71,460,2266,2359,93,True
73,445,2266,2359,93,True
83,444,2266,2359,93,True
90,460,2266,2359,93,True
4,452,2267,2371,104,True
8,454,2267,2371,104,True
11,442,2267,2371,104,True
16,484,2267,2371,104,True
29,434,2267,2311,44,True
30,465,2267,2371,104,True
33,441,2267,2311,44,True
37,437,2267,2386,119,True
39,434,2267,2371,104,True
40,502,2267,2371,104,True
42,481,2267,2371,104,True
44,459,2267,2371,104,True
58,443,2267,2359,92,True
67,443,2267,2359,92,True
71,461,2267,2359,92,True
80,492,2267,2359,92,True
81,416,2267,2359,92,True
83,445,2267,2359,92,True
87,428,2267,2390,123,True
92,474,2267,2359,92,True
95,464,2267,2359,92,True
2,465,2268,2386,118,True
16,485,2268,2371,103,True
23,470,2268,2371,103,True
25,451,2268,2386,118,True
27,467,2268,2371,103,True
41,480,2268,2371,103,True
44,460,2268,2371,103,True
46,450,2268,2371,103,True
47,422,2268,2311,43,True
57,451,2268,2359,91,True
59,463,2268,2359,91,True
71,462,2268,2359,91,True
86,462,2268,2359,91,True
87,429,2268,2390,122,True
89,448,2268,2390,122,True
91,444,2268,2359,91,True
3,476,2269,2371,102,True
9,467,2269,2386,117,True
14,458,2269,2311,42,True
15,467,2269,2371,102,True
18,445,2269,2371,102,True
23,471,2269,2371,102,True
36,464,2269,2371,102,True
46,451,2269,2371,102,True
51,452,2269,2359,90,True
52,443,2269,,,False
55,405,2269,2359,90,True
57,452,2269,2359,90,True
59,464,2269,2359,90,True
61,445,2269,2359,90,True
66,438,2269,2359,90,True
70,475,2269,2359,90,True
78,476,2269,2359,90,True
83,446,2269,2359,90,True
84,458,2269,2359,90,True
93,440,2269,2359,90,True
98,429,2269,2359,90,True
18,446,2270,2371,101,True
29,435,2270,2311,41,True
35,457,2270,2371,101,True
48,466,2270,2371,101,True
49,461,2270,2371,101,True
53,439,2270,2359,89,True
54,502,2270,2359,89,True
62,439,2270,2359,89,True
63,479,2270,2359,89,True
65,455,2270,2359,89,True
71,463,2270,2359,89,True
78,477,2270,2359,89,True
84,459,2270,2359,89,True
89,449,2270,2390,120,True
91,445,2270,2359,89,True
98,430,2270,2359,89,True
0,497,2271,2311,40,True
4,453,2271,2371,100,True
5,455,2271,2371,100,True
9,468,2271,2386,115,True
13,471,2271,2371,100,True
22,480,2271,2371,100,True
28,468,2271,2386,115,True
29,436,2271,2311,40,True
31,456,2271,2371,100,True
34,429,2271,2371,100,True
39,435,2271,2371,100,True
40,503,2271,2442,171,True
45,433,2271,2371,100,True
46,452,2271,2371,100,True
52,444,2271,,,False
62,440,2271,2359,88,True
77,457,2271,2359,88,True
78,478,2271,2359,88,True
84,460,2271,2359,88,True
93,441,2271,2359,88,True
97,440,2271,2359,88,True
8,455,2272,2371,99,True
12,464,2272,2371,99,True
18,447,2272,2371,99,True
21,427,2272,2371,99,True
29,437,2272,2311,39,True
30,466,2272,2371,99,True
31,457,2272,2371,99,True
42,482,2272,2371,99,True
49,462,2272,2371,99,True
56,450,2272,2359,87,True
63,480,2272,2359,87,True
67,444,2272,2359,87,True
72,450,2272,2359,87,True
74,469,2272,2359,87,True
81,417,2272,2359,87,True
83,447,2272,2359,87,True
92,475,2272,2359,87,True
6,444,2273,2371,98,True
9,469,2273,2386,113,True
20,441,2273,2371,98,True
21,428,2273,2371,98,True
23,472,2273,2386,113,True
26,456,2273,2371,98,True
34,430,2273,2371,98,True
48,467,2273,2371,98,True
60,443,2273,2359,86,True
62,441,2273,2359,86,True
65,456,2273,2359,86,True
66,439,2273,2359,86,True
68,466,2273,2359,86,True
77,458,2273,2359,86,True
90,461,2273,2359,86,True
95,465,2273,2359,86,True
97,441,2273,2359,86,True
14,459,2274,2311,37,True
19,431,2274,2386,112,True
25,452,2274,2386,112,True
26,457,2274,2371,97,True
28,469,2274,2386,112,True
31,458,2274,2371,97,True
35,458,2274,2371,97,True
39,436,2274,2371,97,True
40,504,2274,2442,168,True
46,453,2274,2371,97,True
61,446,2274,2359,85,True
66,440,2274,2359,85,True
88,457,2274,2421,147,True
0,498,2275,2311,36,True
1,462,2275,2371,96,True
5,456,2275,2371,96,True
9,470,2275,2386,111,True
13,472,2275,2371,96,True
23,473,2275,2386,111,True
27,468,2275,2371,96,True
29,438,2275,2311,36,True
32,442,2275,2371,96,True
36,465,2275,2371,96,True
38,442,2275,2371,96,True
44,461,2275,2371,96,True
48,468,2275,2371,96,True
51,453,2275,2359,84,True
58,444,2275,2359,84,True
61,447,2275,2359,84,True
63,481,2275,2390,115,True
66,441,2275,2359,84,True
72,451,2275,2359,84,True
73,446,2275,2359,84,True
91,446,2275,2359,84,True
92,476,2275,2359,84,True
6,445,2276,2386,110,True
20,442,2276,2371,95,True
24,415,2276,2371,95,True
33,442,2276,2371,95,True
35,459,2276,2371,95,True
51,454,2276,2359,83,True
52,445,2276,,,False
65,457,2276,2359,83,True
70,476,2276,2359,83,True
74,470,2276,2359,83,True
81,418,2276,2359,83,True
82,457,2276,2359,83,True
91,447,2276,2359,83,True
4,454,2277,2371,94,True
7,424,2277,2386,109,True
9,471,2277,2386,109,True
14,460,2277,2311,34,True
22,481,2277,2371,94,True
24,416,2277,2371,94,True
25,453,2277,2386,109,True
41,481,2277,2371,94,True
44,462,2277,2371,94,True
49,463,2277,2371,94,True
56,451,2277,2359,82,True
69,494,2277,2390,113,True
79,412,2277,2359,82,True
83,448,2277,2359,82,True
88,458,2277,2421,144,True
90,462,2277,2359,82,True
93,442,2277,2390,113,True
2,466,2278,2386,108,True
7,425,2278,2386,108,True
8,456,2278,2371,93,True
13,473,2278,2371,93,True
21,429,2278,2371,93,True
29,439,2278,2371,93,True
32,443,2278,2371,93,True
36,466,2278,2371,93,True
39,437,2278,2371,93,True
44,463,2278,2371,93,True
45,434,2278,2371,93,True
48,469,2278,2371,93,True
50,450,2278,2359,81,True
56,452,2278,2359,81,True
58,445,2278,2359,81,True
61,448,2278,2359,81,True
62,442,2278,2359,81,True
66,442,2278,2359,81,True
69,495,2278,2390,112,True
86,463,2278,2359,81,True
87,430,2278,2390,112,True
90,463,2278,2359,81,True
91,448,2278,2359,81,True
92,477,2278,2359,81,True
1,463,2279,2371,92,True
8,457,2279,2371,92,True
11,443,2279,2371,92,True
12,465,2279,2371,92,True
14,461,2279,2371,92,True
29,440,2279,2371,92,True
34,431,2279,2371,92,True
39,438,2279,2371,92,True
52,446,2279,,,False
58,446,2279,2359,80,True
66,443,2279,2359,80,True
67,445,2279,2359,80,True
76,464,2279,2359,80,True
77,459,2279,2359,80,True
81,419,2279,2359,80,True
82,458,2279,2359,80,True
85,440,2279,2359,80,True
92,478,2279,2390,111,True
96,418,2279,2443,164,True
1,464,2280,2371,91,True
2,467,2280,2442,162,True
3,477,2280,2371,91,True
8,458,2280,2371,91,True
10,438,2280,2386,106,True
12,466,2280,2371,91,True
28,470,2280,2386,106,True
34,432,2280,2371,91,True
40,505,2280,2442,162,True
42,483,2280,2371,91,True
46,454,2280,2371,91,True
50,451,2280,2359,79,True
53,440,2280,2359,79,True
59,465,2280,2390,110,True
62,443,2280,2359,79,True
70,477,2280,2371,91,True
74,471,2280,2359,79,True
85,441,2280,2359,79,True
88,459,2280,2421,141,True
90,464,2280,2359,79,True
93,443,2280,2390,110,True
95,466,2280,2359,79,True
4,455,2281,2371,90,True
7,426,2281,2386,105,True
9,472,2281,2386,105,True
12,467,2281,2371,90,True
14,462,2281,2371,90,True
16,486,2281,2386,105,True
18,448,2281,2371,90,True
19,432,2281,2386,105,True
20,443,2281,2371,90,True
22,482,2281,2371,90,True
31,459,2281,2371,90,True
40,506,2281,2442,161,True
41,482,2281,2371,90,True
49,464,2281,2371,90,True
54,503,2281,2390,109,True
57,453,2281,2359,78,True
65,458,2281,2359,78,True
68,467,2281,2359,78,True
70,478,2281,2371,90,True
80,493,2281,2359,78,True
82,459,2281,2359,78,True
83,449,2281,2359,78,True
84,461,2281,2359,78,True
12,468,2282,2371,89,True
27,469,2282,2371,89,True
30,467,2282,2371,89,True
34,433,2282,2371,89,True
47,423,2282,2371,89,True
58,447,2282,2359,77,True
64,467,2282,2359,77,True
73,447,2282,2359,77,True
76,465,2282,2359,77,True
77,460,2282,2359,77,True
78,479,2282,2390,108,True
82,460,2282,2359,77,True
85,442,2282,2359,77,True
92,479,2282,2390,108,True
94,464,2282,2421,139,True
0,499,2283,2371,88,True
5,457,2283,2386,103,True
6,446,2283,2386,103,True
9,473,2283,2386,103,True
14,463,2283,2371,88,True
18,449,2283,2371,88,True
23,474,2283,2386,103,True
25,454,2283,2386,103,True
35,460,2283,2371,88,True
42,484,2283,2371,88,True
48,470,2283,2371,88,True
52,447,2283,,,False
53,441,2283,2359,76,True
58,448,2283,2359,76,True
64,468,2283,2359,76,True
70,479,2283,2371,88,True
71,464,2283,2390,107,True
76,466,2283,2359,76,True
77,461,2283,2359,76,True
79,413,2283,2359,76,True
80,494,2283,2359,76,True
89,450,2283,2390,107,True
2,468,2284,2442,158,True
7,427,2284,2386,102,True
9,474,2284,2386,102,True
17,425,2284,2371,87,True
24,417,2284,2371,87,True
26,458,2284,2371,87,True
33,443,2284,2371,87,True
44,464,2284,2371,87,True
50,452,2284,2359,75,True
66,444,2284,2359,75,True
73,448,2284,2359,75,True
82,461,2284,2359,75,True
86,464,2284,2359,75,True
93,444,2284,2390,106,True
95,467,2284,2359,75,True
0,500,2285,2371,86,True
19,433,2285,2386,101,True
20,444,2285,2371,86,True
31,460,2285,2371,86,True
34,434,2285,2371,86,True
40,507,2285,2442,157,True
45,435,2285,2371,86,True
47,424,2285,2371,86,True
48,471,2285,2442,157,True
53,442,2285,2359,74,True
56,453,2285,2359,74,True
71,465,2285,2390,105,True
72,452,2285,2371,86,True
86,465,2285,2359,74,True
89,451,2285,2390,105,True
93,445,2285,2390,105,True
94,465,2285,2421,136,True
2,469,2286,2442,156,True
4,456,2286,2469,183,True
11,444,2286,2371,85,True
24,418,2286,2371,85,True
25,455,2286,2386,100,True
26,459,2286,2371,85,True
28,471,2286,2386,100,True
30,468,2286,2371,85,True
31,461,2286,2371,85,True
32,444,2286,2386,100,True
34,435,2286,2371,85,True
36,467,2286,2386,100,True
37,438,2286,2386,100,True
43,438,2286,2386,100,True
46,455,2286,2371,85,True
51,455,2286,2359,73,True
58,449,2286,2359,73,True
61,449,2286,2359,73,True
66,445,2286,2359,73,True
77,462,2286,2390,104,True
81,420,2286,2390,104,True
84,462,2286,2359,73,True
85,443,2286,2359,73,True
88,460,2286,2421,135,True
91,449,2286,2359,73,True
94,466,2286,2421,135,True
96,419,2286,2443,157,True
5,458,2287,2386,99,True
6,447,2287,2386,99,True
9,475,2287,2386,99,True
14,464,2287,2371,84,True
21,430,2287,2371,84,True
22,483,2287,2371,84,True
27,470,2287,2386,99,True
28,472,2287,2386,99,True
31,462,2287,2371,84,True
35,461,2287,2371,84,True
39,439,2287,2386,99,True
41,483,2287,2371,84,True
46,456,2287,2371,84,True
49,465,2287,2371,84,True
51,456,2287,2421,134,True
54,504,2287,2390,103,True
56,454,2287,2359,72,True
62,444,2287,2359,72,True
63,482,2287,2390,103,True
79,414,2287,2359,72,True
85,444,2287,2359,72,True
93,446,2287,2390,103,True
95,468,2287,2359,72,True
0,501,2288,2371,83,True
3,478,2288,2469,181,True
11,445,2288,2371,83,True
16,487,2288,2386,98,True
19,434,2288,2386,98,True
21,431,2288,2371,83,True
34,436,2288,2371,83,True
36,468,2288,2386,98,True
37,439,2288,2386,98,True
40,508,2288,2442,154,True
44,465,2288,2371,83,True
47,425,2288,2371,83,True
58,450,2288,2390,102,True
78,480,2288,2421,133,True
80,495,2288,2359,71,True
84,463,2288,2359,71,True
85,445,2288,2359,71,True
88,461,2288,2421,133,True
90,465,2288,2390,102,True
93,447,2288,2390,102,True
95,469,2288,2359,71,True
96,420,2288,2443,155,True
2,470,2289,2442,153,True
3,479,2289,2469,180,True
5,459,2289,2386,97,True
8,459,2289,2371,82,True
9,476,2289,2386,97,True
38,443,2289,2386,97,True
48,472,2289,2442,153,True
49,466,2289,2371,82,True
64,469,2289,2359,70,True
68,468,2289,2359,70,True
69,496,2289,2390,101,True
70,480,2289,2371,82,True
72,453,2289,2371,82,True
75,459,2289,2390,101,True
78,481,2289,2421,132,True
82,462,2289,2359,70,True
92,480,2289,2390,101,True
98,431,2289,2359,70,True
2,471,2290,2442,152,True
3,480,2290,2469,179,True
17,426,2290,2371,81,True
22,484,2290,2442,152,True
25,456,2290,2386,96,True
30,469,2290,2371,81,True
37,440,2290,2442,152,True
45,436,2290,2371,81,True
49,467,2290,2371,81,True
52,448,2290,,,False
58,451,2290,2390,100,True
66,446,2290,2359,69,True
71,466,2290,2390,100,True
74,472,2290,2390,100,True
76,467,2290,2359,69,True
78,482,2290,2421,131,True
79,415,2290,2359,69,True
83,450,2290,2359,69,True
86,466,2290,2359,69,True
17,427,2291,2371,80,True
20,445,2291,2371,80,True
21,432,2291,2371,80,True
27,471,2291,2386,95,True
29,441,2291,2371,80,True
41,484,2291,2371,80,True
48,473,2291,2442,151,True
62,445,2291,2421,130,True
66,447,2291,2359,68,True
73,449,2291,2359,68,True
75,460,2291,2390,99,True
76,468,2291,2359,68,True
82,463,2291,2359,68,True
90,466,2291,2390,99,True
96,421,2291,2443,152,True
97,442,2291,2359,68,True
0,502,2292,2371,79,True
6,448,2292,2386,94,True
8,460,2292,2371,79,True
10,439,2292,2386,94,True
13,474,2292,2386,94,True
16,488,2292,2386,94,True
17,428,2292,2371,79,True
18,450,2292,2371,79,True
26,460,2292,2371,79,True
27,472,2292,2386,94,True
28,473,2292,2386,94,True
29,442,2292,2371,79,True
41,485,2292,2371,79,True
63,483,2292,2390,98,True
67,446,2292,2359,67,True
70,481,2292,2371,79,True
75,461,2292,2390,98,True
79,416,2292,2359,67,True
84,464,2292,2359,67,True
85,446,2292,2390,98,True
88,462,2292,2421,129,True
89,452,2292,2390,98,True
92,481,2292,2390,98,True
1,465,2293,2371,78,True
4,457,2293,2469,176,True
5,460,2293,2386,93,True
28,474,2293,2386,93,True
33,444,2293,2371,78,True
34,437,2293,2371,78,True
35,462,2293,2442,149,True
37,441,2293,2442,149,True
38,444,2293,2386,93,True
44,466,2293,2371,78,True
49,468,2293,2371,78,True
50,453,2293,2359,66,True
51,457,2293,2421,128,True
52,449,2293,,,False
54,505,2293,2390,97,True
55,406,2293,2359,66,True
63,484,2293,2390,97,True
65,459,2293,2359,66,True
69,497,2293,2390,97,True
78,483,2293,2421,128,True
79,417,2293,2359,66,True
87,431,2293,2390,97,True
88,463,2293,2421,128,True
89,453,2293,2390,97,True
93,448,2293,2390,97,True
97,443,2293,2359,66,True
98,432,2293,2359,66,True
2,472,2294,2442,148,True
3,481,2294,2469,175,True
4,458,2294,2469,175,True
7,428,2294,2442,148,True
9,477,2294,2442,148,True
12,469,2294,2371,77,True
22,485,2294,2442,148,True
31,463,2294,2371,77,True
34,438,2294,2371,77,True
48,474,2294,2442,148,True
58,452,2294,2390,96,True
73,450,2294,2359,65,True
74,473,2294,2390,96,True
83,451,2294,2359,65,True
84,465,2294,2390,96,True
90,467,2294,2390,96,True
94,467,2294,2421,127,True
95,470,2294,2359,65,True
98,433,2294,2359,65,True
99,452,2294,2390,96,True
3,482,2295,2469,174,True
13,475,2295,2386,91,True
14,465,2295,2371,76,True
17,429,2295,2469,174,True
20,446,2295,2371,76,True
44,467,2295,2371,76,True
45,437,2295,2371,76,True
47,426,2295,2371,76,True
49,469,2295,2371,76,True
50,454,2295,2359,64,True
54,506,2295,2390,95,True
56,455,2295,2421,126,True
64,470,2295,2359,64,True
71,467,2295,2390,95,True
82,464,2295,2421,126,True
85,447,2295,2390,95,True
88,464,2295,2421,126,True
89,454,2295,2390,95,True
91,450,2295,2360,65,True
3,483,2296,2469,173,True
5,461,2296,2442,146,True
9,478,2296,2442,146,True
12,470,2296,2371,75,True
13,476,2296,2386,90,True
17,430,2296,2469,173,True
19,435,2296,2442,146,True
24,419,2296,2371,75,True
29,443,2296,2371,75,True
37,442,2296,2442,146,True
40,509,2296,2442,146,True
41,486,2296,2371,75,True
52,450,2296,,,False
54,507,2296,2390,94,True
59,466,2296,2390,94,True
73,451,2296,2359,63,True
77,463,2296,2421,125,True
82,465,2296,2421,125,True
83,452,2296,2359,63,True
86,467,2296,2359,63,True
87,432,2296,2390,94,True
90,468,2296,2390,94,True
92,482,2296,2390,94,True
9,479,2297,2442,145,True
13,477,2297,2386,89,True
18,451,2297,2386,89,True
19,436,2297,2442,145,True
22,486,2297,2442,145,True
23,475,2297,2386,89,True
25,457,2297,2442,145,True
31,464,2297,2442,145,True
40,510,2297,2442,145,True
42,485,2297,2386,89,True
43,439,2297,2386,89,True
49,470,2297,2371,74,True
59,467,2297,2390,93,True
60,444,2297,2421,124,True
62,446,2297,2421,124,True
63,485,2297,2390,93,True
68,469,2297,2360,63,True
76,469,2297,2359,62,True
78,484,2297,2421,124,True
83,453,2297,2359,62,True
96,422,2297,2443,146,True
99,453,2297,2390,93,True
4,459,2298,2469,171,True
11,446,2298,2371,73,True
23,476,2298,2386,88,True
35,463,2298,2442,144,True
39,440,2298,2386,88,True
47,427,2298,2371,73,True
51,458,2298,2421,123,True
54,508,2298,2390,92,True
58,453,2298,2390,92,True
62,447,2298,2421,123,True
63,486,2298,2390,92,True
64,471,2298,2359,61,True
70,482,2298,2371,73,True
78,485,2298,2421,123,True
80,496,2298,2365,67,True
81,421,2298,2390,92,True
93,449,2298,2421,123,True
96,423,2298,2443,145,True
20,447,2299,2371,72,True
21,433,2299,2371,72,True
22,487,2299,2442,143,True
23,477,2299,2386,87,True
27,473,2299,2442,143,True
30,470,2299,2442,143,True
33,445,2299,2371,72,True
38,445,2299,2386,87,True
40,511,2299,2442,143,True
44,468,2299,2371,72,True
52,451,2299,,,False
53,443,2299,2443,144,True
59,468,2299,2390,91,True
60,445,2299,2421,122,True
64,472,2299,2371,72,True
68,470,2299,2360,61,True
74,474,2299,2390,91,True
76,470,2299,2359,60,True
79,418,2299,2359,60,True
88,465,2299,2421,122,True
91,451,2299,2360,61,True
95,471,2299,2421,122,True
96,424,2299,2443,144,True
1,466,2300,2371,71,True
3,484,2300,2469,169,True
20,448,2300,2371,71,True
26,461,2300,2386,86,True
30,471,2300,2442,142,True
31,465,2300,2442,142,True
33,446,2300,2371,71,True
35,464,2300,2442,142,True
41,487,2300,2386,86,True
46,457,2300,2386,86,True
55,407,2300,2390,90,True
56,456,2300,2421,121,True
62,448,2300,2421,121,True
64,473,2300,2371,71,True
66,448,2300,2443,143,True
69,498,2300,2390,90,True
80,497,2300,2365,65,True
84,466,2300,2390,90,True
0,503,2301,2371,70,True
2,473,2301,2442,141,True
6,449,2301,2386,85,True
9,480,2301,2442,141,True
12,471,2301,2371,70,True
15,468,2301,2371,70,True
17,431,2301,2469,168,True
21,434,2301,2371,70,True
27,474,2301,2442,141,True
28,475,2301,2442,141,True
29,444,2301,2371,70,True
40,512,2301,2442,141,True
43,440,2301,2442,141,True
48,475,2301,2442,141,True
52,452,2301,,,False
53,444,2301,2443,142,True
54,509,2301,2390,89,True
55,408,2301,2390,89,True
59,469,2301,2390,89,True
67,447,2301,2443,142,True
73,452,2301,2359,58,True
84,467,2301,2390,89,True
90,469,2301,2390,89,True
91,452,2301,2360,59,True
1,467,2302,2371,69,True
2,474,2302,2442,140,True
10,440,2302,2469,167,True
14,466,2302,2371,69,True
15,469,2302,2371,69,True
18,452,2302,2442,140,True
33,447,2302,2371,69,True
41,488,2302,2386,84,True
43,441,2302,2442,140,True
46,458,2302,2386,84,True
47,428,2302,2371,69,True
56,457,2302,2421,119,True
57,454,2302,2371,69,True
62,449,2302,2421,119,True
71,468,2302,2421,119,True
73,453,2302,2359,57,True
74,475,2302,2421,119,True
84,468,2302,2421,119,True
85,448,2302,2390,88,True
90,470,2302,2390,88,True
99,454,2302,2421,119,True
3,485,2303,2469,166,True
8,461,2303,2371,68,True
11,447,2303,2371,68,True
15,470,2303,2371,68,True
18,453,2303,2442,139,True
19,437,2303,2442,139,True
20,449,2303,2371,68,True
21,435,2303,2371,68,True
22,488,2303,2442,139,True
23,478,2303,2386,83,True
25,458,2303,2442,139,True
26,462,2303,2386,83,True
31,466,2303,2442,139,True
37,443,2303,2442,139,True
39,441,2303,2386,83,True
41,489,2303,2386,83,True
45,438,2303,2371,68,True
46,459,2303,2386,83,True
48,476,2303,2442,139,True
49,471,2303,2371,68,True
53,445,2303,2443,140,True
54,510,2303,2390,87,True
56,458,2303,2421,118,True
61,450,2303,2371,68,True
68,471,2303,2421,118,True
72,454,2303,2371,68,True
74,476,2303,2421,118,True
76,471,2303,2390,87,True
80,498,2303,2365,62,True
88,466,2303,2421,118,True
92,483,2303,2390,87,True
94,468,2303,2421,118,True
99,455,2303,2421,118,True
1,468,2304,2371,67,True
7,429,2304,2442,138,True
14,467,2304,2371,67,True
21,436,2304,2371,67,True
27,475,2304,2442,138,True
28,476,2304,2442,138,True
36,469,2304,2386,82,True
38,446,2304,2442,138,True
56,459,2304,2421,117,True
63,487,2304,2390,86,True
64,474,2304,2371,67,True
66,449,2304,2443,139,True
69,499,2304,2421,117,True
71,469,2304,2421,117,True
73,454,2304,2359,55,True
77,464,2304,2421,117,True
86,468,2304,2359,55,True
1,469,2305,2371,66,True
6,450,2305,2442,137,True
8,462,2305,2371,66,True
18,454,2305,2442,137,True
21,437,2305,2371,66,True
28,477,2305,2442,137,True
32,445,2305,2386,81,True
35,465,2305,2442,137,True
39,442,2305,2386,81,True
43,442,2305,2442,137,True
45,439,2305,2371,66,True
46,460,2305,2386,81,True
54,511,2305,2390,85,True
58,454,2305,2390,85,True
60,446,2305,2421,116,True
66,450,2305,2443,138,True
71,470,2305,2421,116,True
75,462,2305,2421,116,True
82,466,2305,2421,116,True
87,433,2305,2390,85,True
91,453,2305,2421,116,True
95,472,2305,2421,116,True
16,489,2306,2386,80,True
19,438,2306,2442,136,True
24,420,2306,2386,80,True
31,467,2306,2442,136,True
37,444,2306,2442,136,True
43,443,2306,2442,136,True
47,429,2306,2371,65,True
58,455,2306,2390,84,True
63,488,2306,2390,84,True
65,460,2306,2390,84,True
66,451,2306,2443,137,True
72,455,2306,2371,65,True
78,486,2306,2421,115,True
80,499,2306,2365,59,True
84,469,2306,2421,115,True
90,471,2306,2390,84,True
99,456,2306,2421,115,True
0,504,2307,2371,64,True
6,451,2307,2442,135,True
9,481,2307,2442,135,True
11,448,2307,2386,79,True
19,439,2307,2442,135,True
20,450,2307,2371,64,True
27,476,2307,2442,135,True
36,470,2307,2386,79,True
40,513,2307,2442,135,True
41,490,2307,2386,79,True
42,486,2307,2386,79,True
46,461,2307,2442,135,True
57,455,2307,2371,64,True
58,456,2307,2390,83,True
68,472,2307,2421,114,True
81,422,2307,2390,83,True
86,469,2307,2390,83,True
93,450,2307,2421,114,True
97,444,2307,2421,114,True
5,462,2308,2442,134,True
30,472,2308,2442,134,True
33,448,2308,2371,63,True
35,466,2308,2442,134,True
37,445,2308,2442,134,True
47,430,2308,2371,63,True
48,477,2308,2442,134,True
49,472,2308,2371,63,True
54,512,2308,2390,82,True
56,460,2308,2421,113,True
57,456,2308,2371,63,True
61,451,2308,2371,63,True
64,475,2308,2371,63,True
78,487,2308,2421,113,True
80,500,2308,2421,113,True
81,423,2308,2421,113,True
84,470,2308,2421,113,True
86,470,2308,2390,82,True
89,455,2308,2421,113,True
90,472,2308,2390,82,True
96,425,2308,2443,135,True
0,505,2309,2371,62,True
11,449,2309,2386,77,True
16,490,2309,2386,77,True
17,432,2309,2469,160,True
18,455,2309,2442,133,True
25,459,2309,2442,133,True
31,468,2309,2442,133,True
33,449,2309,2371,62,True
36,471,2309,2386,77,True
47,431,2309,2371,62,True
50,455,2309,2390,81,True
53,446,2309,2443,134,True
59,470,2309,2421,112,True
62,450,2309,2421,112,True
67,448,2309,2443,134,True
73,455,2309,2390,81,True
76,472,2309,2390,81,True
77,465,2309,2421,112,True
82,467,2309,2421,112,True
83,454,2309,2421,112,True
94,469,2309,2421,112,True
96,426,2309,2443,134,True
98,434,2309,2371,62,True
0,506,2310,2371,61,True
4,460,2310,2469,159,True
5,463,2310,2442,132,True
7,430,2310,2469,159,True
8,463,2310,2371,61,True
9,482,2310,2442,132,True
10,441,2310,2469,159,True
28,478,2310,2442,132,True
35,467,2310,2442,132,True
36,472,2310,2386,76,True
51,459,2310,2421,111,True
52,453,2310,,,False
57,457,2310,2371,61,True
60,447,2310,2421,111,True
66,452,2310,2443,133,True
68,473,2310,2421,111,True
69,500,2310,2421,111,True
73,456,2310,2390,80,True
76,473,2310,2390,80,True
79,419,2310,2390,80,True
82,468,2310,2421,111,True
84,471,2310,2421,111,True
87,434,2310,2443,133,True
91,454,2310,2421,111,True
92,484,2310,2421,111,True
93,451,2310,2421,111,True
94,470,2310,2421,111,True
9,483,2311,2442,131,True
15,471,2311,2371,60,True
17,433,2311,2469,158,True
18,456,2311,2442,131,True
25,460,2311,2442,131,True
29,445,2311,2371,60,True
36,473,2311,2386,75,True
49,473,2311,2371,60,True
54,513,2311,2390,79,True
55,409,2311,2443,132,True
66,453,2311,2443,132,True
71,471,2311,2421,110,True
73,457,2311,2390,79,True
75,463,2311,2421,110,True
81,424,2311,2421,110,True
82,469,2311,2421,110,True
92,485,2311,2421,110,True
0,507,2312,2371,59,True
1,470,2312,2371,59,True
8,464,2312,2371,59,True
13,478,2312,2442,130,True
15,472,2312,2371,59,True
17,434,2312,2469,157,True
20,451,2312,2371,59,True
26,463,2312,2386,74,True
39,443,2312,2469,157,True
44,469,2312,2386,74,True
48,478,2312,2442,130,True
58,457,2312,2390,78,True
60,448,2312,2421,109,True
61,452,2312,2371,59,True
63,489,2312,2507,195,True
71,472,2312,2421,109,True
73,458,2312,2390,78,True
78,488,2312,2421,109,True
86,471,2312,2390,78,True
98,435,2312,2371,59,True
2,475,2313,2442,129,True
3,486,2313,2469,156,True
4,461,2313,2469,156,True
7,431,2313,2469,156,True
9,484,2313,2442,129,True
12,472,2313,2386,73,True
15,473,2313,2371,58,True
22,489,2313,2442,129,True
26,464,2313,2386,73,True
28,479,2313,2442,129,True
45,440,2313,2371,58,True
49,474,2313,2469,156,True
51,460,2313,2421,108,True
54,514,2313,2390,77,True
55,410,2313,2443,130,True
60,449,2313,2421,108,True
68,474,2313,2421,108,True
71,473,2313,2421,108,True
74,477,2313,2421,108,True
76,474,2313,2390,77,True
80,501,2313,2421,108,True
84,472,2313,2421,108,True
85,449,2313,2390,77,True
89,456,2313,2421,108,True
91,455,2313,2421,108,True
5,464,2314,2442,128,True
16,491,2314,2442,128,True
26,465,2314,2386,72,True
44,470,2314,2386,72,True
46,462,2314,2442,128,True
49,475,2314,2469,155,True
50,456,2314,2421,107,True
59,471,2314,2421,107,True
64,476,2314,2371,57,True
70,483,2314,2371,57,True
77,466,2314,2421,107,True
79,420,2314,2390,76,True
81,425,2314,2421,107,True
84,473,2314,2421,107,True
89,457,2314,2421,107,True
92,486,2314,2421,107,True
98,436,2314,2421,107,True
1,471,2315,2371,56,True
21,438,2315,2371,56,True
23,479,2315,2469,154,True
27,477,2315,2442,127,True
28,480,2315,2442,127,True
32,446,2315,2469,154,True
33,450,2315,2469,154,True
34,439,2315,2442,127,True
36,474,2315,2469,154,True
37,446,2315,2442,127,True
42,487,2315,2442,127,True
43,444,2315,2442,127,True
48,479,2315,2442,127,True
49,476,2315,2469,154,True
61,453,2315,2371,56,True
66,454,2315,2443,128,True
67,449,2315,2443,128,True
71,474,2315,2421,106,True
78,489,2315,2507,192,True
82,470,2315,2421,106,True
85,450,2315,2390,75,True
86,472,2315,2390,75,True
92,487,2315,2421,106,True
93,452,2315,2443,128,True
98,437,2315,2421,106,True
2,476,2316,2442,126,True
15,474,2316,2371,55,True
16,492,2316,2442,126,True
25,461,2316,2442,126,True
31,469,2316,2442,126,True
40,514,2316,2469,153,True
51,461,2316,2421,105,True
63,490,2316,2507,191,True
80,502,2316,2421,105,True
83,455,2316,2443,127,True
92,488,2316,2421,105,True
4,462,2317,2469,152,True
5,465,2317,2442,125,True
6,452,2317,2442,125,True
7,432,2317,2469,152,True
9,485,2317,2442,125,True
13,479,2317,2442,125,True
14,468,2317,2371,54,True
16,493,2317,2442,125,True
21,439,2317,2371,54,True
30,473,2317,2442,125,True
31,470,2317,2442,125,True
36,475,2317,2469,152,True
39,444,2317,2469,152,True
41,491,2317,2469,152,True
42,488,2317,2442,125,True
50,457,2317,2421,104,True
51,462,2317,2421,104,True
52,454,2317,,,False
64,477,2317,2371,54,True
67,450,2317,2443,126,True
68,475,2317,2421,104,True
81,426,2317,2421,104,True
91,456,2317,2421,104,True
95,473,2317,2421,104,True
1,472,2318,2371,53,True
3,487,2318,2469,151,True
4,463,2318,2469,151,True
8,465,2318,2386,68,True
10,442,2318,2469,151,True
18,457,2318,2469,151,True
24,421,2318,2469,151,True
28,481,2318,2442,124,True
30,474,2318,2442,124,True
40,515,2318,2469,151,True
45,441,2318,2386,68,True
46,463,2318,2469,151,True
48,480,2318,2442,124,True
49,477,2318,2469,151,True
62,451,2318,2421,103,True
74,478,2318,2421,103,True
77,467,2318,2421,103,True
82,471,2318,2421,103,True
88,467,2318,2507,189,True
94,471,2318,2421,103,True
2,477,2319,2442,123,True
4,464,2319,2469,150,True
6,453,2319,2469,150,True
26,466,2319,2469,150,True
36,476,2319,2469,150,True
46,464,2319,2469,150,True
47,432,2319,2371,52,True
48,481,2319,2469,150,True
56,461,2319,2421,102,True
66,455,2319,2443,124,True
69,501,2319,2443,124,True
71,475,2319,2421,102,True
74,479,2319,2421,102,True
75,464,2319,2421,102,True
79,421,2319,2390,71,True
82,472,2319,2421,102,True
93,453,2319,2443,124,True
5,466,2320,2469,149,True
7,433,2320,2469,149,True
10,443,2320,2469,149,True
15,475,2320,2442,122,True
24,422,2320,2469,149,True
25,462,2320,2442,122,True
27,478,2320,2442,122,True
29,446,2320,2371,51,True
30,475,2320,2469,149,True
35,468,2320,2442,122,True
36,477,2320,2469,149,True
39,445,2320,2469,149,True
56,462,2320,2421,101,True
57,458,2320,2390,70,True
65,461,2320,2390,70,True
67,451,2320,2443,123,True
68,476,2320,2421,101,True
69,502,2320,2443,123,True
71,476,2320,2421,101,True
72,456,2320,2390,70,True
73,459,2320,2390,70,True
75,465,2320,2421,101,True
77,468,2320,2421,101,True
78,490,2320,2507,187,True
80,503,2320,2421,101,True
85,451,2320,2507,187,True
87,435,2320,2443,123,True
98,438,2320,2421,101,True
99,457,2320,2421,101,True
5,467,2321,2469,148,True
6,454,2321,2469,148,True
9,486,2321,2442,121,True
14,469,2321,2371,50,True
18,458,2321,2469,148,True
21,440,2321,2371,50,True
24,423,2321,2469,148,True
36,478,2321,2469,148,True
41,492,2321,2469,148,True
43,445,2321,2442,121,True
48,482,2321,2469,148,True
54,515,2321,2421,100,True
60,450,2321,2421,100,True
64,478,2321,2390,69,True
70,484,2321,2408,87,True
82,473,2321,2421,100,True
85,452,2321,2507,186,True
96,427,2321,2507,186,True
0,508,2322,2386,64,True
2,478,2322,2442,120,True
6,455,2322,2469,147,True
11,450,2322,2386,64,True
17,435,2322,2469,147,True
18,459,2322,2469,147,True
19,440,2322,2442,120,True
23,480,2322,2469,147,True
24,424,2322,2469,147,True
25,463,2322,2442,120,True
28,482,2322,2442,120,True
29,447,2322,2386,64,True
32,447,2322,2469,147,True
44,471,2322,2469,147,True
48,483,2322,2469,147,True
57,459,2322,2390,68,True
59,472,2322,2421,99,True
64,479,2322,2390,68,True
67,452,2322,2443,121,True
68,477,2322,2421,99,True
69,503,2322,2443,121,True
73,460,2322,2421,99,True
74,480,2322,2421,99,True
77,469,2322,2421,99,True
78,491,2322,2507,185,True
80,504,2322,2421,99,True
84,474,2322,2421,99,True
86,473,2322,2390,68,True
88,468,2322,2507,185,True
90,473,2322,2421,99,True
92,489,2322,2421,99,True
97,445,2322,2421,99,True
2,479,2323,2442,119,True
3,488,2323,2469,146,True
14,470,2323,2371,48,True
16,494,2323,2442,119,True
22,490,2323,2442,119,True
25,464,2323,2442,119,True
32,448,2323,2469,146,True
37,447,2323,2469,146,True
44,472,2323,2469,146,True
49,478,2323,2469,146,True
61,454,2323,2371,48,True
76,475,2323,2421,98,True
84,475,2323,2421,98,True
91,457,2323,2443,120,True
92,490,2323,2421,98,True
94,472,2323,2421,98,True
95,474,2323,2421,98,True
7,434,2324,2469,145,True
10,444,2324,2469,145,True
14,471,2324,2371,47,True
16,495,2324,2442,118,True
20,452,2324,2386,62,True
21,441,2324,2386,62,True
27,479,2324,2442,118,True
28,483,2324,2442,118,True
29,448,2324,2386,62,True
36,479,2324,2469,145,True
42,489,2324,2469,145,True
46,465,2324,2469,145,True
48,484,2324,2469,145,True
50,458,2324,2421,97,True
56,463,2324,2421,97,True
58,458,2324,2443,119,True
61,455,2324,2371,47,True
75,466,2324,2421,97,True
84,476,2324,2421,97,True
85,453,2324,2507,183,True
88,469,2324,2507,183,True
2,480,2325,2442,117,True
3,489,2325,2469,144,True
6,456,2325,2469,144,True
14,472,2325,2371,46,True
20,453,2325,2386,61,True
21,442,2325,2386,61,True
22,491,2325,2469,144,True
30,476,2325,2469,144,True
33,451,2325,2469,144,True
37,448,2325,2469,144,True
40,516,2325,2469,144,True
51,463,2325,2421,96,True
54,516,2325,2421,96,True
55,411,2325,2507,182,True
61,456,2325,2371,46,True
67,453,2325,2443,118,True
74,481,2325,2421,96,True
77,470,2325,2421,96,True
78,492,2325,2507,182,True
94,473,2325,2421,96,True
2,481,2326,2469,143,True
4,465,2326,2469,143,True
10,445,2326,2469,143,True
11,451,2326,2386,60,True
18,460,2326,2469,143,True
19,441,2326,2442,116,True
20,454,2326,2386,60,True
23,481,2326,2469,143,True
25,465,2326,2442,116,True
30,477,2326,2469,143,True
32,449,2326,2469,143,True
36,480,2326,2469,143,True
38,447,2326,2469,143,True
39,446,2326,2469,143,True
41,493,2326,2469,143,True
42,490,2326,2469,143,True
55,412,2326,2507,181,True
56,464,2326,2421,95,True
60,451,2326,2421,95,True
63,491,2326,2507,181,True
64,480,2326,2390,64,True
67,454,2326,2443,117,True
84,477,2326,2421,95,True
85,454,2326,2507,181,True
2,482,2327,2469,142,True
13,480,2327,2442,115,True
28,484,2327,2442,115,True
50,459,2327,2421,94,True
55,413,2327,2507,180,True
56,465,2327,2421,94,True
64,481,2327,2390,63,True
71,477,2327,2507,180,True
73,461,2327,2421,94,True
78,493,2327,2507,180,True
85,455,2327,2507,180,True
86,474,2327,2390,63,True
92,491,2327,2421,94,True
95,475,2327,2421,94,True
96,428,2327,2507,180,True
99,458,2327,2421,94,True
4,466,2328,2469,141,True
5,468,2328,2469,141,True
12,473,2328,2469,141,True
13,481,2328,2469,141,True
18,461,2328,2469,141,True
24,425,2328,2469,141,True
30,478,2328,2469,141,True
31,471,2328,2442,114,True
36,481,2328,2469,141,True
46,466,2328,2469,141,True
49,479,2328,2469,141,True
50,460,2328,2421,93,True
51,464,2328,2443,115,True
58,459,2328,2443,115,True
59,473,2328,2443,115,True
63,492,2328,2507,179,True
73,462,2328,2421,93,True
77,471,2328,2421,93,True
80,505,2328,2421,93,True
89,458,2328,2507,179,True
90,474,2328,2421,93,True
91,458,2328,2443,115,True
4,467,2329,2469,140,True
5,469,2329,2469,140,True
7,435,2329,2469,140,True
10,446,2329,2469,140,True
18,462,2329,2469,140,True
19,442,2329,2469,140,True
20,455,2329,2386,57,True
29,449,2329,2386,57,True
32,450,2329,2469,140,True
33,452,2329,2469,140,True
38,448,2329,2469,140,True
47,433,2329,2469,140,True
48,485,2329,2469,140,True
49,480,2329,2469,140,True
51,465,2329,2443,114,True
53,447,2329,2443,114,True
60,452,2329,2507,178,True
61,457,2329,2408,79,True
70,485,2329,2408,79,True
73,463,2329,2421,92,True
74,482,2329,2443,114,True
76,476,2329,2421,92,True
82,474,2329,2421,92,True
83,456,2329,2443,114,True
87,436,2329,2443,114,True
96,429,2329,2507,178,True
4,468,2330,2469,139,True
10,447,2330,2469,139,True
11,452,2330,2386,56,True
15,476,2330,2442,112,True
17,436,2330,2469,139,True
22,492,2330,2469,139,True
23,482,2330,2469,139,True
28,485,2330,2469,139,True
30,479,2330,2469,139,True
33,453,2330,2469,139,True
35,469,2330,2442,112,True
39,447,2330,2469,139,True
48,486,2330,2469,139,True
49,481,2330,2469,139,True
52,455,2330,,,False
54,517,2330,2421,91,True
57,460,2330,2390,60,True
62,452,2330,2421,91,True
68,478,2330,2421,91,True
74,483,2330,2443,113,True
76,477,2330,2421,91,True
77,472,2330,2443,113,True
79,422,2330,2421,91,True
81,427,2330,2443,113,True
87,437,2330,2443,113,True
92,492,2330,2421,91,True
0,509,2331,2386,55,True
3,490,2331,2469,138,True
4,469,2331,2469,138,True
14,473,2331,2390,59,True
17,437,2331,2469,138,True
19,443,2331,2469,138,True
23,483,2331,2469,138,True
34,440,2331,2442,111,True
35,470,2331,2442,111,True
41,494,2331,2469,138,True
46,467,2331,2469,138,True
51,466,2331,2443,112,True
52,456,2331,,,False
64,482,2331,2390,59,True
67,455,2331,2443,112,True
72,457,2331,2443,112,True
89,459,2331,2507,176,True
96,430,2331,2507,176,True
2,483,2332,2469,137,True
16,496,2332,2469,137,True
23,484,2332,2469,137,True
27,480,2332,2469,137,True
36,482,2332,2469,137,True
47,434,2332,2469,137,True
48,487,2332,2469,137,True
49,482,2332,2469,137,True
50,461,2332,2421,89,True
55,414,2332,2507,175,True
72,458,2332,2443,111,True
73,464,2332,2421,89,True
82,475,2332,2421,89,True
89,460,2332,2507,175,True
91,459,2332,2443,111,True
92,493,2332,2421,89,True
97,446,2332,2421,89,True
5,470,2333,2469,136,True
23,485,2333,2469,136,True
32,451,2333,2469,136,True
34,441,2333,2442,109,True
35,471,2333,2442,109,True
53,448,2333,2443,110,True
62,453,2333,2421,88,True
63,493,2333,2507,174,True
66,456,2333,2507,174,True
67,456,2333,2443,110,True
70,486,2333,2421,88,True
71,478,2333,2507,174,True
73,465,2333,2421,88,True
76,478,2333,2421,88,True
77,473,2333,2443,110,True
79,423,2333,2421,88,True
80,506,2333,2443,110,True
84,478,2333,2421,88,True
87,438,2333,2443,110,True
91,460,2333,2443,110,True
3,491,2334,2469,135,True
4,470,2334,2469,135,True
6,457,2334,2469,135,True
8,466,2334,2469,135,True
11,453,2334,2469,135,True
12,474,2334,2469,135,True
13,482,2334,2469,135,True
17,438,2334,2469,135,True
18,463,2334,2469,135,True
24,426,2334,2469,135,True
33,454,2334,2469,135,True
47,435,2334,2469,135,True
48,488,2334,2469,135,True
58,460,2334,2443,109,True
60,453,2334,2507,173,True
62,454,2334,2421,87,True
65,462,2334,2421,87,True
69,504,2334,2443,109,True
74,484,2334,2443,109,True
80,507,2334,2443,109,True
84,479,2334,2421,87,True
86,475,2334,2421,87,True
88,470,2334,2507,173,True
7,436,2335,2469,134,True
8,467,2335,2469,134,True
11,454,2335,2469,134,True
12,475,2335,2469,134,True
22,493,2335,2469,134,True
23,486,2335,2469,134,True
29,450,2335,2386,51,True
31,472,2335,2469,134,True
37,449,2335,2469,134,True
38,449,2335,2469,134,True
44,473,2335,2469,134,True
51,467,2335,2443,108,True
55,415,2335,2507,172,True
67,457,2335,2443,108,True
73,466,2335,2443,108,True
74,485,2335,2443,108,True
82,476,2335,2443,108,True
84,480,2335,2421,86,True
87,439,2335,2443,108,True
88,471,2335,2507,172,True
93,454,2335,2507,172,True
96,431,2335,2507,172,True
5,471,2336,2469,133,True
6,458,2336,2469,133,True
19,444,2336,2469,133,True
22,494,2336,2469,133,True
24,427,2336,2469,133,True
28,486,2336,2469,133,True
44,474,2336,2469,133,True
47,436,2336,2469,133,True
49,483,2336,2469,133,True
60,454,2336,2507,171,True
71,479,2336,2507,171,True
72,459,2336,2443,107,True
79,424,2336,2421,85,True
86,476,2336,2443,107,True
87,440,2336,2443,107,True
88,472,2336,2507,171,True
90,475,2336,2507,171,True
91,461,2336,2443,107,True
17,439,2337,2469,132,True
25,466,2337,2469,132,True
28,487,2337,2469,132,True
29,451,2337,2469,132,True
31,473,2337,2469,132,True
36,483,2337,2469,132,True
37,450,2337,2469,132,True
46,468,2337,2469,132,True
53,449,2337,2507,170,True
58,461,2337,2507,170,True
59,474,2337,2443,106,True
62,455,2337,2443,106,True
64,483,2337,2443,106,True
66,457,2337,2507,170,True
76,479,2337,2421,84,True
77,474,2337,2443,106,True
82,477,2337,2443,106,True
83,457,2337,2443,106,True
84,481,2337,2421,84,True
86,477,2337,2443,106,True
93,455,2337,2507,170,True
99,459,2337,2443,106,True
6,459,2338,2469,131,True
7,437,2338,2469,131,True
11,455,2338,2469,131,True
20,456,2338,2442,104,True
25,467,2338,2469,131,True
34,442,2338,2469,131,True
35,472,2338,2442,104,True
44,475,2338,2469,131,True
48,489,2338,2469,131,True
50,462,2338,2421,83,True
52,457,2338,,,False
55,416,2338,2507,169,True
69,505,2338,2443,105,True
76,480,2338,2421,83,True
77,475,2338,2443,105,True
79,425,2338,2421,83,True
86,478,2338,2443,105,True
88,473,2338,2507,169,True
91,462,2338,2443,105,True
96,432,2338,2507,169,True
0,510,2339,2469,130,True
4,471,2339,2469,130,True
12,476,2339,2469,130,True
17,440,2339,2469,130,True
39,448,2339,2469,130,True
45,442,2339,2442,103,True
48,490,2339,2469,130,True
50,463,2339,2421,82,True
53,450,2339,2507,168,True
56,466,2339,2443,104,True
64,484,2339,2443,104,True
65,463,2339,2421,82,True
71,480,2339,2507,168,True
74,486,2339,2443,104,True
85,456,2339,2507,168,True
93,456,2339,2507,168,True
94,474,2339,2443,104,True
8,468,2340,2469,129,True
10,448,2340,2469,129,True
12,477,2340,2469,129,True
27,481,2340,2469,129,True
32,452,2340,2469,129,True
35,473,2340,2469,129,True
39,449,2340,2469,129,True
43,446,2340,2469,129,True
47,437,2340,2469,129,True
52,458,2340,,,False
68,479,2340,2443,103,True
69,506,2340,2443,103,True
70,487,2340,2421,81,True
76,481,2340,2421,81,True
83,458,2340,2443,103,True
90,476,2340,2507,167,True
96,433,2340,2507,167,True
2,484,2341,2469,128,True
3,492,2341,2469,128,True
4,472,2341,2469,128,True
8,469,2341,2469,128,True
12,478,2341,2469,128,True
14,474,2341,2390,49,True
18,464,2341,2469,128,True
21,443,2341,2386,45,True
23,487,2341,2469,128,True
25,468,2341,2469,128,True
26,467,2341,2469,128,True
31,474,2341,2469,128,True
32,453,2341,2469,128,True
35,474,2341,2469,128,True
38,450,2341,2469,128,True
40,517,2341,2469,128,True
42,491,2341,2469,128,True
45,443,2341,2442,101,True
46,469,2341,2469,128,True
53,451,2341,2507,166,True
56,467,2341,2443,102,True
61,458,2341,2421,80,True
62,456,2341,2443,102,True
65,464,2341,2421,80,True
67,458,2341,2443,102,True
68,480,2341,2443,102,True
70,488,2341,2421,80,True
71,481,2341,2507,166,True
77,476,2341,2443,102,True
82,478,2341,2443,102,True
91,463,2341,2507,166,True
92,494,2341,2507,166,True
93,457,2341,2507,166,True
94,475,2341,2443,102,True
99,460,2341,2443,102,True
0,511,2342,2469,127,True
1,473,2342,2469,127,True
9,487,2342,2469,127,True
10,449,2342,2469,127,True
14,475,2342,2390,48,True
15,477,2342,2442,100,True
16,497,2342,2469,127,True
26,468,2342,2469,127,True
37,451,2342,2469,127,True
43,447,2342,2469,127,True
50,464,2342,2443,101,True
51,468,2342,2443,101,True
55,417,2342,2507,165,True
60,455,2342,2507,165,True
72,460,2342,2443,101,True
83,459,2342,2443,101,True
88,474,2342,2507,165,True
91,464,2342,2507,165,True
95,476,2342,2443,101,True
7,438,2343,2469,126,True
16,498,2343,2469,126,True
29,452,2343,2469,126,True
37,452,2343,2469,126,True
39,450,2343,2469,126,True
48,491,2343,2469,126,True
59,475,2343,2443,100,True
69,507,2343,2507,164,True
70,489,2343,2421,78,True
78,494,2343,2507,164,True
90,477,2343,2507,164,True
92,495,2343,2507,164,True
96,434,2343,2507,164,True
5,472,2344,2469,125,True
9,488,2344,2469,125,True
14,476,2344,2469,125,True
21,444,2344,2469,125,True
22,495,2344,2469,125,True
26,469,2344,2469,125,True
33,455,2344,2469,125,True
45,444,2344,2442,98,True
46,470,2344,2469,125,True
48,492,2344,2469,125,True
50,465,2344,2443,99,True
52,459,2344,,,False
57,461,2344,2421,77,True
59,476,2344,2443,99,True
62,457,2344,2443,99,True
72,461,2344,2443,99,True
77,477,2344,2507,163,True
86,479,2344,2443,99,True
87,441,2344,2443,99,True
91,465,2344,2507,163,True
93,458,2344,2507,163,True
99,461,2344,2443,99,True
1,474,2345,2469,124,True
8,470,2345,2469,124,True
9,489,2345,2469,124,True
15,478,2345,2442,97,True
16,499,2345,2469,124,True
18,465,2345,2469,124,True
24,428,2345,2469,124,True
32,454,2345,2469,124,True
38,451,2345,2469,124,True
42,492,2345,2469,124,True
45,445,2345,2442,97,True
50,466,2345,2443,98,True
66,458,2345,2507,162,True
68,481,2345,2443,98,True
70,490,2345,2421,76,True
75,467,2345,2443,98,True
84,482,2345,2443,98,True
93,459,2345,2507,162,True
95,477,2345,2443,98,True
6,460,2346,2469,123,True
9,490,2346,2469,123,True
12,479,2346,2469,123,True
14,477,2346,2469,123,True
21,445,2346,2469,123,True
23,488,2346,2469,123,True
31,475,2346,2469,123,True
35,475,2346,2469,123,True
36,484,2346,2469,123,True
44,476,2346,2469,123,True
53,452,2346,2507,161,True
63,494,2346,2507,161,True
65,465,2346,2443,97,True
68,482,2346,2443,97,True
74,487,2346,2507,161,True
76,482,2346,2443,97,True
81,428,2346,2507,161,True
87,442,2346,2443,97,True
88,475,2346,2507,161,True
95,478,2346,2443,97,True
99,462,2346,2443,97,True
0,512,2347,2469,122,True
1,475,2347,2469,122,True
2,485,2347,2469,122,True
12,480,2347,2469,122,True
23,489,2347,2469,122,True
29,453,2347,2469,122,True
31,476,2347,2469,122,True
34,443,2347,2469,122,True
35,476,2347,2469,122,True
45,446,2347,2442,95,True
53,453,2347,2507,160,True
55,418,2347,2507,160,True
61,459,2347,2443,96,True
67,459,2347,2443,96,True
68,483,2347,2443,96,True
77,478,2347,2507,160,True
80,508,2347,2443,96,True
82,479,2347,2507,160,True
83,460,2347,2507,160,True
85,457,2347,2507,160,True
87,443,2347,2507,160,True
94,476,2347,2443,96,True
6,461,2348,2469,121,True
11,456,2348,2469,121,True
15,479,2348,2442,94,True
18,466,2348,2469,121,True
24,429,2348,2469,121,True
35,477,2348,2469,121,True
38,452,2348,2469,121,True
45,447,2348,2442,94,True
46,471,2348,2469,121,True
47,438,2348,2469,121,True
51,469,2348,2443,95,True
53,454,2348,2507,159,True
64,485,2348,2443,95,True
65,466,2348,2443,95,True
70,491,2348,2443,95,True
75,468,2348,2443,95,True
78,495,2348,2507,159,True
80,509,2348,2443,95,True
82,480,2348,2507,159,True
94,477,2348,2443,95,True
99,463,2348,2443,95,True
4,473,2349,2469,120,True
5,473,2349,2469,120,True
7,439,2349,2469,120,True
10,450,2349,2469,120,True
16,500,2349,2469,120,True
27,482,2349,2469,120,True
28,488,2349,2469,120,True
33,456,2349,2469,120,True
34,444,2349,2469,120,True
41,495,2349,2469,120,True
44,477,2349,2469,120,True
47,439,2349,2469,120,True
49,484,2349,2469,120,True
51,470,2349,2443,94,True
54,518,2349,2443,94,True
55,419,2349,2507,158,True
56,468,2349,2443,94,True
57,462,2349,2421,72,True
58,462,2349,2507,158,True
64,486,2349,2443,94,True
65,467,2349,2443,94,True
73,467,2349,2507,158,True
79,426,2349,2443,94,True
90,478,2349,2507,158,True
92,496,2349,2507,158,True
94,478,2349,2443,94,True
95,479,2349,2507,158,True
96,435,2349,2507,158,True
98,439,2349,2443,94,True
99,464,2349,2507,158,True
1,476,2350,2469,119,True
3,493,2350,2469,119,True
5,474,2350,2469,119,True
7,440,2350,2469,119,True
10,451,2350,2469,119,True
22,496,2350,2469,119,True
28,489,2350,2469,119,True
45,448,2350,2442,92,True
51,471,2350,2443,93,True
60,456,2350,2507,157,True
77,479,2350,2507,157,True
81,429,2350,2507,157,True
85,458,2350,2507,157,True
94,479,2350,2443,93,True
0,513,2351,2469,118,True
2,486,2351,2469,118,True
5,475,2351,2469,118,True
6,462,2351,2469,118,True
10,452,2351,2469,118,True
13,483,2351,2469,118,True
19,445,2351,2469,118,True
20,457,2351,2442,91,True
22,497,2351,2469,118,True
30,480,2351,2469,118,True
35,478,2351,2469,118,True
36,485,2351,2469,118,True
43,448,2351,2469,118,True
46,472,2351,2469,118,True
50,467,2351,2443,92,True
68,484,2351,2443,92,True
78,496,2351,2507,156,True
86,480,2351,2443,92,True
87,444,2351,2507,156,True
88,476,2351,2507,156,True
91,466,2351,2507,156,True
97,447,2351,2443,92,True
1,477,2352,2469,117,True
16,501,2352,2469,117,True
25,469,2352,2469,117,True
31,477,2352,2469,117,True
33,457,2352,2469,117,True
44,478,2352,2469,117,True
58,463,2352,2507,155,True
60,457,2352,2507,155,True
65,468,2352,2443,91,True
68,485,2352,2443,91,True
85,459,2352,2507,155,True
87,445,2352,2507,155,True
93,460,2352,2507,155,True
96,436,2352,2507,155,True
98,440,2352,2443,91,True
99,465,2352,2507,155,True
1,478,2353,2469,116,True
2,487,2353,2469,116,True
5,476,2353,2469,116,True
10,453,2353,2469,116,True
16,502,2353,2469,116,True
22,498,2353,2469,116,True
24,430,2353,2469,116,True
27,483,2353,2469,116,True
30,481,2353,2469,116,True
31,478,2353,2469,116,True
32,455,2353,2469,116,True
40,518,2353,2469,116,True
52,460,2353,,,False
59,477,2353,2443,90,True
63,495,2353,2507,154,True
75,469,2353,2507,154,True
80,510,2353,2443,90,True
88,477,2353,2507,154,True
99,466,2353,2507,154,True
5,477,2354,2469,115,True
20,458,2354,2442,88,True
21,446,2354,2469,115,True
29,454,2354,2469,115,True
35,479,2354,2469,115,True
36,486,2354,2469,115,True
37,453,2354,2469,115,True
46,473,2354,2469,115,True
50,468,2354,2507,153,True
54,519,2354,2443,89,True
55,420,2354,2507,153,True
56,469,2354,2443,89,True
57,463,2354,2443,89,True
59,478,2354,2507,153,True
63,496,2354,2507,153,True
64,487,2354,2443,89,True
75,470,2354,2507,153,True
76,483,2354,2507,153,True
77,480,2354,2507,153,True
81,430,2354,2507,153,True
94,480,2354,2443,89,True
95,480,2354,2507,153,True
0,514,2355,2469,114,True
7,441,2355,2469,114,True
9,491,2355,2469,114,True
11,457,2355,2469,114,True
13,484,2355,2469,114,True
26,470,2355,2469,114,True
29,455,2355,2469,114,True
32,456,2355,2469,114,True
36,487,2355,2469,114,True
43,449,2355,2469,114,True
44,479,2355,2469,114,True
59,479,2355,2507,152,True
61,460,2355,2443,88,True
80,511,2355,2443,88,True
81,431,2355,2507,152,True
90,479,2355,2507,152,True
92,497,2355,2507,152,True
5,478,2356,2469,113,True
7,442,2356,2469,113,True
11,458,2356,2469,113,True
14,478,2356,2518,162,True
15,480,2356,2469,113,True
19,446,2356,2469,113,True
22,499,2356,2469,113,True
27,484,2356,2469,113,True
31,479,2356,2469,113,True
32,457,2356,2469,113,True
34,445,2356,2469,113,True
41,496,2356,2469,113,True
44,480,2356,2518,162,True
50,469,2356,2507,151,True
52,461,2356,,,False
55,421,2356,2507,151,True
56,470,2356,2443,87,True
64,488,2356,2443,87,True
65,469,2356,2443,87,True
82,481,2356,2507,151,True
85,460,2356,2507,151,True
5,479,2357,2469,112,True
11,459,2357,2469,112,True
16,503,2357,2469,112,True
20,459,2357,2442,85,True
21,447,2357,2469,112,True
24,431,2357,2469,112,True
33,458,2357,2469,112,True
38,453,2357,2469,112,True
43,450,2357,2469,112,True
56,471,2357,2507,150,True
65,470,2357,2443,86,True
66,459,2357,2507,150,True
68,486,2357,2507,150,True
70,492,2357,2507,150,True
71,482,2357,2507,150,True
75,471,2357,2507,150,True
79,427,2357,2443,86,True
81,432,2357,2507,150,True
82,482,2357,2507,150,True
86,481,2357,2507,150,True
87,446,2357,2507,150,True
94,481,2357,2507,150,True
95,481,2357,2507,150,True
5,480,2358,2469,111,True
6,463,2358,2469,111,True
7,443,2358,2469,111,True
8,471,2358,2469,111,True
10,454,2358,2469,111,True
12,481,2358,2469,111,True
13,485,2358,2469,111,True
16,504,2358,2469,111,True
24,432,2358,2469,111,True
28,490,2358,2469,111,True
44,481,2358,2518,160,True
49,485,2358,2469,111,True
55,422,2358,2507,149,True
57,464,2358,2443,85,True
81,433,2358,2507,149,True
84,483,2358,2507,149,True
87,447,2358,2507,149,True
89,461,2358,2507,149,True
90,480,2358,2507,149,True
91,467,2358,2507,149,True
9,492,2359,2469,110,True
13,486,2359,2469,110,True
16,505,2359,2469,110,True
22,500,2359,2469,110,True
31,480,2359,2469,110,True
41,497,2359,2469,110,True
42,493,2359,2469,110,True
44,482,2359,2518,159,True
47,440,2359,2469,110,True
50,470,2359,2507,148,True
53,455,2359,2507,148,True
55,423,2359,2507,148,True
57,465,2359,2443,84,True
58,464,2359,2507,148,True
71,483,2359,2507,148,True
77,481,2359,2507,148,True
86,482,2359,2507,148,True
4,474,2360,2469,109,True
8,472,2360,2469,109,True
9,493,2360,2469,109,True
22,501,2360,2469,109,True
23,490,2360,2469,109,True
29,456,2360,2469,109,True
58,465,2360,2507,147,True
65,471,2360,2443,83,True
69,508,2360,2507,147,True
74,488,2360,2507,147,True
80,512,2360,2507,147,True
94,482,2360,2507,147,True
95,482,2360,2507,147,True
96,437,2360,2507,147,True
98,441,2360,2443,83,True
99,467,2360,2507,147,True
0,515,2361,2518,157,True
1,479,2361,2469,108,True
13,487,2361,2469,108,True
15,481,2361,2469,108,True
21,448,2361,2469,108,True
22,502,2361,2469,108,True
24,433,2361,2469,108,True
31,481,2361,2469,108,True
33,459,2361,2469,108,True
34,446,2361,2469,108,True
46,474,2361,2469,108,True
51,472,2361,2507,146,True
62,458,2361,2507,146,True
66,460,2361,2507,146,True
78,497,2361,2507,146,True
87,448,2361,2507,146,True
91,468,2361,2507,146,True
96,438,2361,2507,146,True
99,468,2361,2507,146,True
1,480,2362,2469,107,True
12,482,2362,2469,107,True
16,506,2362,2469,107,True
22,503,2362,2469,107,True
52,462,2362,,,False
64,489,2362,2443,81,True
74,489,2362,2507,145,True
77,482,2362,2507,145,True
82,483,2362,2507,145,True
89,462,2362,2507,145,True
94,483,2362,2507,145,True
99,469,2362,2507,145,True
7,444,2363,2469,106,True
8,473,2363,2469,106,True
11,460,2363,2469,106,True
13,488,2363,2469,106,True
24,434,2363,2469,106,True
26,471,2363,2469,106,True
40,519,2363,2469,106,True
43,451,2363,2469,106,True
53,456,2363,2507,144,True
55,424,2363,2507,144,True
60,458,2363,2507,144,True
61,461,2363,2443,80,True
67,460,2363,2507,144,True
75,472,2363,2507,144,True
76,484,2363,2507,144,True
86,483,2363,2507,144,True
95,483,2363,2507,144,True
98,442,2363,2443,80,True
1,481,2364,2469,105,True
11,461,2364,2469,105,True
12,483,2364,2469,105,True
17,441,2364,2469,105,True
18,467,2364,2469,105,True
24,435,2364,2469,105,True
40,520,2364,2469,105,True
46,475,2364,2469,105,True
47,441,2364,2469,105,True
53,457,2364,2507,143,True
55,425,2364,2507,143,True
58,466,2364,2507,143,True
60,459,2364,2507,143,True
61,462,2364,2443,79,True
63,497,2364,2507,143,True
64,490,2364,2443,79,True
65,472,2364,2507,143,True
67,461,2364,2507,143,True
71,484,2364,2507,143,True
76,485,2364,2507,143,True
81,434,2364,2507,143,True
88,478,2364,2507,143,True
93,461,2364,2507,143,True
95,484,2364,2507,143,True
96,439,2364,2507,143,True
97,448,2364,2507,143,True
99,470,2364,2507,143,True
1,482,2365,2469,104,True
7,445,2365,2469,104,True
9,494,2365,2469,104,True
10,455,2365,2469,104,True
14,479,2365,2518,153,True
17,442,2365,2469,104,True
30,482,2365,2469,104,True
33,460,2365,2469,104,True
39,451,2365,2469,104,True
43,452,2365,2469,104,True
47,442,2365,2469,104,True
51,473,2365,2507,142,True
56,472,2365,2507,142,True
59,480,2365,2507,142,True
62,459,2365,2507,142,True
64,491,2365,2443,78,True
66,461,2365,2507,142,True
70,493,2365,2507,142,True
71,485,2365,2507,142,True
73,468,2365,2507,142,True
79,428,2365,2507,142,True
80,513,2365,2507,142,True
85,461,2365,2507,142,True
97,449,2365,2507,142,True
98,443,2365,2443,78,True
4,475,2366,2469,103,True
14,480,2366,2518,152,True
16,507,2366,2469,103,True
29,457,2366,2469,103,True
31,482,2366,2469,103,True
36,488,2366,2469,103,True
45,449,2366,2469,103,True
46,476,2366,2469,103,True
48,493,2366,2469,103,True
49,486,2366,2469,103,True
53,458,2366,2507,141,True
57,466,2366,2443,77,True
69,509,2366,2507,141,True
74,490,2366,2507,141,True
76,486,2366,2507,141,True
79,429,2366,2507,141,True
86,484,2366,2507,141,True
88,479,2366,2507,141,True
91,469,2366,2507,141,True
92,498,2366,2507,141,True
94,484,2366,2507,141,True
96,440,2366,2507,141,True
97,450,2366,2507,141,True
0,516,2367,2518,151,True
9,495,2367,2469,102,True
13,489,2367,2469,102,True
17,443,2367,2469,102,True
22,504,2367,2469,102,True
23,491,2367,2469,102,True
24,436,2367,2469,102,True
28,491,2367,2469,102,True
31,483,2367,2469,102,True
33,461,2367,2469,102,True
35,480,2367,2469,102,True
36,489,2367,2469,102,True
43,453,2367,2469,102,True
53,459,2367,2507,140,True
55,426,2367,2507,140,True
58,467,2367,2507,140,True
59,481,2367,2507,140,True
61,463,2367,2443,76,True
62,460,2367,2507,140,True
68,487,2367,2507,140,True
69,510,2367,2507,140,True
85,462,2367,2507,140,True
88,480,2367,2507,140,True
6,464,2368,2469,101,True
7,446,2368,2469,101,True
21,449,2368,2469,101,True
22,505,2368,2469,101,True
43,454,2368,2469,101,True
44,483,2368,2518,150,True
48,494,2368,2469,101,True
49,487,2368,2469,101,True
57,467,2368,2443,75,True
58,468,2368,2507,139,True
62,461,2368,2507,139,True
65,473,2368,2507,139,True
66,462,2368,2507,139,True
77,483,2368,2507,139,True
79,430,2368,2507,139,True
80,514,2368,2507,139,True
83,461,2368,2507,139,True
92,499,2368,2507,139,True
94,485,2368,2507,139,True
98,444,2368,2443,75,True
7,447,2369,2469,100,True
15,482,2369,2469,100,True
19,447,2369,2469,100,True
20,460,2369,2469,100,True
23,492,2369,2469,100,True
31,484,2369,2469,100,True
34,447,2369,2469,100,True
43,455,2369,2469,100,True
46,477,2369,2469,100,True
54,520,2369,2507,138,True
63,498,2369,2507,138,True
64,492,2369,2443,74,True
67,462,2369,2507,138,True
82,484,2369,2507,138,True
86,485,2369,2507,138,True
89,463,2369,2507,138,True
93,462,2369,2507,138,True
94,486,2369,2507,138,True
95,485,2369,2507,138,True
96,441,2369,2507,138,True
4,476,2370,2469,99,True
7,448,2370,2469,99,True
11,462,2370,2469,99,True
14,481,2370,2518,148,True
23,493,2370,2469,99,True
26,472,2370,2469,99,True
31,485,2370,2469,99,True
33,462,2370,2469,99,True
42,494,2370,2469,99,True
52,463,2370,,,False
61,464,2370,2443,73,True
66,463,2370,2507,137,True
67,463,2370,2507,137,True
3,494,2371,2469,98,True
6,465,2371,2469,98,True
10,456,2371,2469,98,True
11,463,2371,2469,98,True
19,448,2371,2469,98,True
22,506,2371,2469,98,True
23,494,2371,2469,98,True
27,485,2371,2469,98,True
34,448,2371,2469,98,True
43,456,2371,2469,98,True
44,484,2371,2518,147,True
60,460,2371,2507,136,True
62,462,2371,2507,136,True
65,474,2371,2507,136,True
66,464,2371,2507,136,True
67,464,2371,2507,136,True
68,488,2371,2507,136,True
74,491,2371,2507,136,True
76,487,2371,2507,136,True
79,431,2371,2507,136,True
83,462,2371,2507,136,True
89,464,2371,2507,136,True
91,470,2371,2507,136,True
95,486,2371,2507,136,True
9,496,2372,2469,97,True
19,449,2372,2469,97,True
20,461,2372,2469,97,True
25,470,2372,2469,97,True
32,458,2372,2469,97,True
33,463,2372,2469,97,True
35,481,2372,2469,97,True
38,454,2372,2469,97,True
46,478,2372,2469,97,True
48,495,2372,2469,97,True
49,488,2372,2469,97,True
68,489,2372,2507,135,True
69,511,2372,2507,135,True
81,435,2372,2507,135,True
87,449,2372,2507,135,True
91,471,2372,2507,135,True
93,463,2372,2507,135,True
97,451,2372,2507,135,True
8,474,2373,2518,145,True
26,473,2373,2469,96,True
30,483,2373,2469,96,True
31,486,2373,2469,96,True
34,449,2373,2469,96,True
40,521,2373,2518,145,True
41,498,2373,2518,145,True
42,495,2373,2469,96,True
47,443,2373,2518,145,True
50,471,2373,2507,134,True
52,464,2373,,,False
54,521,2373,2507,134,True
56,473,2373,2507,134,True
57,468,2373,2507,134,True
59,482,2373,2507,134,True
60,461,2373,2507,134,True
79,432,2373,2507,134,True
90,481,2373,2507,134,True
91,472,2373,2507,134,True
92,500,2373,2507,134,True
96,442,2373,2507,134,True
0,517,2374,2518,144,True
6,466,2374,2469,95,True
15,483,2374,2469,95,True
18,468,2374,2469,95,True
21,450,2374,2518,144,True
25,471,2374,2469,95,True
38,455,2374,2469,95,True
44,485,2374,2518,144,True
46,479,2374,2469,95,True
49,489,2374,2469,95,True
50,472,2374,2507,133,True
55,427,2374,2507,133,True
57,469,2374,2507,133,True
58,469,2374,2507,133,True
65,475,2374,2507,133,True
72,462,2374,2507,133,True
74,492,2374,2507,133,True
78,498,2374,2507,133,True
79,433,2374,2507,133,True
88,481,2374,2507,133,True
98,445,2374,2443,69,True
0,518,2375,2518,143,True
3,495,2375,2469,94,True
13,490,2375,2469,94,True
31,487,2375,2469,94,True
34,450,2375,2469,94,True
35,482,2375,2469,94,True
40,522,2375,2518,143,True
45,450,2375,2469,94,True
47,444,2375,2518,143,True
48,496,2375,2469,94,True
54,522,2375,2507,132,True
60,462,2375,2507,132,True
62,463,2375,2507,132,True
68,490,2375,2507,132,True
71,486,2375,2507,132,True
80,515,2375,2507,132,True
84,484,2375,2507,132,True
0,519,2376,2518,142,True
2,488,2376,2469,93,True
4,477,2376,2469,93,True
6,467,2376,2469,93,True
14,482,2376,2518,142,True
15,484,2376,2469,93,True
32,459,2376,2469,93,True
34,451,2376,2469,93,True
35,483,2376,2469,93,True
38,456,2376,2469,93,True
44,486,2376,2518,142,True
47,445,2376,2518,142,True
60,463,2376,2507,131,True
75,473,2376,2507,131,True
77,484,2376,2507,131,True
78,499,2376,2507,131,True
80,516,2376,2507,131,True
84,485,2376,2507,131,True
89,465,2376,2507,131,True
93,464,2376,2507,131,True
0,520,2377,2518,141,True
1,483,2377,2518,141,True
3,496,2377,2469,92,True
14,483,2377,2518,141,True
18,469,2377,2469,92,True
23,495,2377,2518,141,True
27,486,2377,2469,92,True
39,452,2377,2469,92,True
53,460,2377,2552,175,True
60,464,2377,2507,130,True
64,493,2377,2507,130,True
65,476,2377,2507,130,True
75,474,2377,2507,130,True
81,436,2377,2507,130,True
88,482,2377,2507,130,True
90,482,2377,2507,130,True
92,501,2377,2507,130,True
94,487,2377,2507,130,True
6,468,2378,2469,91,True
7,449,2378,2469,91,True
9,497,2378,2469,91,True
14,484,2378,2518,140,True
18,470,2378,2469,91,True
22,507,2378,2469,91,True
26,474,2378,2518,140,True
30,484,2378,2469,91,True
37,454,2378,2469,91,True
42,496,2378,2518,140,True
53,461,2378,2552,174,True
63,499,2378,2507,129,True
65,477,2378,2507,129,True
73,469,2378,2507,129,True
74,493,2378,2507,129,True
80,517,2378,2507,129,True
82,485,2378,2507,129,True
85,463,2378,2507,129,True
93,465,2378,2507,129,True
0,521,2379,2518,139,True
3,497,2379,2469,90,True
4,478,2379,2469,90,True
8,475,2379,2518,139,True
9,498,2379,2469,90,True
10,457,2379,2518,139,True
14,485,2379,2518,139,True
16,508,2379,2469,90,True
17,444,2379,2518,139,True
20,462,2379,2469,90,True
22,508,2379,2469,90,True
32,460,2379,2518,139,True
50,473,2379,2507,128,True
55,428,2379,2507,128,True
56,474,2379,2507,128,True
58,470,2379,2507,128,True
69,512,2379,2507,128,True
75,475,2379,2507,128,True
76,488,2379,2507,128,True
80,518,2379,2507,128,True
84,486,2379,2507,128,True
88,483,2379,2507,128,True
92,502,2379,2507,128,True
1,484,2380,2518,138,True
2,489,2380,2469,89,True
6,469,2380,2469,89,True
14,486,2380,2518,138,True
20,463,2380,2469,89,True
28,492,2380,2469,89,True
32,461,2380,2518,138,True
35,484,2380,2469,89,True
40,523,2380,2518,138,True
46,480,2380,2518,138,True
54,523,2380,2507,127,True
57,470,2380,2507,127,True
61,465,2380,2443,63,True
62,464,2380,2507,127,True
64,494,2380,2507,127,True
66,465,2380,2507,127,True
71,487,2380,2507,127,True
73,470,2380,2507,127,True
81,437,2380,2507,127,True
82,486,2380,2507,127,True
89,466,2380,2507,127,True
97,452,2380,2507,127,True
6,470,2381,2469,88,True
8,476,2381,2518,137,True
11,464,2381,2518,137,True
12,484,2381,2518,137,True
22,509,2381,2518,137,True
28,493,2381,2469,88,True
32,462,2381,2518,137,True
41,499,2381,2518,137,True
51,474,2381,2507,126,True
66,466,2381,2507,126,True
76,489,2381,2507,126,True
79,434,2381,2507,126,True
81,438,2381,2507,126,True
83,463,2381,2507,126,True
84,487,2381,2507,126,True
87,450,2381,2507,126,True
92,503,2381,2507,126,True
93,466,2381,2507,126,True
94,488,2381,2507,126,True
99,471,2381,2507,126,True
14,487,2382,2518,136,True
17,445,2382,2518,136,True
32,463,2382,2518,136,True
34,452,2382,2469,87,True
38,457,2382,2469,87,True
43,457,2382,2469,87,True
50,474,2382,2507,125,True
51,475,2382,2507,125,True
57,471,2382,2507,125,True
61,466,2382,2443,61,True
62,465,2382,2507,125,True
64,495,2382,2507,125,True
70,494,2382,2507,125,True
75,476,2382,2507,125,True
77,485,2382,2507,125,True
85,464,2382,2507,125,True
86,486,2382,2507,125,True
96,443,2382,2507,125,True
2,490,2383,2469,86,True
5,481,2383,2469,86,True
6,471,2383,2469,86,True
8,477,2383,2518,135,True
21,451,2383,2518,135,True
35,485,2383,2469,86,True
39,453,2383,2469,86,True
43,458,2383,2469,86,True
44,487,2383,2518,135,True
45,451,2383,2469,86,True
49,490,2383,2518,135,True
61,467,2383,2443,60,True
62,466,2383,2507,124,True
89,467,2383,2507,124,True
94,489,2383,2507,124,True
98,446,2383,2507,124,True
0,522,2384,2518,134,True
3,498,2384,2518,134,True
4,479,2384,2469,85,True
6,472,2384,2469,85,True
12,485,2384,2518,134,True
13,491,2384,2518,134,True
22,510,2384,2518,134,True
29,458,2384,2518,134,True
35,486,2384,2469,85,True
38,458,2384,2469,85,True
51,476,2384,2507,123,True
68,491,2384,2507,123,True
76,490,2384,2507,123,True
78,500,2384,2507,123,True
79,435,2384,2507,123,True
84,488,2384,2507,123,True
88,484,2384,2507,123,True
92,504,2384,2507,123,True
95,487,2384,2507,123,True
0,523,2385,2518,133,True
12,486,2385,2518,133,True
13,492,2385,2518,133,True
23,496,2385,2518,133,True
33,464,2385,2518,133,True
40,524,2385,2518,133,True
42,497,2385,2518,133,True
46,481,2385,2518,133,True
53,462,2385,2552,167,True
54,524,2385,2507,122,True
55,429,2385,2507,122,True
58,471,2385,2507,122,True
68,492,2385,2507,122,True
70,495,2385,2507,122,True
79,436,2385,2507,122,True
80,519,2385,2507,122,True
86,487,2385,2507,122,True
93,467,2385,2507,122,True
94,490,2385,2507,122,True
95,488,2385,2507,122,True
97,453,2385,2507,122,True
4,480,2386,2469,83,True
7,450,2386,2469,83,True
22,511,2386,2518,132,True
29,459,2386,2518,132,True
39,454,2386,2469,83,True
42,498,2386,2518,132,True
46,482,2386,2518,132,True
59,483,2386,2507,121,True
63,500,2386,2507,121,True
64,496,2386,2507,121,True
66,467,2386,2507,121,True
76,491,2386,2507,121,True
80,520,2386,2507,121,True
87,451,2386,2507,121,True
91,473,2386,2507,121,True
95,489,2386,2507,121,True
2,491,2387,2469,82,True
7,451,2387,2469,82,True
19,450,2387,2469,82,True
21,452,2387,2518,131,True
28,494,2387,2469,82,True
30,485,2387,2469,82,True
31,488,2387,2469,82,True
36,490,2387,2518,131,True
44,488,2387,2518,131,True
47,446,2387,2518,131,True
63,501,2387,2507,120,True
67,465,2387,2507,120,True
70,496,2387,2507,120,True
72,463,2387,2507,120,True
78,501,2387,2507,120,True
80,521,2387,2507,120,True
82,487,2387,2507,120,True
84,489,2387,2507,120,True
91,474,2387,2507,120,True
93,468,2387,2507,120,True
96,444,2387,2507,120,True
6,473,2388,2469,81,True
8,478,2388,2518,130,True
13,493,2388,2518,130,True
19,451,2388,2469,81,True
37,455,2388,2518,130,True
47,447,2388,2518,130,True
52,465,2388,,,False
53,463,2388,2552,164,True
62,467,2388,2507,119,True
73,471,2388,2507,119,True
75,477,2388,2507,119,True
78,502,2388,2507,119,True
83,464,2388,2507,119,True
86,488,2388,2507,119,True
91,475,2388,2507,119,True
94,491,2388,2507,119,True
95,490,2388,2507,119,True
98,447,2388,2507,119,True
4,481,2389,2469,80,True
7,452,2389,2469,80,True
8,479,2389,2518,129,True
10,458,2389,2518,129,True
11,465,2389,2518,129,True
12,487,2389,2518,129,True
17,446,2389,2518,129,True
19,452,2389,2469,80,True
21,453,2389,2518,129,True
22,512,2389,2518,129,True
24,437,2389,2469,80,True
25,472,2389,2469,80,True
27,487,2389,2469,80,True
36,491,2389,2518,129,True
40,525,2389,2518,129,True
44,489,2389,2518,129,True
50,475,2389,2507,118,True
53,464,2389,2552,163,True
59,484,2389,2507,118,True
65,478,2389,2507,118,True
72,464,2389,2507,118,True
82,488,2389,2507,118,True
83,465,2389,2507,118,True
86,489,2389,2507,118,True
93,469,2389,2507,118,True
95,491,2389,2507,118,True
96,445,2389,2507,118,True
99,472,2389,2507,118,True
1,485,2390,2518,128,True
6,474,2390,2469,79,True
13,494,2390,2518,128,True
15,485,2390,2469,79,True
18,471,2390,2469,79,True
24,438,2390,2469,79,True
35,487,2390,2469,79,True
38,459,2390,2469,79,True
42,499,2390,2518,128,True
59,485,2390,2507,117,True
76,492,2390,2507,117,True
78,503,2390,2507,117,True
83,466,2390,2507,117,True
84,490,2390,2507,117,True
89,468,2390,2507,117,True
99,473,2390,2507,117,True
17,447,2391,2518,127,True
21,454,2391,2518,127,True
28,495,2391,2518,127,True
30,486,2391,2469,78,True
32,464,2391,2518,127,True
58,472,2391,2507,116,True
66,468,2391,2507,116,True
69,513,2391,2507,116,True
81,439,2391,2552,161,True
82,489,2391,2507,116,True
84,491,2391,2507,116,True
95,492,2391,2507,116,True
96,446,2391,2507,116,True
97,454,2391,2507,116,True
98,448,2391,2507,116,True
0,524,2392,2518,126,True
1,486,2392,2518,126,True
4,482,2392,2518,126,True
7,453,2392,2518,126,True
8,480,2392,2518,126,True
14,488,2392,2518,126,True
25,473,2392,2469,77,True
26,475,2392,2518,126,True
30,487,2392,2469,77,True
31,489,2392,2469,77,True
34,453,2392,2469,77,True
35,488,2392,2469,77,True
43,459,2392,2469,77,True
47,448,2392,2518,126,True
50,476,2392,2507,115,True
55,430,2392,2507,115,True
57,472,2392,2507,115,True
58,473,2392,2507,115,True
67,466,2392,2507,115,True
69,514,2392,2507,115,True
85,465,2392,2507,115,True
95,493,2392,2507,115,True
3,499,2393,2518,125,True
12,488,2393,2518,125,True
17,448,2393,2518,125,True
18,472,2393,2518,125,True
19,453,2393,2469,76,True
30,488,2393,2469,76,True
31,490,2393,2469,76,True
36,492,2393,2518,125,True
41,500,2393,2518,125,True
43,460,2393,2469,76,True
49,491,2393,2518,125,True
52,466,2393,,,False
58,474,2393,2507,114,True
69,515,2393,2507,114,True
72,465,2393,2507,114,True
80,522,2393,2507,114,True
87,452,2393,2507,114,True
92,505,2393,2507,114,True
96,447,2393,2507,114,True
1,487,2394,2518,124,True
7,454,2394,2518,124,True
20,464,2394,2469,75,True
25,474,2394,2469,75,True
29,460,2394,2518,124,True
38,460,2394,2469,75,True
47,449,2394,2518,124,True
55,431,2394,2507,113,True
58,475,2394,2507,113,True
59,486,2394,2507,113,True
60,465,2394,2507,113,True
61,468,2394,2507,113,True
64,497,2394,2507,113,True
66,469,2394,2507,113,True
67,467,2394,2507,113,True
68,493,2394,2507,113,True
78,504,2394,2507,113,True
82,490,2394,2507,113,True
86,490,2394,2507,113,True
87,453,2394,2507,113,True
92,506,2394,2507,113,True
93,470,2394,2507,113,True
94,492,2394,2507,113,True
7,455,2395,2518,123,True
11,466,2395,2518,123,True
21,455,2395,2518,123,True
26,476,2395,2518,123,True
30,489,2395,2469,74,True
35,489,2395,2469,74,True
37,456,2395,2518,123,True
40,526,2395,2518,123,True
41,501,2395,2518,123,True
46,483,2395,2518,123,True
48,497,2395,2518,123,True
49,492,2395,2518,123,True
52,467,2395,,,False
58,476,2395,2507,112,True
66,470,2395,2507,112,True
88,485,2395,2507,112,True
91,476,2395,2507,112,True
96,448,2395,2507,112,True
3,500,2396,2518,122,True
12,489,2396,2518,122,True
16,509,2396,2518,122,True
21,456,2396,2518,122,True
23,497,2396,2518,122,True
24,439,2396,2469,73,True
27,488,2396,2469,73,True
37,457,2396,2518,122,True
39,455,2396,2518,122,True
64,498,2396,2507,111,True
67,468,2396,2507,111,True
72,466,2396,2507,111,True
91,477,2396,2507,111,True
92,507,2396,2507,111,True
95,494,2396,2507,111,True
10,459,2397,2518,121,True
20,465,2397,2469,72,True
24,440,2397,2469,72,True
36,493,2397,2518,121,True
40,527,2397,2518,121,True
48,498,2397,2518,121,True
49,493,2397,2518,121,True
55,432,2397,2507,110,True
90,483,2397,2507,110,True
91,478,2397,2507,110,True
93,471,2397,2507,110,True
97,455,2397,2507,110,True
0,525,2398,2518,120,True
3,501,2398,2518,120,True
4,483,2398,2518,120,True
21,457,2398,2518,120,True
34,454,2398,2469,71,True
35,490,2398,2469,71,True
37,458,2398,2518,120,True
44,490,2398,2518,120,True
50,477,2398,2507,109,True
56,475,2398,2507,109,True
57,473,2398,2507,109,True
60,466,2398,2507,109,True
67,469,2398,2507,109,True
70,497,2398,2507,109,True
72,467,2398,2507,109,True
76,493,2398,2507,109,True
77,486,2398,2507,109,True
78,505,2398,2507,109,True
81,440,2398,2552,154,True
86,491,2398,2507,109,True
87,454,2398,2507,109,True
90,484,2398,2507,109,True
97,456,2398,2507,109,True
4,484,2399,2518,119,True
9,499,2399,2518,119,True
29,461,2399,2518,119,True
34,455,2399,2469,70,True
38,461,2399,2469,70,True
39,456,2399,2518,119,True
43,461,2399,2518,119,True
48,499,2399,2518,119,True
50,478,2399,2507,108,True
52,468,2399,,,False
78,506,2399,2507,108,True
79,437,2399,2507,108,True
80,523,2399,2507,108,True
82,491,2399,2507,108,True
83,467,2399,2507,108,True
90,485,2399,2507,108,True
96,449,2399,2507,108,True
20,466,2400,2469,69,True
29,462,2400,2518,118,True
34,456,2400,2469,69,True
35,491,2400,2469,69,True
52,469,2400,,,False
55,433,2400,2552,152,True
64,499,2400,2507,107,True
65,479,2400,2507,107,True
66,471,2400,2507,107,True
84,492,2400,2507,107,True
85,466,2400,2507,107,True
96,450,2400,2507,107,True
8,481,2401,2518,117,True
9,500,2401,2518,117,True
15,486,2401,2469,68,True
18,473,2401,2518,117,True
23,498,2401,2518,117,True
32,465,2401,2518,117,True
37,459,2401,2518,117,True
38,462,2401,2469,68,True
39,457,2401,2518,117,True
43,462,2401,2518,117,True
45,452,2401,2469,68,True
54,525,2401,2507,106,True
62,468,2401,2507,106,True
64,500,2401,2507,106,True
72,468,2401,2507,106,True
78,507,2401,2507,106,True
89,469,2401,2507,106,True
93,472,2401,2507,106,True
95,495,2401,2507,106,True
97,457,2401,2507,106,True
12,490,2402,2518,116,True
17,449,2402,2518,116,True
18,474,2402,2518,116,True
22,513,2402,2518,116,True
23,499,2402,2518,116,True
35,492,2402,2469,67,True
37,460,2402,2518,116,True
52,470,2402,,,False
53,465,2402,2552,150,True
54,526,2402,2507,105,True
66,472,2402,2507,105,True
72,469,2402,2507,105,True
81,441,2402,2552,150,True
90,486,2402,2507,105,True
92,508,2402,2507,105,True
93,473,2402,2507,105,True
2,492,2403,2469,66,True
5,482,2403,2518,115,True
6,475,2403,2518,115,True
7,456,2403,2518,115,True
9,501,2403,2518,115,True
10,460,2403,2518,115,True
19,454,2403,2518,115,True
26,477,2403,2518,115,True
39,458,2403,2518,115,True
43,463,2403,2518,115,True
47,450,2403,2518,115,True
48,500,2403,2518,115,True
51,477,2403,2507,104,True
54,527,2403,2507,104,True
55,434,2403,2552,149,True
79,438,2403,2507,104,True
81,442,2403,2552,149,True
86,492,2403,2507,104,True
94,493,2403,2507,104,True
99,474,2403,2507,104,True
6,476,2404,2518,114,True
16,510,2404,2518,114,True
17,450,2404,2518,114,True
26,478,2404,2518,114,True
31,491,2404,2518,114,True
34,457,2404,2518,114,True
41,502,2404,2518,114,True
44,491,2404,2518,114,True
54,528,2404,2507,103,True
67,470,2404,2507,103,True
69,516,2404,2507,103,True
74,494,2404,2507,103,True
75,478,2404,2507,103,True
88,486,2404,2507,103,True
89,470,2404,2507,103,True
90,487,2404,2552,148,True
95,496,2404,2507,103,True
98,449,2404,2507,103,True
0,526,2405,2518,113,True
2,493,2405,2469,64,True
11,467,2405,2518,113,True
21,458,2405,2518,113,True
22,514,2405,2518,113,True
33,465,2405,2518,113,True
37,461,2405,2518,113,True
38,463,2405,2518,113,True
41,503,2405,2518,113,True
50,479,2405,2507,102,True
56,476,2405,2507,102,True
57,474,2405,2507,102,True
59,487,2405,2507,102,True
63,502,2405,2507,102,True
73,472,2405,2507,102,True
78,508,2405,2507,102,True
87,455,2405,2507,102,True
97,458,2405,2507,102,True
0,527,2406,2518,112,True
2,494,2406,2469,63,True
3,502,2406,2518,112,True
12,491,2406,2518,112,True
14,489,2406,2518,112,True
28,496,2406,2518,112,True
32,466,2406,2518,112,True
42,500,2406,2518,112,True
54,529,2406,2507,101,True
61,469,2406,2507,101,True
70,498,2406,2507,101,True
73,473,2406,2507,101,True
82,492,2406,2507,101,True
85,467,2406,2507,101,True
89,471,2406,2507,101,True
97,459,2406,2507,101,True
99,475,2406,2507,101,True
10,461,2407,2518,111,True
11,468,2407,2518,111,True
15,487,2407,2469,62,True
18,475,2407,2518,111,True
19,455,2407,2518,111,True
34,458,2407,2518,111,True
45,453,2407,2469,62,True
46,484,2407,2518,111,True
48,501,2407,2518,111,True
55,435,2407,2552,145,True
72,470,2407,2507,100,True
75,479,2407,2507,100,True
80,524,2407,2507,100,True
85,468,2407,2507,100,True
92,509,2407,2507,100,True
93,474,2407,2507,100,True
0,528,2408,2518,110,True
3,503,2408,2518,110,True
6,477,2408,2518,110,True
7,457,2408,2518,110,True
9,502,2408,2518,110,True
21,459,2408,2518,110,True
23,500,2408,2518,110,True
25,475,2408,2518,110,True
27,489,2408,2518,110,True
32,467,2408,2518,110,True
36,494,2408,2518,110,True
37,462,2408,2518,110,True
40,528,2408,2518,110,True
41,504,2408,2518,110,True
44,492,2408,2518,110,True
47,451,2408,2518,110,True
59,488,2408,2507,99,True
61,470,2408,2507,99,True
62,469,2408,2507,99,True
65,480,2408,2507,99,True
72,471,2408,2507,99,True
76,494,2408,2507,99,True
77,487,2408,2507,99,True
78,509,2408,2507,99,True
79,439,2408,2507,99,True
83,468,2408,2507,99,True
3,504,2409,2518,109,True
4,485,2409,2518,109,True
6,478,2409,2518,109,True
7,458,2409,2518,109,True
12,492,2409,2518,109,True
14,490,2409,2518,109,True
16,511,2409,2518,109,True
37,463,2409,2518,109,True
40,529,2409,2518,109,True
44,493,2409,2518,109,True
48,502,2409,2518,109,True
49,494,2409,2518,109,True
61,471,2409,2507,98,True
62,470,2409,2507,98,True
67,471,2409,2507,98,True
85,469,2409,2507,98,True
91,479,2409,2507,98,True
92,510,2409,2507,98,True
93,475,2409,2507,98,True
94,494,2409,2507,98,True
96,451,2409,2507,98,True
2,495,2410,2518,108,True
8,482,2410,2518,108,True
20,467,2410,2469,59,True
31,492,2410,2518,108,True
33,466,2410,2518,108,True
38,464,2410,2518,108,True
40,530,2410,2518,108,True
41,505,2410,2518,108,True
42,501,2410,2518,108,True
48,503,2410,2518,108,True
49,495,2410,2518,108,True
51,478,2410,2507,97,True
53,466,2410,2552,142,True
58,477,2410,2507,97,True
64,501,2410,2507,97,True
68,494,2410,2507,97,True
84,493,2410,2507,97,True
97,460,2410,2507,97,True
98,450,2410,2507,97,True
9,503,2411,2518,107,True
10,462,2411,2569,158,True
20,468,2411,2469,58,True
24,441,2411,2518,107,True
26,479,2411,2518,107,True
31,493,2411,2518,107,True
39,459,2411,2518,107,True
43,464,2411,2518,107,True
47,452,2411,2518,107,True
54,530,2411,2507,96,True
55,436,2411,2552,141,True
57,475,2411,2507,96,True
59,489,2411,2507,96,True
60,467,2411,2507,96,True
68,495,2411,2507,96,True
72,472,2411,2507,96,True
77,488,2411,2507,96,True
82,493,2411,2507,96,True
89,472,2411,2507,96,True
90,488,2411,2552,141,True
94,495,2411,2507,96,True
2,496,2412,2518,106,True
7,459,2412,2518,106,True
12,493,2412,2518,106,True
14,491,2412,2518,106,True
16,512,2412,2518,106,True
21,460,2412,2518,106,True
24,442,2412,2518,106,True
27,490,2412,2518,106,True
31,494,2412,2518,106,True
33,467,2412,2518,106,True
36,495,2412,2518,106,True
37,464,2412,2518,106,True
38,465,2412,2518,106,True
53,467,2412,2552,140,True
54,531,2412,2507,95,True
58,478,2412,2507,95,True
68,496,2412,2507,95,True
70,499,2412,2507,95,True
79,440,2412,2507,95,True
80,525,2412,2507,95,True
85,470,2412,2507,95,True
87,456,2412,2507,95,True
90,489,2412,2552,140,True
91,480,2412,2507,95,True
92,511,2412,2507,95,True
94,496,2412,2507,95,True
95,497,2412,2507,95,True
98,451,2412,2507,95,True
14,492,2413,2518,105,True
15,488,2413,2518,105,True
16,513,2413,2518,105,True
20,469,2413,2469,56,True
23,501,2413,2518,105,True
26,480,2413,2518,105,True
29,463,2413,2518,105,True
44,494,2413,2518,105,True
52,471,2413,,,False
62,471,2413,2507,94,True
64,502,2413,2507,94,True
72,473,2413,2507,94,True
92,512,2413,2507,94,True
96,452,2413,2552,139,True
98,452,2413,2507,94,True
0,529,2414,2518,104,True
2,497,2414,2518,104,True
3,505,2414,2518,104,True
14,493,2414,2518,104,True
21,461,2414,2518,104,True
27,491,2414,2518,104,True
29,464,2414,2518,104,True
30,490,2414,2518,104,True
47,453,2414,2518,104,True
51,479,2414,2507,93,True
53,468,2414,2552,138,True
55,437,2414,2552,138,True
69,517,2414,2507,93,True
71,488,2414,2507,93,True
74,495,2414,2507,93,True
80,526,2414,2507,93,True
89,473,2414,2507,93,True
94,497,2414,2507,93,True
95,498,2414,2507,93,True
0,530,2415,2518,103,True
1,488,2415,2518,103,True
7,460,2415,2518,103,True
16,514,2415,2518,103,True
19,456,2415,2518,103,True
20,470,2415,2469,54,True
21,462,2415,2518,103,True
25,476,2415,2518,103,True
31,495,2415,2518,103,True
43,465,2415,2518,103,True
48,504,2415,2518,103,True
51,480,2415,2507,92,True
55,438,2415,2552,137,True
62,472,2415,2507,92,True
69,518,2415,2507,92,True
81,443,2415,2552,137,True
90,490,2415,2552,137,True
92,513,2415,2507,92,True
95,499,2415,2507,92,True
2,498,2416,2518,102,True
3,506,2416,2518,102,True
14,494,2416,2518,102,True
21,463,2416,2518,102,True
27,492,2416,2518,102,True
34,459,2416,2518,102,True
39,460,2416,2518,102,True
46,485,2416,2518,102,True
51,481,2416,2507,91,True
52,472,2416,,,False
54,532,2416,2507,91,True
55,439,2416,2552,136,True
64,503,2416,2507,91,True
75,480,2416,2507,91,True
77,489,2416,2507,91,True
78,510,2416,2507,91,True
94,498,2416,2507,91,True
98,453,2416,2507,91,True
3,507,2417,2518,101,True
8,483,2417,2518,101,True
9,504,2417,2518,101,True
16,515,2417,2518,101,True
17,451,2417,2518,101,True
19,457,2417,2518,101,True
21,464,2417,2518,101,True
22,515,2417,2518,101,True
36,496,2417,2518,101,True
44,495,2417,2518,101,True
46,486,2417,2518,101,True
48,505,2417,2518,101,True
52,473,2417,,,False
53,469,2417,2552,135,True
54,533,2417,2507,90,True
55,440,2417,2552,135,True
63,503,2417,2552,135,True
65,481,2417,2507,90,True
71,489,2417,2507,90,True
75,481,2417,2507,90,True
85,471,2417,2507,90,True
90,491,2417,2552,135,True
92,514,2417,2507,90,True
93,476,2417,2507,90,True
95,500,2417,2507,90,True
0,531,2418,2518,100,True
4,486,2418,2518,100,True
14,495,2418,2518,100,True
18,476,2418,2518,100,True
29,465,2418,2518,100,True
37,465,2418,2518,100,True
40,531,2418,2518,100,True
42,502,2418,2518,100,True
53,470,2418,2552,134,True
56,477,2418,2507,89,True
57,476,2418,2507,89,True
67,472,2418,2507,89,True
75,482,2418,2507,89,True
77,490,2418,2507,89,True
82,494,2418,2507,89,True
83,469,2418,2507,89,True
88,487,2418,2507,89,True
89,474,2418,2507,89,True
95,501,2418,2507,89,True
97,461,2418,2507,89,True
98,454,2418,2507,89,True
1,489,2419,2518,99,True
2,499,2419,2518,99,True
4,487,2419,2518,99,True
5,483,2419,2518,99,True
7,461,2419,2518,99,True
10,463,2419,2569,150,True
30,491,2419,2518,99,True
33,468,2419,2518,99,True
34,460,2419,2518,99,True
62,473,2419,2507,88,True
64,504,2419,2507,88,True
73,474,2419,2507,88,True
75,483,2419,2507,88,True
81,444,2419,2552,133,True
82,495,2419,2507,88,True
84,494,2419,2507,88,True
99,476,2419,2507,88,True
0,532,2420,2518,98,True
1,490,2420,2518,98,True
6,479,2420,2518,98,True
8,484,2420,2518,98,True
16,516,2420,2518,98,True
30,492,2420,2518,98,True
31,496,2420,2518,98,True
33,469,2420,2518,98,True
36,497,2420,2518,98,True
44,496,2420,2518,98,True
46,487,2420,2518,98,True
49,496,2420,2518,98,True
53,471,2420,2552,132,True
54,534,2420,2507,87,True
55,441,2420,2552,132,True
57,477,2420,2507,87,True
61,472,2420,2507,87,True
65,482,2420,2507,87,True
79,441,2420,2534,114,True
88,488,2420,2534,114,True
95,502,2420,2507,87,True
5,484,2421,2518,97,True
18,477,2421,2518,97,True
19,458,2421,2518,97,True
25,477,2421,2518,97,True
29,466,2421,2518,97,True
31,497,2421,2518,97,True
32,468,2421,2518,97,True
35,493,2421,2518,97,True
38,466,2421,2518,97,True
44,497,2421,2518,97,True
48,506,2421,2518,97,True
52,474,2421,,,False
55,442,2421,2552,131,True
57,478,2421,2507,86,True
63,504,2421,2552,131,True
65,483,2421,2507,86,True
72,474,2421,2507,86,True
78,511,2421,2507,86,True
85,472,2421,2507,86,True
90,492,2421,2552,131,True
98,455,2421,2507,86,True
0,533,2422,2640,218,True
1,491,2422,2518,96,True
4,488,2422,2518,96,True
7,462,2422,2518,96,True
9,505,2422,2518,96,True
13,495,2422,2518,96,True
33,470,2422,2518,96,True
36,498,2422,2518,96,True
37,466,2422,2518,96,True
38,467,2422,2518,96,True
45,454,2422,2518,96,True
50,480,2422,2507,85,True
56,478,2422,2507,85,True
60,468,2422,2507,85,True
67,473,2422,2507,85,True
68,497,2422,2507,85,True
77,491,2422,2507,85,True
83,470,2422,2507,85,True
90,493,2422,2552,130,True
1,492,2423,2518,95,True
6,480,2423,2518,95,True
15,489,2423,2518,95,True
20,471,2423,2469,46,True
24,443,2423,2518,95,True
26,481,2423,2518,95,True
30,493,2423,2518,95,True
31,498,2423,2518,95,True
32,469,2423,2518,95,True
34,461,2423,2518,95,True
39,461,2423,2518,95,True
46,488,2423,2518,95,True
48,507,2423,2518,95,True
49,497,2423,2518,95,True
54,535,2423,2507,84,True
55,443,2423,2552,129,True
63,505,2423,2552,129,True
64,505,2423,2507,84,True
75,484,2423,2507,84,True
88,489,2423,2534,111,True
89,475,2423,2552,129,True
96,453,2423,2552,129,True
98,456,2423,2507,84,True
5,485,2424,2518,94,True
9,506,2424,2518,94,True
21,465,2424,2518,94,True
24,444,2424,2518,94,True
31,499,2424,2518,94,True
33,471,2424,2518,94,True
40,532,2424,2518,94,True
42,503,2424,2518,94,True
45,455,2424,2518,94,True
49,498,2424,2518,94,True
66,473,2424,2552,128,True
68,498,2424,2507,83,True
69,519,2424,2507,83,True
70,500,2424,2507,83,True
71,490,2424,2507,83,True
76,495,2424,2507,83,True
77,492,2424,2507,83,True
87,457,2424,2507,83,True
92,515,2424,2552,128,True
93,477,2424,2507,83,True
99,477,2424,2507,83,True
5,486,2425,2518,93,True
14,496,2425,2518,93,True
18,478,2425,2518,93,True
23,502,2425,2518,93,True
33,472,2425,2518,93,True
36,499,2425,2518,93,True
38,468,2425,2518,93,True
39,462,2425,2518,93,True
49,499,2425,2518,93,True
50,481,2425,2507,82,True
51,482,2425,2552,127,True
61,473,2425,2507,82,True
64,506,2425,2507,82,True
75,485,2425,2507,82,True
76,496,2425,2507,82,True
88,490,2425,2534,109,True
92,516,2425,2552,127,True
93,478,2425,2507,82,True
98,457,2425,2507,82,True
4,489,2426,2518,92,True
15,490,2426,2518,92,True
18,479,2426,2518,92,True
19,459,2426,2518,92,True
21,466,2426,2518,92,True
23,503,2426,2518,92,True
24,445,2426,2518,92,True
25,478,2426,2518,92,True
29,467,2426,2518,92,True
32,470,2426,2518,92,True
40,533,2426,2518,92,True
44,498,2426,2518,92,True
52,475,2426,,,False
53,472,2426,2552,126,True
62,474,2426,2507,81,True
65,484,2426,2507,81,True
67,474,2426,2507,81,True
68,499,2426,2507,81,True
69,520,2426,2507,81,True
75,486,2426,2507,81,True
78,512,2426,2507,81,True
79,442,2426,2534,108,True
81,445,2426,2552,126,True
88,491,2426,2534,108,True
92,517,2426,2552,126,True
99,478,2426,2507,81,True
0,534,2427,2640,213,True
1,493,2427,2518,91,True
5,487,2427,2518,91,True
6,481,2427,2518,91,True
9,507,2427,2518,91,True
22,516,2427,2518,91,True
23,504,2427,2518,91,True
24,446,2427,2569,142,True
27,493,2427,2518,91,True
34,462,2427,2518,91,True
35,494,2427,2518,91,True
36,500,2427,2518,91,True
41,506,2427,2518,91,True
49,500,2427,2518,91,True
58,479,2427,2507,80,True
65,485,2427,2507,80,True
69,521,2427,2507,80,True
72,475,2427,2507,80,True
74,496,2427,2534,107,True
78,513,2427,2507,80,True
91,481,2427,2507,80,True
92,518,2427,2552,125,True
93,479,2427,2552,125,True
98,458,2427,2507,80,True
1,494,2428,2518,90,True
2,500,2428,2518,90,True
12,494,2428,2518,90,True
24,447,2428,2569,141,True
28,497,2428,2518,90,True
41,507,2428,2518,90,True
42,504,2428,2518,90,True
45,456,2428,2518,90,True
47,454,2428,2518,90,True
59,490,2428,2534,106,True
66,474,2428,2552,124,True
72,476,2428,2507,79,True
78,514,2428,2507,79,True
88,492,2428,2534,106,True
98,459,2428,2507,79,True
9,508,2429,2518,89,True
11,469,2429,2518,89,True
16,517,2429,2518,89,True
17,452,2429,2518,89,True
37,467,2429,2518,89,True
43,466,2429,2518,89,True
44,499,2429,2518,89,True
46,489,2429,2518,89,True
47,455,2429,2518,89,True
48,508,2429,2518,89,True
57,479,2429,2507,78,True
62,475,2429,2507,78,True
63,506,2429,2552,123,True
74,497,2429,2534,105,True
77,493,2429,2507,78,True
86,493,2429,2507,78,True
95,503,2429,2507,78,True
97,462,2429,2507,78,True
3,508,2430,2518,88,True
6,482,2430,2518,88,True
7,463,2430,2518,88,True
8,485,2430,2518,88,True
16,518,2430,2518,88,True
19,460,2430,2518,88,True
21,467,2430,2518,88,True
23,505,2430,2518,88,True
29,468,2430,2518,88,True
30,494,2430,2518,88,True
40,534,2430,2518,88,True
44,500,2430,2518,88,True
47,456,2430,2518,88,True
48,509,2430,2518,88,True
59,491,2430,2534,104,True
61,474,2430,2507,77,True
66,475,2430,2552,122,True
68,500,2430,2507,77,True
69,522,2430,2534,104,True
73,475,2430,2507,77,True
74,498,2430,2534,104,True
79,443,2430,2534,104,True
98,460,2430,2507,77,True
19,461,2431,2518,87,True
22,517,2431,2518,87,True
27,494,2431,2518,87,True
29,469,2431,2518,87,True
33,473,2431,2518,87,True
38,469,2431,2518,87,True
39,463,2431,2518,87,True
43,467,2431,2518,87,True
46,490,2431,2518,87,True
50,482,2431,2507,76,True
57,480,2431,2507,76,True
61,475,2431,2507,76,True
80,527,2431,2507,76,True
83,471,2431,2507,76,True
84,495,2431,2507,76,True
85,473,2431,2552,121,True
94,499,2431,2507,76,True
98,461,2431,2507,76,True
4,490,2432,2518,86,True
5,488,2432,2518,86,True
17,453,2432,2518,86,True
20,472,2432,2518,86,True
22,518,2432,2518,86,True
29,470,2432,2518,86,True
34,463,2432,2518,86,True
45,457,2432,2518,86,True
56,479,2432,2507,75,True
58,480,2432,2552,120,True
60,469,2432,2552,120,True
67,475,2432,2507,75,True
68,501,2432,2507,75,True
74,499,2432,2534,102,True
77,494,2432,2507,75,True
78,515,2432,2507,75,True
89,476,2432,2552,120,True
94,500,2432,2507,75,True
98,462,2432,2507,75,True
99,479,2432,2534,102,True
3,509,2433,2518,85,True
5,489,2433,2518,85,True
8,486,2433,2518,85,True
16,519,2433,2518,85,True
17,454,2433,2518,85,True
21,468,2433,2518,85,True
27,495,2433,2518,85,True
30,495,2433,2518,85,True
31,500,2433,2518,85,True
48,510,2433,2518,85,True
49,501,2433,2518,85,True
51,483,2433,2552,119,True
58,481,2433,2552,119,True
60,470,2433,2552,119,True
64,507,2433,2507,74,True
82,496,2433,2507,74,True
83,472,2433,2507,74,True
91,482,2433,2507,74,True
98,463,2433,2507,74,True
99,480,2433,2534,101,True
16,520,2434,2518,84,True
19,462,2434,2569,135,True
23,506,2434,2518,84,True
24,448,2434,2569,135,True
34,464,2434,2518,84,True
39,464,2434,2518,84,True
44,501,2434,2518,84,True
56,480,2434,2534,100,True
58,482,2434,2552,118,True
65,486,2434,2507,73,True
66,476,2434,2552,118,True
67,476,2434,2507,73,True
72,477,2434,2507,73,True
73,476,2434,2507,73,True
81,446,2434,2552,118,True
84,496,2434,2507,73,True
97,463,2434,2507,73,True
99,481,2434,2534,100,True
3,510,2435,2518,83,True
19,463,2435,2569,134,True
23,507,2435,2518,83,True
26,482,2435,2518,83,True
29,471,2435,2518,83,True
40,535,2435,2518,83,True
53,473,2435,2552,117,True
61,476,2435,2507,72,True
63,507,2435,2552,117,True
64,508,2435,2507,72,True
70,501,2435,2507,72,True
84,497,2435,2534,99,True
86,494,2435,2507,72,True
90,494,2435,2552,117,True
97,464,2435,2507,72,True
11,470,2436,2518,82,True
19,464,2436,2569,133,True
23,508,2436,2518,82,True
24,449,2436,2569,133,True
27,496,2436,2518,82,True
38,470,2436,2518,82,True
39,465,2436,2518,82,True
40,536,2436,2518,82,True
48,511,2436,2518,82,True
51,484,2436,2552,116,True
52,476,2436,,,False
59,492,2436,2534,98,True
60,471,2436,2552,116,True
64,509,2436,2507,71,True
69,523,2436,2534,98,True
70,502,2436,2507,71,True
74,500,2436,2534,98,True
80,528,2436,2507,71,True
81,447,2436,2552,116,True
0,535,2437,2640,203,True
9,509,2437,2569,132,True
10,464,2437,2569,132,True
13,496,2437,2518,81,True
14,497,2437,2518,81,True
26,483,2437,2518,81,True
33,474,2437,2518,81,True
36,501,2437,2518,81,True
41,508,2437,2518,81,True
42,505,2437,2518,81,True
51,485,2437,2552,115,True
66,477,2437,2552,115,True
74,501,2437,2534,97,True
82,497,2437,2507,70,True
83,473,2437,2552,115,True
85,474,2437,2552,115,True
87,458,2437,2534,97,True
90,495,2437,2552,115,True
4,491,2438,2518,80,True
12,495,2438,2518,80,True
16,521,2438,2518,80,True
18,480,2438,2518,80,True
19,465,2438,2569,131,True
21,469,2438,2518,80,True
27,497,2438,2518,80,True
57,481,2438,2518,80,True
61,477,2438,2507,69,True
64,510,2438,2507,69,True
78,516,2438,2534,96,True
87,459,2438,2534,96,True
89,477,2438,2552,114,True
90,496,2438,2552,114,True
93,480,2438,2552,114,True
97,465,2438,2507,69,True
3,511,2439,2518,79,True
5,490,2439,2518,79,True
14,498,2439,2518,79,True
16,522,2439,2518,79,True
25,479,2439,2518,79,True
26,484,2439,2518,79,True
42,506,2439,2518,79,True
57,482,2439,2518,79,True
74,502,2439,2534,95,True
76,497,2439,2507,68,True
82,498,2439,2507,68,True
90,497,2439,2552,113,True
97,466,2439,2507,68,True
99,482,2439,2534,95,True
0,536,2440,2640,200,True
2,501,2440,2569,129,True
5,491,2440,2518,78,True
8,487,2440,2518,78,True
14,499,2440,2518,78,True
17,455,2440,2518,78,True
18,481,2440,2518,78,True
25,480,2440,2518,78,True
26,485,2440,2518,78,True
27,498,2440,2518,78,True
32,471,2440,2518,78,True
35,495,2440,2518,78,True
36,502,2440,2518,78,True
38,471,2440,2518,78,True
41,509,2440,2518,78,True
52,477,2440,,,False
54,536,2440,2534,94,True
61,478,2440,2507,67,True
68,502,2440,2507,67,True
72,478,2440,2507,67,True
75,487,2440,2552,112,True
81,448,2440,2552,112,True
85,475,2440,2552,112,True
89,478,2440,2552,112,True
92,519,2440,2552,112,True
95,504,2440,2507,67,True
3,512,2441,2640,199,True
12,496,2441,2518,77,True
21,470,2441,2518,77,True
22,519,2441,2518,77,True
26,486,2441,2518,77,True
29,472,2441,2518,77,True
30,496,2441,2518,77,True
31,501,2441,2518,77,True
32,472,2441,2518,77,True
35,496,2441,2518,77,True
39,466,2441,2518,77,True
40,537,2441,2518,77,True
52,478,2441,,,False
53,474,2441,2552,111,True
58,483,2441,2552,111,True
62,476,2441,2534,93,True
64,511,2441,2507,66,True
66,478,2441,2552,111,True
72,479,2441,2507,66,True
79,444,2441,2534,93,True
86,495,2441,2507,66,True
89,479,2441,2552,111,True
94,501,2441,2507,66,True
98,464,2441,2507,66,True
18,482,2442,2518,76,True
27,499,2442,2518,76,True
31,502,2442,2518,76,True
36,503,2442,2518,76,True
42,507,2442,2518,76,True
45,458,2442,2518,76,True
46,491,2442,2518,76,True
53,475,2442,2552,110,True
55,444,2442,2552,110,True
56,481,2442,2534,92,True
59,493,2442,2534,92,True
61,479,2442,2507,65,True
69,524,2442,2552,110,True
72,480,2442,2507,65,True
75,488,2442,2552,110,True
77,495,2442,2534,92,True
83,474,2442,2552,110,True
86,496,2442,2507,65,True
1,495,2443,2518,75,True
4,492,2443,2518,75,True
8,488,2443,2518,75,True
10,465,2443,2569,126,True
12,497,2443,2518,75,True
13,497,2443,2518,75,True
16,523,2443,2569,126,True
18,483,2443,2518,75,True
23,509,2443,2518,75,True
34,465,2443,2518,75,True
37,468,2443,2518,75,True
38,472,2443,2518,75,True
42,508,2443,2518,75,True
55,445,2443,2552,109,True
57,483,2443,2518,75,True
58,484,2443,2552,109,True
61,480,2443,2507,64,True
69,525,2443,2552,109,True
79,445,2443,2534,91,True
86,497,2443,2507,64,True
4,493,2444,2518,74,True
24,450,2444,2569,125,True
28,498,2444,2518,74,True
36,504,2444,2518,74,True
39,467,2444,2518,74,True
41,510,2444,2518,74,True
43,468,2444,2518,74,True
45,459,2444,2518,74,True
47,457,2444,2518,74,True
56,482,2444,2534,90,True
63,508,2444,2552,108,True
67,477,2444,2552,108,True
72,481,2444,2507,63,True
87,460,2444,2552,108,True
89,480,2444,2552,108,True
0,537,2445,2640,195,True
1,496,2445,2518,73,True
3,513,2445,2640,195,True
10,466,2445,2569,124,True
13,498,2445,2518,73,True
15,491,2445,2569,124,True
29,473,2445,2518,73,True
30,497,2445,2518,73,True
33,475,2445,2518,73,True
41,511,2445,2518,73,True
46,492,2445,2518,73,True
52,479,2445,,,False
56,483,2445,2534,89,True
60,472,2445,2552,107,True
63,509,2445,2552,107,True
70,503,2445,2507,62,True
75,489,2445,2552,107,True
92,520,2445,2552,107,True
4,494,2446,2518,72,True
5,492,2446,2569,123,True
7,464,2446,2569,123,True
9,510,2446,2569,123,True
24,451,2446,2569,123,True
25,481,2446,2569,123,True
34,466,2446,2518,72,True
41,512,2446,2518,72,True
43,469,2446,2518,72,True
62,477,2446,2534,88,True
65,487,2446,2507,61,True
79,446,2446,2534,88,True
96,454,2446,2552,106,True
97,467,2446,2507,61,True
7,465,2447,2569,122,True
9,511,2447,2569,122,True
13,499,2447,2518,71,True
17,456,2447,2518,71,True
18,484,2447,2518,71,True
21,471,2447,2518,71,True
33,476,2447,2518,71,True
34,467,2447,2518,71,True
37,469,2447,2518,71,True
38,473,2447,2518,71,True
40,538,2447,2569,122,True
46,493,2447,2518,71,True
47,458,2447,2518,71,True
55,446,2447,2552,105,True
60,473,2447,2552,105,True
62,478,2447,2534,87,True
63,510,2447,2609,162,True
73,477,2447,2507,60,True
77,496,2447,2588,141,True
79,447,2447,2534,87,True
88,493,2447,2609,162,True
0,538,2448,2640,192,True
4,495,2448,2518,70,True
7,466,2448,2569,121,True
12,498,2448,2569,121,True
16,524,2448,2569,121,True
18,485,2448,2518,70,True
31,503,2448,2518,70,True
39,468,2448,2518,70,True
42,509,2448,2518,70,True
43,470,2448,2518,70,True
53,476,2448,2552,104,True
54,537,2448,2552,104,True
59,494,2448,2552,104,True
66,479,2448,2552,104,True
77,497,2448,2588,140,True
78,517,2448,2552,104,True
79,448,2448,2534,86,True
81,449,2448,2552,104,True
84,498,2448,2534,86,True
92,521,2448,2552,104,True
94,502,2448,2588,140,True
0,539,2449,2640,191,True
2,502,2449,2569,120,True
7,467,2449,2569,120,True
13,500,2449,2518,69,True
15,492,2449,2569,120,True
26,487,2449,2518,69,True
27,500,2449,2569,120,True
30,498,2449,2518,69,True
38,474,2449,2569,120,True
39,469,2449,2518,69,True
40,539,2449,2569,120,True
41,513,2449,2569,120,True
44,502,2449,2569,120,True
50,483,2449,2507,58,True
56,484,2449,2534,85,True
59,495,2449,2552,103,True
68,503,2449,2507,58,True
76,498,2449,2507,58,True
80,529,2449,2507,58,True
81,450,2449,2552,103,True
96,455,2449,2552,103,True
98,465,2449,2507,58,True
3,514,2450,2640,190,True
5,493,2450,2569,119,True
6,483,2450,2569,119,True
17,457,2450,2518,68,True
21,472,2450,2518,68,True
25,482,2450,2569,119,True
41,514,2450,2569,119,True
47,459,2450,2518,68,True
51,486,2450,2552,102,True
57,484,2450,2518,68,True
59,496,2450,2552,102,True
60,474,2450,2552,102,True
64,512,2450,2507,57,True
72,482,2450,2518,68,True
73,478,2450,2507,57,True
74,503,2450,2552,102,True
76,499,2450,2507,57,True
77,498,2450,2588,138,True
79,449,2450,2534,84,True
83,475,2450,2552,102,True
85,476,2450,2552,102,True
90,498,2450,2552,102,True
4,496,2451,2518,67,True
9,512,2451,2569,118,True
21,473,2451,2518,67,True
32,473,2451,2569,118,True
39,470,2451,2518,67,True
42,510,2451,2518,67,True
45,460,2451,2518,67,True
50,484,2451,2507,56,True
60,475,2451,2552,101,True
63,511,2451,2609,158,True
64,513,2451,2507,56,True
69,526,2451,2552,101,True
73,479,2451,2507,56,True
75,490,2451,2552,101,True
76,500,2451,2507,56,True
81,451,2451,2552,101,True
84,499,2451,2534,83,True
88,494,2451,2609,158,True
96,456,2451,2552,101,True
7,468,2452,2569,117,True
15,493,2452,2569,117,True
16,525,2452,2569,117,True
17,458,2452,2518,66,True
20,473,2452,2569,117,True
21,474,2452,2518,66,True
25,483,2452,2569,117,True
26,488,2452,2518,66,True
27,501,2452,2569,117,True
28,499,2452,2569,117,True
40,540,2452,2569,117,True
48,512,2452,2569,117,True
51,487,2452,2552,100,True
59,497,2452,2552,100,True
61,481,2452,2507,55,True
65,488,2452,2507,55,True
71,491,2452,2552,100,True
76,501,2452,2507,55,True
78,518,2452,2552,100,True
79,450,2452,2534,82,True
87,461,2452,2552,100,True
88,495,2452,2609,157,True
91,483,2452,2552,100,True
3,515,2453,2640,187,True
4,497,2453,2518,65,True
8,489,2453,2518,65,True
10,467,2453,2569,116,True
13,501,2453,2518,65,True
19,466,2453,2569,116,True
22,520,2453,2518,65,True
27,502,2453,2569,116,True
28,500,2453,2569,116,True
31,504,2453,2569,116,True
32,474,2453,2569,116,True
36,505,2453,2518,65,True
44,503,2453,2569,116,True
45,461,2453,2518,65,True
47,460,2453,2518,65,True
52,480,2453,,,False
57,485,2453,2518,65,True
61,482,2453,2507,54,True
62,479,2453,2552,99,True
66,480,2453,2552,99,True
67,478,2453,2552,99,True
82,499,2453,2507,54,True
89,481,2453,2552,99,True
96,457,2453,2552,99,True
0,540,2454,2640,186,True
3,516,2454,2640,186,True
5,494,2454,2569,115,True
8,490,2454,2518,64,True
15,494,2454,2569,115,True
21,475,2454,2518,64,True
42,511,2454,2518,64,True
44,504,2454,2569,115,True
48,513,2454,2569,115,True
50,485,2454,2507,53,True
51,488,2454,2552,98,True
57,486,2454,2518,64,True
60,476,2454,2552,98,True
61,483,2454,2507,53,True
63,512,2454,2609,155,True
68,504,2454,2507,53,True
71,492,2454,2552,98,True
88,496,2454,2609,155,True
93,481,2454,2552,98,True
7,469,2455,2595,140,True
11,471,2455,2518,63,True
22,521,2455,2569,114,True
23,510,2455,2518,63,True
32,475,2455,2569,114,True
37,470,2455,2518,63,True
40,541,2455,2569,114,True
42,512,2455,2518,63,True
45,462,2455,2518,63,True
61,484,2455,2507,52,True
83,476,2455,2552,97,True
87,462,2455,2552,97,True
92,522,2455,2552,97,True
7,470,2456,2595,139,True
8,491,2456,2518,62,True
14,500,2456,2518,62,True
17,459,2456,2640,184,True
20,474,2456,2569,113,True
21,476,2456,2527,71,True
32,476,2456,2569,113,True
38,475,2456,2569,113,True
41,515,2456,2569,113,True
47,461,2456,2518,62,True
48,514,2456,2569,113,True
58,485,2456,2552,96,True
60,477,2456,2552,96,True
61,485,2456,2507,51,True
70,504,2456,2507,51,True
71,493,2456,2552,96,True
77,499,2456,2588,132,True
78,519,2456,2552,96,True
81,452,2456,2552,96,True
82,500,2456,2552,96,True
98,466,2456,2507,51,True
9,513,2457,2569,112,True
11,472,2457,2518,61,True
15,495,2457,2569,112,True
17,460,2457,2640,183,True
24,452,2457,2569,112,True
25,484,2457,2569,112,True
32,477,2457,2569,112,True
33,477,2457,2640,183,True
46,494,2457,2640,183,True
48,515,2457,2569,112,True
51,489,2457,2552,95,True
54,538,2457,2552,95,True
59,498,2457,2552,95,True
63,513,2457,2609,152,True
64,514,2457,2507,50,True
65,489,2457,2507,50,True
66,481,2457,2552,95,True
69,527,2457,2552,95,True
78,520,2457,2552,95,True
82,501,2457,2552,95,True
86,498,2457,2507,50,True
91,484,2457,2552,95,True
92,523,2457,2552,95,True
94,503,2457,2588,131,True
98,467,2457,2507,50,True
99,483,2457,2552,95,True
0,541,2458,2640,182,True
5,495,2458,2569,111,True
6,484,2458,2569,111,True
19,467,2458,2569,111,True
22,522,2458,2569,111,True
26,489,2458,2518,60,True
40,542,2458,2569,111,True
43,471,2458,2569,111,True
51,490,2458,2552,94,True
56,485,2458,2552,94,True
58,486,2458,2552,94,True
67,479,2458,2552,94,True
81,453,2458,2552,94,True
92,524,2458,2552,94,True
4,498,2459,2640,181,True
6,485,2459,2569,110,True
8,492,2459,2518,59,True
16,526,2459,2569,110,True
22,523,2459,2569,110,True
24,453,2459,2569,110,True
27,503,2459,2569,110,True
29,474,2459,2518,59,True
35,497,2459,2569,110,True
38,476,2459,2569,110,True
39,471,2459,2569,110,True
47,462,2459,2527,68,True
54,539,2459,2552,93,True
59,499,2459,2552,93,True
63,514,2459,2609,150,True
67,480,2459,2552,93,True
73,480,2459,2552,93,True
77,500,2459,2588,129,True
85,477,2459,2552,93,True
86,499,2459,2507,48,True
97,468,2459,2552,93,True
0,542,2460,2640,180,True
3,517,2460,2640,180,True
24,454,2460,2569,109,True
34,468,2460,2569,109,True
38,477,2460,2569,109,True
40,543,2460,2569,109,True
43,472,2460,2569,109,True
54,540,2460,2552,92,True
59,500,2460,2552,92,True
62,480,2460,2552,92,True
78,521,2460,2552,92,True
87,463,2460,2552,92,True
90,499,2460,2552,92,True
92,525,2460,2552,92,True
94,504,2460,2588,128,True
97,469,2460,2552,92,True
9,514,2461,2569,108,True
13,502,2461,2569,108,True
15,496,2461,2569,108,True
18,486,2461,2595,134,True
20,475,2461,2569,108,True
23,511,2461,2518,57,True
38,478,2461,2569,108,True
46,495,2461,2640,179,True
58,487,2461,2552,91,True
60,478,2461,2552,91,True
64,515,2461,2518,57,True
66,482,2461,2552,91,True
75,491,2461,2552,91,True
77,501,2461,2588,127,True
81,454,2461,2552,91,True
82,502,2461,2552,91,True
93,482,2461,2552,91,True
97,470,2461,2552,91,True
1,497,2462,2518,56,True
4,499,2462,2640,178,True
5,496,2462,2569,107,True
14,501,2462,2527,65,True
17,461,2462,2640,178,True
22,524,2462,2569,107,True
24,455,2462,2569,107,True
25,485,2462,2569,107,True
30,499,2462,2518,56,True
31,505,2462,2569,107,True
36,506,2462,2640,178,True
38,479,2462,2569,107,True
41,516,2462,2569,107,True
42,513,2462,2569,107,True
44,505,2462,2569,107,True
49,502,2462,2569,107,True
54,541,2462,2552,90,True
57,487,2462,2518,56,True
59,501,2462,2552,90,True
66,483,2462,2552,90,True
69,528,2462,2552,90,True
78,522,2462,2552,90,True
93,483,2462,2552,90,True
98,468,2462,2552,90,True
2,503,2463,2569,106,True
10,468,2463,2569,106,True
11,473,2463,2518,55,True
13,503,2463,2569,106,True
21,477,2463,2527,64,True
24,456,2463,2569,106,True
26,490,2463,2569,106,True
34,469,2463,2569,106,True
36,507,2463,2640,177,True
44,506,2463,2569,106,True
47,463,2463,2527,64,True
52,481,2463,,,False
57,488,2463,2518,55,True
64,516,2463,2518,55,True
66,484,2463,2552,89,True
76,502,2463,2534,71,True
78,523,2463,2552,89,True
83,477,2463,2552,89,True
98,469,2463,2552,89,True
1,498,2464,2518,54,True
3,518,2464,2640,176,True
8,493,2464,2518,54,True
12,499,2464,2569,105,True
15,497,2464,2569,105,True
17,462,2464,2640,176,True
20,476,2464,2569,105,True
27,504,2464,2569,105,True
33,478,2464,2640,176,True
34,470,2464,2569,105,True
40,544,2464,2569,105,True
44,507,2464,2569,105,True
49,503,2464,2569,105,True
53,477,2464,2552,88,True
59,502,2464,2552,88,True
63,515,2464,2609,145,True
64,517,2464,2518,54,True
69,529,2464,2552,88,True
81,455,2464,2552,88,True
99,484,2464,2552,88,True
4,500,2465,2640,175,True
6,486,2465,2569,104,True
16,527,2465,2569,104,True
31,506,2465,2569,104,True
34,471,2465,2569,104,True
37,471,2465,2640,175,True
47,464,2465,2527,62,True
50,486,2465,2507,42,True
53,478,2465,2552,87,True
56,486,2465,2552,87,True
62,481,2465,2552,87,True
64,518,2465,2518,53,True
67,481,2465,2552,87,True
74,504,2465,2552,87,True
92,526,2465,2552,87,True
97,471,2465,2552,87,True
6,487,2466,2569,103,True
15,498,2466,2569,103,True
19,468,2466,2569,103,True
22,525,2466,2595,129,True
24,457,2466,2569,103,True
42,514,2466,2569,103,True
54,542,2466,2552,86,True
56,487,2466,2552,86,True
58,488,2466,2552,86,True
61,486,2466,2518,52,True
74,505,2466,2552,86,True
78,524,2466,2552,86,True
2,504,2467,2569,102,True
13,504,2467,2569,102,True
14,502,2467,2527,60,True
20,477,2467,2569,102,True
34,472,2467,2569,102,True
35,498,2467,2569,102,True
48,516,2467,2569,102,True
50,487,2467,2534,67,True
53,479,2467,2552,85,True
63,516,2467,2609,142,True
75,492,2467,2552,85,True
76,503,2467,2534,67,True
78,525,2467,2552,85,True
79,451,2467,2534,67,True
84,500,2467,2552,85,True
86,500,2467,2518,51,True
92,527,2467,2552,85,True
97,472,2467,2552,85,True
2,505,2468,2569,101,True
3,519,2468,2640,172,True
14,503,2468,2527,59,True
23,512,2468,2640,172,True
28,501,2468,2569,101,True
30,500,2468,2569,101,True
34,473,2468,2569,101,True
37,472,2468,2640,172,True
44,508,2468,2569,101,True
51,491,2468,2588,120,True
61,487,2468,2518,50,True
64,519,2468,2518,50,True
66,485,2468,2552,84,True
80,530,2468,2588,120,True
81,456,2468,2588,120,True
86,501,2468,2534,66,True
89,482,2468,2609,141,True
90,500,2468,2552,84,True
91,485,2468,2552,84,True
0,543,2469,2640,171,True
1,499,2469,2640,171,True
2,506,2469,2569,100,True
3,520,2469,2640,171,True
5,497,2469,2569,100,True
20,478,2469,2569,100,True
31,507,2469,2569,100,True
32,478,2469,2569,100,True
38,480,2469,2569,100,True
42,515,2469,2569,100,True
45,463,2469,2569,100,True
48,517,2469,2569,100,True
49,504,2469,2640,171,True
54,543,2469,2552,83,True
65,490,2469,2534,65,True
74,506,2469,2552,83,True
82,503,2469,2588,119,True
83,478,2469,2552,83,True
84,501,2469,2552,83,True
86,502,2469,2534,65,True
87,464,2469,2552,83,True
89,483,2469,2609,140,True
90,501,2469,2552,83,True
92,528,2469,2552,83,True
96,458,2469,2609,140,True
2,507,2470,2569,99,True
12,500,2470,2640,170,True
15,499,2470,2569,99,True
19,469,2470,2569,99,True
22,526,2470,2595,125,True
27,505,2470,2569,99,True
39,472,2470,2569,99,True
41,517,2470,2640,170,True
44,509,2470,2569,99,True
46,496,2470,2640,170,True
47,465,2470,2527,57,True
48,518,2470,2569,99,True
50,488,2470,2552,82,True
64,520,2470,2518,48,True
67,482,2470,2552,82,True
70,505,2470,2552,82,True
72,483,2470,2518,48,True
75,493,2470,2609,139,True
76,504,2470,2534,64,True
78,526,2470,2552,82,True
80,531,2470,2588,118,True
81,457,2470,2588,118,True
82,504,2470,2588,118,True
88,497,2470,2609,139,True
96,459,2470,2609,139,True
3,521,2471,2640,169,True
7,471,2471,2595,124,True
9,515,2471,2569,98,True
10,469,2471,2595,124,True
11,474,2471,2640,169,True
12,501,2471,2640,169,True
19,470,2471,2569,98,True
22,527,2471,2595,124,True
23,513,2471,2640,169,True
24,458,2471,2569,98,True
25,486,2471,2569,98,True
26,491,2471,2569,98,True
27,506,2471,2569,98,True
33,479,2471,2640,169,True
34,474,2471,2569,98,True
36,508,2471,2640,169,True
40,545,2471,2595,124,True
41,518,2471,2640,169,True
43,473,2471,2569,98,True
44,510,2471,2569,98,True
46,497,2471,2640,169,True
48,519,2471,2569,98,True
49,505,2471,2640,169,True
52,482,2471,,,False
58,489,2471,2552,81,True
63,517,2471,2609,138,True
64,521,2471,2518,47,True
73,481,2471,2552,81,True
74,507,2471,2552,81,True
75,494,2471,2609,138,True
77,502,2471,2588,117,True
79,452,2471,2534,63,True
87,465,2471,2552,81,True
88,498,2471,2609,138,True
91,486,2471,2552,81,True
5,498,2472,2569,97,True
8,494,2472,2640,168,True
10,470,2472,2595,123,True
12,502,2472,2640,168,True
16,528,2472,2569,97,True
23,514,2472,2640,168,True
26,492,2472,2569,97,True
27,507,2472,2569,97,True
30,501,2472,2569,97,True
42,516,2472,2569,97,True
47,466,2472,2640,168,True
51,492,2472,2588,116,True
54,544,2472,2552,80,True
64,522,2472,2518,46,True
81,458,2472,2588,116,True
84,502,2472,2552,80,True
87,466,2472,2552,80,True
90,502,2472,2552,80,True
92,529,2472,2552,80,True
93,484,2472,2552,80,True
94,505,2472,2588,116,True
97,473,2472,2552,80,True
98,470,2472,2552,80,True
2,508,2473,2569,96,True
4,501,2473,2640,167,True
8,495,2473,2640,167,True
9,516,2473,2569,96,True
10,471,2473,2595,122,True
12,503,2473,2640,167,True
24,459,2473,2569,96,True
31,508,2473,2569,96,True
33,480,2473,2640,167,True
36,509,2473,2640,167,True
38,481,2473,2595,122,True
50,489,2473,2552,79,True
58,490,2473,2552,79,True
69,530,2473,2552,79,True
76,505,2473,2552,79,True
78,527,2473,2588,115,True
85,478,2473,2552,79,True
97,474,2473,2552,79,True
10,472,2474,2595,121,True
17,463,2474,2640,166,True
25,487,2474,2569,95,True
27,508,2474,2569,95,True
31,509,2474,2569,95,True
34,475,2474,2569,95,True
35,499,2474,2569,95,True
42,517,2474,2569,95,True
46,498,2474,2640,166,True
51,493,2474,2588,114,True
60,479,2474,2588,114,True
61,488,2474,2518,44,True
63,518,2474,2609,135,True
66,486,2474,2588,114,True
67,483,2474,2552,78,True
68,505,2474,2588,114,True
71,494,2474,2588,114,True
82,505,2474,2588,114,True
84,503,2474,2552,78,True
89,484,2474,2609,135,True
92,530,2474,2552,78,True
93,485,2474,2609,135,True
98,471,2474,2552,78,True
3,522,2475,2640,165,True
6,488,2475,2569,94,True
7,472,2475,2595,120,True
8,496,2475,2640,165,True
10,473,2475,2595,120,True
13,505,2475,2569,94,True
14,504,2475,2527,52,True
16,529,2475,2569,94,True
27,509,2475,2569,94,True
34,476,2475,2569,94,True
38,482,2475,2595,120,True
39,473,2475,2569,94,True
47,467,2475,2640,165,True
53,480,2475,2609,134,True
56,488,2475,2552,77,True
62,482,2475,2552,77,True
65,491,2475,2569,94,True
72,484,2475,2534,59,True
76,506,2475,2552,77,True
78,528,2475,2588,113,True
79,453,2475,2534,59,True
89,485,2475,2609,134,True
94,506,2475,2588,113,True
95,505,2475,2588,113,True
97,475,2475,2552,77,True
8,497,2476,2640,164,True
9,517,2476,2569,93,True
18,487,2476,2595,119,True
25,488,2476,2569,93,True
30,502,2476,2569,93,True
32,479,2476,2640,164,True
34,477,2476,2569,93,True
35,500,2476,2569,93,True
39,474,2476,2569,93,True
42,518,2476,2569,93,True
47,468,2476,2640,164,True
49,506,2476,2640,164,True
54,545,2476,2588,112,True
58,491,2476,2552,76,True
60,480,2476,2588,112,True
65,492,2476,2569,93,True
66,487,2476,2588,112,True
70,506,2476,2552,76,True
71,495,2476,2588,112,True
80,532,2476,2588,112,True
82,506,2476,2588,112,True
83,479,2476,2588,112,True
84,504,2476,2552,76,True
93,486,2476,2609,133,True
97,476,2476,2552,76,True
9,518,2477,2569,92,True
12,504,2477,2640,163,True
19,471,2477,2569,92,True
20,479,2477,2569,92,True
24,460,2477,2569,92,True
25,489,2477,2569,92,True
29,475,2477,2640,163,True
33,481,2477,2640,163,True
43,474,2477,2640,163,True
49,507,2477,2640,163,True
54,546,2477,2588,111,True
59,503,2477,2588,111,True
61,489,2477,2535,58,True
64,523,2477,2552,75,True
65,493,2477,2569,92,True
83,480,2477,2588,111,True
92,531,2477,2552,75,True
98,472,2477,2552,75,True
6,489,2478,2569,91,True
10,474,2478,2595,117,True
13,506,2478,2569,91,True
19,472,2478,2569,91,True
27,510,2478,2569,91,True
30,503,2478,2569,91,True
33,482,2478,2640,162,True
40,546,2478,2595,117,True
47,469,2478,2640,162,True
60,481,2478,2588,110,True
68,506,2478,2588,110,True
70,507,2478,2552,74,True
71,496,2478,2588,110,True
79,454,2478,2552,74,True
84,505,2478,2552,74,True
85,479,2478,2552,74,True
4,502,2479,2640,161,True
8,498,2479,2640,161,True
31,510,2479,2640,161,True
42,519,2479,2640,161,True
44,511,2479,2640,161,True
50,490,2479,2569,90,True
56,489,2479,2552,73,True
60,482,2479,2588,109,True
62,483,2479,2552,73,True
63,519,2479,2609,130,True
64,524,2479,2552,73,True
66,488,2479,2588,109,True
67,484,2479,2552,73,True
75,495,2479,2609,130,True
87,467,2479,2609,130,True
93,487,2479,2609,130,True
1,500,2480,2640,160,True
5,499,2480,2640,160,True
6,490,2480,2569,89,True
16,530,2480,2640,160,True
20,480,2480,2569,89,True
31,511,2480,2640,160,True
49,508,2480,2640,160,True
57,489,2480,2534,54,True
64,525,2480,2552,72,True
65,494,2480,2569,89,True
71,497,2480,2588,108,True
77,503,2480,2588,108,True
82,507,2480,2588,108,True
85,480,2480,2552,72,True
99,485,2480,2588,108,True
0,544,2481,2640,159,True
7,473,2481,2595,114,True
14,505,2481,2640,159,True
16,531,2481,2640,159,True
19,473,2481,2569,88,True
24,461,2481,2640,159,True
34,478,2481,2569,88,True
37,473,2481,2640,159,True
42,520,2481,2640,159,True
43,475,2481,2640,159,True
48,520,2481,2569,88,True
50,491,2481,2569,88,True
52,483,2481,,,False
54,547,2481,2588,107,True
63,520,2481,2609,128,True
64,526,2481,2569,88,True
70,508,2481,2552,71,True
85,481,2481,2552,71,True
89,486,2481,2609,128,True
16,532,2482,2640,158,True
17,464,2482,2640,158,True
23,515,2482,2640,158,True
26,493,2482,2640,158,True
41,519,2482,2640,158,True
42,521,2482,2640,158,True
48,521,2482,2569,87,True
51,494,2482,2588,106,True
63,521,2482,2609,127,True
65,495,2482,2569,87,True
75,496,2482,2609,127,True
86,503,2482,2569,87,True
87,468,2482,2609,127,True
90,503,2482,2552,70,True
99,486,2482,2588,106,True
12,505,2483,2640,157,True
19,474,2483,2569,86,True
30,504,2483,2569,86,True
31,512,2483,2640,157,True
33,483,2483,2640,157,True
36,510,2483,2640,157,True
39,475,2483,2640,157,True
45,464,2483,2569,86,True
50,492,2483,2569,86,True
52,484,2483,,,False
56,490,2483,2552,69,True
58,492,2483,2552,69,True
63,522,2483,2609,126,True
75,497,2483,2609,126,True
85,482,2483,2552,69,True
96,460,2483,2609,126,True
5,500,2484,2640,156,True
10,475,2484,2640,156,True
13,507,2484,2569,85,True
15,500,2484,2569,85,True
17,465,2484,2640,156,True
28,502,2484,2595,111,True
44,512,2484,2640,156,True
52,485,2484,,,False
56,491,2484,2552,68,True
59,504,2484,2588,104,True
60,483,2484,2609,125,True
71,498,2484,2588,104,True
73,482,2484,2569,85,True
77,504,2484,2609,125,True
79,455,2484,2552,68,True
94,507,2484,2588,104,True
1,501,2485,2640,155,True
5,501,2485,2640,155,True
8,499,2485,2640,155,True
13,508,2485,2569,84,True
19,475,2485,2569,84,True
20,481,2485,2569,84,True
29,476,2485,2640,155,True
30,505,2485,2569,84,True
31,513,2485,2640,155,True
33,484,2485,2640,155,True
37,474,2485,2640,155,True
39,476,2485,2640,155,True
44,513,2485,2640,155,True
45,465,2485,2569,84,True
48,522,2485,2569,84,True
52,486,2485,,,False
53,481,2485,2609,124,True
55,447,2485,2609,124,True
58,493,2485,2552,67,True
66,489,2485,2588,103,True
73,483,2485,2569,84,True
85,483,2485,2552,67,True
98,473,2485,2588,103,True
3,523,2486,2640,154,True
4,503,2486,2640,154,True
6,491,2486,2569,83,True
7,474,2486,2595,109,True
11,475,2486,2640,154,True
12,506,2486,2640,154,True
19,476,2486,2569,83,True
26,494,2486,2640,154,True
27,511,2486,2640,154,True
29,477,2486,2640,154,True
30,506,2486,2569,83,True
31,514,2486,2640,154,True
35,501,2486,2569,83,True
36,511,2486,2640,154,True
38,483,2486,2595,109,True
39,477,2486,2640,154,True
44,514,2486,2640,154,True
51,495,2486,2588,102,True
57,490,2486,2569,83,True
64,527,2486,2569,83,True
66,490,2486,2588,102,True
68,507,2486,2588,102,True
72,485,2486,2552,66,True
78,529,2486,2609,123,True
79,456,2486,2552,66,True
81,459,2486,2588,102,True
85,484,2486,2552,66,True
2,509,2487,2569,82,True
4,504,2487,2640,153,True
7,475,2487,2595,108,True
19,477,2487,2569,82,True
25,490,2487,2595,108,True
26,495,2487,2640,153,True
32,480,2487,2640,153,True
40,547,2487,2595,108,True
46,499,2487,2640,153,True
49,509,2487,2640,153,True
57,491,2487,2569,82,True
58,494,2487,2609,122,True
62,484,2487,2588,101,True
63,523,2487,2609,122,True
66,491,2487,2588,101,True
70,509,2487,2552,65,True
72,486,2487,2552,65,True
89,487,2487,2609,122,True
96,461,2487,2609,122,True
8,500,2488,2640,152,True
18,488,2488,2640,152,True
19,478,2488,2569,81,True
20,482,2488,2569,81,True
21,478,2488,2640,152,True
35,502,2488,2569,81,True
39,478,2488,2640,152,True
40,548,2488,2595,107,True
44,515,2488,2640,152,True
45,466,2488,2569,81,True
47,470,2488,2640,152,True
49,510,2488,2640,152,True
51,496,2488,2588,100,True
55,448,2488,2609,121,True
61,490,2488,2569,81,True
63,524,2488,2609,121,True
67,485,2488,2609,121,True
78,530,2488,2609,121,True
79,457,2488,2552,64,True
88,499,2488,2642,154,True
89,488,2488,2609,121,True
90,504,2488,2609,121,True
6,492,2489,2569,80,True
12,507,2489,2640,151,True
13,509,2489,2640,151,True
24,462,2489,2640,151,True
25,491,2489,2595,106,True
38,484,2489,2595,106,True
40,549,2489,2640,151,True
45,467,2489,2569,80,True
52,487,2489,,,False
61,491,2489,2569,80,True
63,525,2489,2609,120,True
64,528,2489,2569,80,True
67,486,2489,2609,120,True
69,531,2489,2609,120,True
77,505,2489,2609,120,True
83,481,2489,2588,99,True
84,506,2489,2609,120,True
90,505,2489,2609,120,True
91,487,2489,2588,99,True
98,474,2489,2588,99,True
1,502,2490,2640,150,True
3,524,2490,2640,150,True
11,476,2490,2640,150,True
12,508,2490,2640,150,True
18,489,2490,2640,150,True
22,528,2490,2640,150,True
26,496,2490,2640,150,True
27,512,2490,2640,150,True
29,478,2490,2640,150,True
34,479,2490,2569,79,True
37,475,2490,2640,150,True
38,485,2490,2595,105,True
47,471,2490,2640,150,True
48,523,2490,2595,105,True
55,449,2490,2609,119,True
69,532,2490,2609,119,True
72,487,2490,2552,62,True
77,506,2490,2609,119,True
88,500,2490,2642,152,True
95,506,2490,2588,98,True
5,502,2491,2640,149,True
26,497,2491,2640,149,True
28,503,2491,2595,104,True
36,512,2491,2640,149,True
40,550,2491,2640,149,True
49,511,2491,2640,149,True
50,493,2491,2609,118,True
51,497,2491,2588,97,True
57,492,2491,2569,78,True
58,495,2491,2609,118,True
61,492,2491,2569,78,True
62,485,2491,2642,151,True
68,508,2491,2588,97,True
73,484,2491,2569,78,True
78,531,2491,2609,118,True
81,460,2491,2588,97,True
85,485,2491,2609,118,True
90,506,2491,2609,118,True
91,488,2491,2588,97,True
93,488,2491,2609,118,True
96,462,2491,2609,118,True
14,506,2492,2640,148,True
25,492,2492,2595,103,True
29,479,2492,2640,148,True
34,480,2492,2569,77,True
41,520,2492,2640,148,True
48,524,2492,2595,103,True
54,548,2492,2588,96,True
55,450,2492,2609,117,True
58,496,2492,2609,117,True
60,484,2492,2609,117,True
62,486,2492,2642,150,True
64,529,2492,2569,77,True
65,496,2492,2569,77,True
71,499,2492,2642,150,True
79,458,2492,2569,77,True
83,482,2492,2588,96,True
84,507,2492,2609,117,True
85,486,2492,2609,117,True
87,469,2492,2609,117,True
94,508,2492,2588,96,True
96,463,2492,2609,117,True
7,476,2493,2595,102,True
12,509,2493,2640,147,True
13,510,2493,2640,147,True
27,513,2493,2640,147,True
28,504,2493,2595,102,True
47,472,2493,2640,147,True
50,494,2493,2609,116,True
53,482,2493,2609,116,True
56,492,2493,2642,149,True
59,505,2493,2609,116,True
62,487,2493,2642,149,True
64,530,2493,2569,76,True
65,497,2493,2569,76,True
66,492,2493,2609,116,True
70,510,2493,2569,76,True
74,508,2493,2609,116,True
83,483,2493,2588,95,True
88,501,2493,2642,149,True
94,509,2493,2588,95,True
95,507,2493,2588,95,True
98,475,2493,2588,95,True
3,525,2494,2640,146,True
6,493,2494,2569,75,True
15,501,2494,2569,75,True
19,479,2494,2569,75,True
20,483,2494,2569,75,True
21,479,2494,2640,146,True
27,514,2494,2640,146,True
31,515,2494,2640,146,True
33,485,2494,2640,146,True
39,479,2494,2640,146,True
42,522,2494,2640,146,True
44,516,2494,2640,146,True
50,495,2494,2609,115,True
57,493,2494,2569,75,True
63,526,2494,2609,115,True
70,511,2494,2569,75,True
81,461,2494,2609,115,True
0,545,2495,2640,145,True
4,505,2495,2640,145,True
5,503,2495,2640,145,True
7,477,2495,2595,100,True
9,519,2495,2595,100,True
13,511,2495,2640,145,True
18,490,2495,2640,145,True
19,480,2495,2640,145,True
20,484,2495,2569,74,True
28,505,2495,2595,100,True
33,486,2495,2640,145,True
40,551,2495,2640,145,True
41,521,2495,2640,145,True
48,525,2495,2595,100,True
53,483,2495,2609,114,True
61,493,2495,2569,74,True
69,533,2495,2609,114,True
83,484,2495,2588,93,True
87,470,2495,2609,114,True
92,532,2495,2609,114,True
97,477,2495,2588,93,True
2,510,2496,2569,73,True
6,494,2496,2569,73,True
10,476,2496,2640,144,True
14,507,2496,2640,144,True
20,485,2496,2569,73,True
21,480,2496,2640,144,True
22,529,2496,2640,144,True
27,515,2496,2640,144,True
28,506,2496,2595,99,True
29,480,2496,2640,144,True
41,522,2496,2640,144,True
46,500,2496,2640,144,True
53,484,2496,2609,113,True
66,493,2496,2609,113,True
76,507,2496,2609,113,True
96,464,2496,2609,113,True
99,487,2496,2609,113,True
13,512,2497,2640,143,True
14,508,2497,2640,143,True
16,533,2497,2640,143,True
18,491,2497,2640,143,True
36,513,2497,2640,143,True
46,501,2497,2640,143,True
63,527,2497,2609,112,True
73,485,2497,2569,72,True
95,508,2497,2588,91,True
28,507,2498,2595,97,True
32,481,2498,2640,142,True
33,487,2498,2640,142,True
38,486,2498,2640,142,True
41,523,2498,2640,142,True
47,473,2498,2640,142,True
54,549,2498,2609,111,True
57,494,2498,2569,71,True
58,497,2498,2609,111,True
60,485,2498,2609,111,True
69,534,2498,2609,111,True
73,486,2498,2569,71,True
75,498,2498,2609,111,True
80,533,2498,2588,90,True
81,462,2498,2609,111,True
85,487,2498,2609,111,True
89,489,2498,2642,144,True
92,533,2498,2609,111,True
4,506,2499,2640,141,True
6,495,2499,2595,96,True
10,477,2499,2640,141,True
13,513,2499,2640,141,True
15,502,2499,2569,70,True
27,516,2499,2640,141,True
34,481,2499,2569,70,True
36,514,2499,2640,141,True
41,524,2499,2640,141,True
49,512,2499,2640,141,True
50,496,2499,2609,110,True
68,509,2499,2588,89,True
73,487,2499,2609,110,True
79,459,2499,2569,70,True
82,508,2499,2588,89,True
84,508,2499,2609,110,True
88,502,2499,2642,143,True
92,534,2499,2609,110,True
93,489,2499,2609,110,True
11,477,2500,2640,140,True
13,514,2500,2640,140,True
14,509,2500,2640,140,True
17,466,2500,2640,140,True
19,481,2500,2640,140,True
22,530,2500,2640,140,True
25,493,2500,2595,95,True
26,498,2500,2640,140,True
28,508,2500,2595,95,True
29,481,2500,2640,140,True
33,488,2500,2640,140,True
34,482,2500,2569,69,True
39,480,2500,2640,140,True
49,513,2500,2640,140,True
51,498,2500,2588,88,True
52,488,2500,,,False
57,495,2500,2569,69,True
62,488,2500,2642,142,True
65,498,2500,2569,69,True
69,535,2500,2609,109,True
71,500,2500,2642,142,True
79,460,2500,2569,69,True
80,534,2500,2588,88,True
81,463,2500,2609,109,True
85,488,2500,2609,109,True
87,471,2500,2609,109,True
91,489,2500,2609,109,True
99,488,2500,2609,109,True
0,546,2501,2640,139,True
1,503,2501,2640,139,True
6,496,2501,2595,94,True
10,478,2501,2640,139,True
11,478,2501,2640,139,True
20,486,2501,2569,68,True
27,517,2501,2640,139,True
28,509,2501,2595,94,True
32,482,2501,2640,139,True
34,483,2501,2569,68,True
37,476,2501,2640,139,True
38,487,2501,2640,139,True
40,552,2501,2640,139,True
44,517,2501,2640,139,True
46,502,2501,2640,139,True
52,489,2501,,,False
54,550,2501,2609,108,True
57,496,2501,2569,68,True
59,506,2501,2609,108,True
64,531,2501,2569,68,True
66,494,2501,2609,108,True
70,512,2501,2569,68,True
71,501,2501,2642,141,True
72,488,2501,2609,108,True
75,499,2501,2609,108,True
80,535,2501,2588,87,True
86,504,2501,2569,68,True
87,472,2501,2609,108,True
94,510,2501,2588,87,True
3,526,2502,2640,138,True
5,504,2502,2640,138,True
8,501,2502,2640,138,True
9,520,2502,2595,93,True
15,503,2502,2569,67,True
20,487,2502,2569,67,True
25,494,2502,2595,93,True
26,499,2502,2640,138,True
32,483,2502,2640,138,True
47,474,2502,2640,138,True
53,485,2502,2609,107,True
54,551,2502,2609,107,True
61,494,2502,2569,67,True
63,528,2502,2609,107,True
74,509,2502,2609,107,True
75,500,2502,2609,107,True
95,509,2502,2588,86,True
97,478,2502,2609,107,True
6,497,2503,2595,92,True
7,478,2503,2640,137,True
15,504,2503,2569,66,True
16,534,2503,2640,137,True
17,467,2503,2640,137,True
21,481,2503,2640,137,True
26,500,2503,2640,137,True
27,518,2503,2640,137,True
31,516,2503,2640,137,True
34,484,2503,2569,66,True
37,477,2503,2640,137,True
41,525,2503,2640,137,True
46,503,2503,2640,137,True
61,495,2503,2569,66,True
62,489,2503,2642,139,True
63,529,2503,2609,106,True
73,488,2503,2609,106,True
78,532,2503,2609,106,True
80,536,2503,2588,85,True
85,489,2503,2609,106,True
94,511,2503,2588,85,True
97,479,2503,2609,106,True
4,507,2504,2640,136,True
33,489,2504,2640,136,True
35,503,2504,2569,65,True
40,553,2504,2640,136,True
41,526,2504,2640,136,True
42,523,2504,2640,136,True
47,475,2504,2640,136,True
54,552,2504,2609,105,True
57,497,2504,2569,65,True
63,530,2504,2609,105,True
64,532,2504,2569,65,True
68,510,2504,2588,84,True
75,501,2504,2609,105,True
86,505,2504,2609,105,True
91,490,2504,2609,105,True
2,511,2505,2595,90,True
3,527,2505,2640,135,True
11,479,2505,2640,135,True
13,515,2505,2640,135,True
15,505,2505,2640,135,True
22,531,2505,2640,135,True
23,516,2505,2640,135,True
27,519,2505,2640,135,True
33,490,2505,2640,135,True
37,478,2505,2640,135,True
39,481,2505,2640,135,True
44,518,2505,2640,135,True
45,468,2505,2595,90,True
48,526,2505,2640,135,True
55,451,2505,2609,104,True
58,498,2505,2609,104,True
64,533,2505,2569,64,True
65,499,2505,2609,104,True
67,487,2505,2609,104,True
74,510,2505,2609,104,True
76,508,2505,2609,104,True
77,507,2505,2609,104,True
85,490,2505,2609,104,True
98,476,2505,2588,83,True
4,508,2506,2640,134,True
14,510,2506,2640,134,True
15,506,2506,2640,134,True
16,535,2506,2640,134,True
17,468,2506,2640,134,True
20,488,2506,2569,63,True
31,517,2506,2640,134,True
34,485,2506,2569,63,True
37,479,2506,2640,134,True
43,476,2506,2640,134,True
46,504,2506,2640,134,True
52,490,2506,,,False
56,493,2506,2642,136,True
57,498,2506,2569,63,True
62,490,2506,2642,136,True
64,534,2506,2569,63,True
71,502,2506,2642,136,True
74,511,2506,2609,103,True
85,491,2506,2609,103,True
88,503,2506,2642,136,True
92,535,2506,2609,103,True
95,510,2506,2588,82,True
7,479,2507,2640,133,True
10,479,2507,2640,133,True
35,504,2507,2569,62,True
40,554,2507,2640,133,True
41,527,2507,2640,133,True
44,519,2507,2640,133,True
54,553,2507,2609,102,True
55,452,2507,2609,102,True
62,491,2507,2642,135,True
70,513,2507,2588,81,True
73,489,2507,2609,102,True
80,537,2507,2588,81,True
89,490,2507,2642,135,True
1,504,2508,2640,132,True
4,509,2508,2640,132,True
8,502,2508,2640,132,True
9,521,2508,2640,132,True
19,482,2508,2640,132,True
33,491,2508,2640,132,True
38,488,2508,2640,132,True
39,482,2508,2640,132,True
44,520,2508,2640,132,True
52,491,2508,,,False
55,453,2508,2609,101,True
59,507,2508,2609,101,True
60,486,2508,2609,101,True
71,503,2508,2642,134,True
72,489,2508,2609,101,True
79,461,2508,2609,101,True
80,538,2508,2588,80,True
5,505,2509,2640,131,True
40,555,2509,2640,131,True
46,505,2509,2640,131,True
52,492,2509,,,False
55,454,2509,2609,100,True
64,535,2509,2588,79,True
66,495,2509,2609,100,True
71,504,2509,2642,133,True
85,492,2509,2609,100,True
88,504,2509,2642,133,True
93,490,2509,2642,133,True
0,547,2510,2640,130,True
7,480,2510,2640,130,True
19,483,2510,2640,130,True
21,482,2510,2640,130,True
46,506,2510,2640,130,True
55,455,2510,2609,99,True
61,496,2510,2569,59,True
64,536,2510,2588,78,True
66,496,2510,2609,99,True
70,514,2510,2588,78,True
76,509,2510,2609,99,True
79,462,2510,2609,99,True
82,509,2510,2609,99,True
88,505,2510,2642,132,True
91,491,2510,2609,99,True
93,491,2510,2642,132,True
99,489,2510,2609,99,True
1,505,2511,2640,129,True
2,512,2511,2640,129,True
3,528,2511,2640,129,True
13,516,2511,2640,129,True
14,511,2511,2640,129,True
16,536,2511,2640,129,True
18,492,2511,2640,129,True
31,518,2511,2640,129,True
32,484,2511,2640,129,True
33,492,2511,2640,129,True
44,521,2511,2640,129,True
52,493,2511,,,False
58,499,2511,2609,98,True
71,505,2511,2642,131,True
73,490,2511,2609,98,True
80,539,2511,2609,98,True
81,464,2511,2609,98,True
87,473,2511,2642,131,True
88,506,2511,2642,131,True
98,477,2511,2588,77,True
2,513,2512,2640,128,True
3,529,2512,2640,128,True
6,498,2512,2640,128,True
14,512,2512,2640,128,True
19,484,2512,2640,128,True
28,510,2512,2640,128,True
34,486,2512,2595,83,True
47,476,2512,2640,128,True
50,497,2512,2609,97,True
52,494,2512,,,False
53,486,2512,2609,97,True
63,531,2512,2609,97,True
68,511,2512,2609,97,True
83,485,2512,2609,97,True
84,509,2512,2642,130,True
90,507,2512,2609,97,True
95,511,2512,2609,97,True
98,478,2512,2588,76,True
5,506,2513,2640,127,True
7,481,2513,2640,127,True
13,517,2513,2640,127,True
25,495,2513,2640,127,True
39,483,2513,2640,127,True
40,556,2513,2640,127,True
43,477,2513,2640,127,True
46,507,2513,2640,127,True
47,477,2513,2640,127,True
49,514,2513,2640,127,True
56,494,2513,2642,129,True
72,490,2513,2609,96,True
76,510,2513,2609,96,True
88,507,2513,2642,129,True
91,492,2513,2609,96,True
1,506,2514,2640,126,True
4,510,2514,2640,126,True
5,507,2514,2640,126,True
14,513,2514,2640,126,True
24,463,2514,2640,126,True
27,520,2514,2640,126,True
32,485,2514,2640,126,True
52,495,2514,,,False
58,500,2514,2609,95,True
62,492,2514,2642,128,True
70,515,2514,2609,95,True
72,491,2514,2609,95,True
73,491,2514,2609,95,True
75,502,2514,2609,95,True
76,511,2514,2609,95,True
80,540,2514,2609,95,True
84,510,2514,2642,128,True
0,548,2515,2640,125,True
2,514,2515,2640,125,True
6,499,2515,2640,125,True
10,480,2515,2640,125,True
11,480,2515,2640,125,True
12,510,2515,2640,125,True
15,507,2515,2640,125,True
18,493,2515,2640,125,True
20,489,2515,2569,54,True
23,517,2515,2640,125,True
28,511,2515,2640,125,True
30,507,2515,2595,80,True
36,515,2515,2640,125,True
37,480,2515,2640,125,True
42,524,2515,2640,125,True
53,487,2515,2609,94,True
56,495,2515,2642,127,True
59,508,2515,2609,94,True
61,497,2515,2588,73,True
68,512,2515,2609,94,True
71,506,2515,2642,127,True
76,512,2515,2609,94,True
83,486,2515,2609,94,True
86,506,2515,2609,94,True
87,474,2515,2642,127,True
2,515,2516,2640,124,True
7,482,2516,2640,124,True
11,481,2516,2640,124,True
14,514,2516,2640,124,True
21,483,2516,2640,124,True
23,518,2516,2640,124,True
25,496,2516,2640,124,True
26,501,2516,2640,124,True
30,508,2516,2595,79,True
31,519,2516,2640,124,True
32,486,2516,2640,124,True
34,487,2516,2595,79,True
38,489,2516,2640,124,True
40,557,2516,2640,124,True
47,478,2516,2640,124,True
53,488,2516,2609,93,True
56,496,2516,2642,126,True
62,493,2516,2642,126,True
69,536,2516,2642,126,True
72,492,2516,2609,93,True
82,510,2516,2609,93,True
83,487,2516,2642,126,True
91,493,2516,2609,93,True
93,492,2516,2642,126,True
95,512,2516,2609,93,True
96,465,2516,2642,126,True
97,480,2516,2609,93,True
99,490,2516,2609,93,True
0,549,2517,2640,123,True
17,469,2517,2640,123,True
23,519,2517,2640,123,True
26,502,2517,2640,123,True
27,521,2517,2640,123,True
29,482,2517,2640,123,True
34,488,2517,2595,78,True
50,498,2517,2609,92,True
53,489,2517,2609,92,True
55,456,2517,2609,92,True
61,498,2517,2588,71,True
63,532,2517,2609,92,True
67,488,2517,2642,125,True
71,507,2517,2642,125,True
76,513,2517,2609,92,True
80,541,2517,2609,92,True
92,536,2517,2642,125,True
94,512,2517,2609,92,True
95,513,2517,2609,92,True
1,507,2518,2640,122,True
2,516,2518,2640,122,True
7,483,2518,2640,122,True
8,503,2518,2640,122,True
9,522,2518,2640,122,True
11,482,2518,2640,122,True
19,485,2518,2640,122,True
22,532,2518,2640,122,True
25,497,2518,2640,122,True
32,487,2518,2640,122,True
39,484,2518,2640,122,True
47,479,2518,2640,122,True
56,497,2518,2642,124,True
57,499,2518,2588,70,True
65,500,2518,2609,91,True
76,514,2518,2609,91,True
82,511,2518,2609,91,True
86,507,2518,2609,91,True
92,537,2518,2642,124,True
2,517,2519,2640,121,True
14,515,2519,2640,121,True
17,470,2519,2640,121,True
20,490,2519,2595,76,True
21,484,2519,2640,121,True
33,493,2519,2640,121,True
37,481,2519,2640,121,True
46,508,2519,2640,121,True
49,515,2519,2640,121,True
54,554,2519,2642,123,True
56,498,2519,2642,123,True
62,494,2519,2642,123,True
72,493,2519,2609,90,True
85,493,2519,2609,90,True
93,493,2519,2642,123,True
99,491,2519,2609,90,True
2,518,2520,2640,120,True
6,500,2520,2640,120,True
9,523,2520,2640,120,True
12,511,2520,2640,120,True
21,485,2520,2640,120,True
22,533,2520,2640,120,True
23,520,2520,2640,120,True
28,512,2520,2640,120,True
31,520,2520,2640,120,True
32,488,2520,2640,120,True
33,494,2520,2640,120,True
38,490,2520,2640,120,True
40,558,2520,2640,120,True
41,528,2520,2640,120,True
43,478,2520,2640,120,True
45,469,2520,2595,75,True
46,509,2520,2640,120,True
47,480,2520,2640,120,True
48,527,2520,2640,120,True
53,490,2520,2609,89,True
61,499,2520,2588,68,True
65,501,2520,2609,89,True
70,516,2520,2609,89,True
72,494,2520,2609,89,True
74,512,2520,2642,122,True
75,503,2520,2609,89,True
86,508,2520,2609,89,True
87,475,2520,2642,122,True
90,508,2520,2642,122,True
92,538,2520,2642,122,True
97,481,2520,2609,89,True
9,524,2521,2640,119,True
10,481,2521,2640,119,True
13,518,2521,2640,119,True
17,471,2521,2640,119,True
19,486,2521,2640,119,True
32,489,2521,2640,119,True
33,495,2521,2640,119,True
35,505,2521,2595,74,True
37,482,2521,2640,119,True
40,559,2521,2640,119,True
47,481,2521,2640,119,True
49,516,2521,2640,119,True
55,457,2521,2609,88,True
62,495,2521,2642,121,True
67,489,2521,2642,121,True
78,533,2521,2642,121,True
82,512,2521,2609,88,True
87,476,2521,2642,121,True
92,539,2521,2642,121,True
97,482,2521,2609,88,True
0,550,2522,2640,118,True
20,491,2522,2595,73,True
38,491,2522,2640,118,True
44,522,2522,2640,118,True
49,517,2522,2640,118,True
51,499,2522,2609,87,True
56,499,2522,2642,120,True
60,487,2522,2609,87,True
64,537,2522,2588,66,True
71,508,2522,2642,120,True
75,504,2522,2609,87,True
78,534,2522,2642,120,True
79,463,2522,2609,87,True
80,542,2522,2609,87,True
81,465,2522,2642,120,True
83,488,2522,2642,120,True
89,491,2522,2642,120,True
96,466,2522,2642,120,True
98,479,2522,2609,87,True
0,551,2523,2640,117,True
2,519,2523,2640,117,True
7,484,2523,2640,117,True
8,504,2523,2640,117,True
11,483,2523,2640,117,True
16,537,2523,2640,117,True
19,487,2523,2640,117,True
32,490,2523,2640,117,True
35,506,2523,2595,72,True
37,483,2523,2640,117,True
38,492,2523,2640,117,True
46,510,2523,2640,117,True
52,496,2523,,,False
54,555,2523,2642,119,True
61,500,2523,2588,65,True
65,502,2523,2609,86,True
66,497,2523,2609,86,True
69,537,2523,2642,119,True
84,511,2523,2642,119,True
85,494,2523,2609,86,True
91,494,2523,2609,86,True
6,501,2524,2640,116,True
8,505,2524,2640,116,True
11,484,2524,2640,116,True
15,508,2524,2640,116,True
23,521,2524,2640,116,True
25,498,2524,2640,116,True
29,483,2524,2640,116,True
39,485,2524,2640,116,True
40,560,2524,2640,116,True
58,501,2524,2609,85,True
70,517,2524,2609,85,True
71,509,2524,2642,118,True
76,515,2524,2609,85,True
91,495,2524,2609,85,True
0,552,2525,2640,115,True
1,508,2525,2640,115,True
3,530,2525,2640,115,True
25,499,2525,2640,115,True
33,496,2525,2640,115,True
48,528,2525,2640,115,True
56,500,2525,2642,117,True
63,533,2525,2642,117,True
64,538,2525,2609,84,True
65,503,2525,2609,84,True
68,513,2525,2609,84,True
74,513,2525,2642,117,True
77,508,2525,2642,117,True
78,535,2525,2642,117,True
80,543,2525,2609,84,True
83,489,2525,2642,117,True
87,477,2525,2642,117,True
92,540,2525,2642,117,True
93,494,2525,2642,117,True
15,509,2526,2640,114,True
18,494,2526,2640,114,True
19,488,2526,2640,114,True
25,500,2526,2640,114,True
27,522,2526,2640,114,True
31,521,2526,2640,114,True
32,491,2526,2640,114,True
38,493,2526,2640,114,True
40,561,2526,2640,114,True
41,529,2526,2640,114,True
42,525,2526,2640,114,True
48,529,2526,2640,114,True
55,458,2526,2689,163,True
67,490,2526,2642,116,True
72,495,2526,2609,83,True
75,505,2526,2642,116,True
78,536,2526,2642,116,True
80,544,2526,2609,83,True
81,466,2526,2642,116,True
83,490,2526,2642,116,True
90,509,2526,2642,116,True
92,541,2526,2642,116,True
96,467,2526,2642,116,True
16,538,2527,2640,113,True
21,486,2527,2640,113,True
28,513,2527,2640,113,True
41,530,2527,2640,113,True
47,482,2527,2640,113,True
50,499,2527,2609,82,True
61,501,2527,2588,61,True
62,496,2527,2642,115,True
63,534,2527,2642,115,True
65,504,2527,2609,82,True
67,491,2527,2642,115,True
73,492,2527,2609,82,True
77,509,2527,2642,115,True
82,513,2527,2609,82,True
85,495,2527,2609,82,True
87,478,2527,2642,115,True
89,492,2527,2642,115,True
93,495,2527,2642,115,True
98,480,2527,2609,82,True
2,520,2528,2640,112,True
8,506,2528,2640,112,True
9,525,2528,2640,112,True
20,492,2528,2595,67,True
33,497,2528,2640,112,True
34,489,2528,2640,112,True
40,562,2528,2640,112,True
43,479,2528,2640,112,True
60,488,2528,2642,114,True
61,502,2528,2588,60,True
62,497,2528,2642,114,True
64,539,2528,2609,81,True
68,514,2528,2642,114,True
71,510,2528,2642,114,True
80,545,2528,2609,81,True
88,508,2528,2642,114,True
93,496,2528,2642,114,True
94,513,2528,2609,81,True
96,468,2528,2642,114,True
99,492,2528,2642,114,True
2,521,2529,2640,111,True
5,508,2529,2640,111,True
18,495,2529,2640,111,True
34,490,2529,2640,111,True
35,507,2529,2595,66,True
37,484,2529,2640,111,True
40,563,2529,2640,111,True
47,483,2529,2640,111,True
50,500,2529,2609,80,True
51,500,2529,2609,80,True
55,459,2529,2689,160,True
65,505,2529,2609,80,True
71,511,2529,2642,113,True
79,464,2529,2609,80,True
80,546,2529,2609,80,True
81,467,2529,2642,113,True
82,514,2529,2609,80,True
87,479,2529,2642,113,True
92,542,2529,2642,113,True
96,469,2529,2642,113,True
2,522,2530,2640,110,True
3,531,2530,2640,110,True
15,510,2530,2640,110,True
18,496,2530,2640,110,True
22,534,2530,2640,110,True
40,564,2530,2640,110,True
41,531,2530,2640,110,True
42,526,2530,2640,110,True
43,480,2530,2640,110,True
65,506,2530,2609,79,True
68,515,2530,2642,112,True
70,518,2530,2609,79,True
72,496,2530,2609,79,True
73,493,2530,2609,79,True
83,491,2530,2642,112,True
87,480,2530,2642,112,True
94,514,2530,2609,79,True
97,483,2530,2609,79,True
1,509,2531,2640,109,True
18,497,2531,2640,109,True
29,484,2531,2640,109,True
39,486,2531,2640,109,True
51,501,2531,2609,78,True
58,502,2531,2642,111,True
62,498,2531,2642,111,True
66,498,2531,2609,78,True
69,538,2531,2642,111,True
74,514,2531,2642,111,True
78,537,2531,2642,111,True
79,465,2531,2609,78,True
80,547,2531,2609,78,True
84,512,2531,2642,111,True
88,509,2531,2642,111,True
89,493,2531,2642,111,True
3,532,2532,2640,108,True
4,511,2532,2640,108,True
6,502,2532,2640,108,True
9,526,2532,2640,108,True
10,482,2532,2640,108,True
13,519,2532,2640,108,True
24,464,2532,2640,108,True
29,485,2532,2640,108,True
30,509,2532,2595,63,True
35,508,2532,2595,63,True
38,494,2532,2640,108,True
40,565,2532,2640,108,True
41,532,2532,2731,199,True
43,481,2532,2640,108,True
46,511,2532,2640,108,True
48,530,2532,2640,108,True
50,501,2532,2609,77,True
52,497,2532,,,False
55,460,2532,2689,157,True
56,501,2532,2642,110,True
57,500,2532,2609,77,True
72,497,2532,2609,77,True
77,510,2532,2642,110,True
80,548,2532,2609,77,True
83,492,2532,2642,110,True
87,481,2532,2642,110,True
2,523,2533,2640,107,True
8,507,2533,2640,107,True
16,539,2533,2640,107,True
18,498,2533,2640,107,True
25,501,2533,2640,107,True
27,523,2533,2640,107,True
65,507,2533,2609,76,True
74,515,2533,2642,109,True
78,538,2533,2642,109,True
85,496,2533,2609,76,True
86,509,2533,2609,76,True
5,509,2534,2640,106,True
11,485,2534,2640,106,True
15,511,2534,2640,106,True
16,540,2534,2640,106,True
17,472,2534,2640,106,True
21,487,2534,2640,106,True
28,514,2534,2640,106,True
30,510,2534,2595,61,True
31,522,2534,2640,106,True
41,533,2534,2731,197,True
45,470,2534,2595,61,True
53,491,2534,2642,108,True
54,556,2534,2642,108,True
57,501,2534,2609,75,True
70,519,2534,2609,75,True
79,466,2534,2609,75,True
80,549,2534,2609,75,True
83,493,2534,2642,108,True
84,513,2534,2642,108,True
96,470,2534,2642,108,True
0,553,2535,2640,105,True
4,512,2535,2640,105,True
25,502,2535,2640,105,True
29,486,2535,2640,105,True
40,566,2535,2640,105,True
51,502,2535,2609,74,True
72,498,2535,2609,74,True
74,516,2535,2642,107,True
81,468,2535,2642,107,True
83,494,2535,2642,107,True
84,514,2535,2642,107,True
85,497,2535,2609,74,True
91,496,2535,2642,107,True
92,543,2535,2642,107,True
97,484,2535,2642,107,True
12,512,2536,2640,104,True
19,489,2536,2640,104,True
21,488,2536,2640,104,True
22,535,2536,2640,104,True
24,465,2536,2640,104,True
29,487,2536,2640,104,True
30,511,2536,2595,59,True
40,567,2536,2640,104,True
48,531,2536,2640,104,True
49,518,2536,2640,104,True
50,502,2536,2609,73,True
54,557,2536,2642,106,True
55,461,2536,2689,153,True
57,502,2536,2609,73,True
61,503,2536,2609,73,True
64,540,2536,2609,73,True
71,512,2536,2642,106,True
78,539,2536,2642,106,True
84,515,2536,2642,106,True
87,482,2536,2642,106,True
89,494,2536,2642,106,True
91,497,2536,2642,106,True
96,471,2536,2642,106,True
97,485,2536,2642,106,True
98,481,2536,2609,73,True
6,503,2537,2640,103,True
9,527,2537,2640,103,True
16,541,2537,2640,103,True
18,499,2537,2640,103,True
27,524,2537,2640,103,True
30,512,2537,2595,58,True
34,491,2537,2640,103,True
38,495,2537,2640,103,True
41,534,2537,2731,194,True
44,523,2537,2640,103,True
50,503,2537,2609,72,True
53,492,2537,2642,105,True
70,520,2537,2609,72,True
71,513,2537,2642,105,True
84,516,2537,2642,105,True
91,498,2537,2642,105,True
1,510,2538,2640,102,True
7,485,2538,2640,102,True
9,528,2538,2640,102,True
17,473,2538,2640,102,True
26,503,2538,2640,102,True
28,515,2538,2640,102,True
33,498,2538,2640,102,True
51,503,2538,2642,104,True
54,558,2538,2642,104,True
55,462,2538,2689,151,True
63,535,2538,2642,104,True
79,467,2538,2609,71,True
82,515,2538,2642,104,True
85,498,2538,2642,104,True
4,513,2539,2640,101,True
12,513,2539,2640,101,True
13,520,2539,2640,101,True
22,536,2539,2640,101,True
29,488,2539,2640,101,True
38,496,2539,2640,101,True
48,532,2539,2640,101,True
56,502,2539,2642,103,True
67,492,2539,2642,103,True
71,514,2539,2642,103,True
84,517,2539,2642,103,True
86,510,2539,2609,70,True
88,510,2539,2642,103,True
90,510,2539,2642,103,True
91,499,2539,2642,103,True
97,486,2539,2642,103,True
1,511,2540,2640,100,True
2,524,2540,2640,100,True
3,533,2540,2640,100,True
5,510,2540,2640,100,True
14,516,2540,2640,100,True
17,474,2540,2640,100,True
24,466,2540,2640,100,True
25,503,2540,2640,100,True
29,489,2540,2640,100,True
34,492,2540,2640,100,True
35,509,2540,2640,100,True
60,489,2540,2642,102,True
65,508,2540,2609,69,True
67,493,2540,2642,102,True
68,516,2540,2642,102,True
73,494,2540,2642,102,True
84,518,2540,2642,102,True
86,511,2540,2609,69,True
97,487,2540,2642,102,True
1,512,2541,2640,99,True
3,534,2541,2640,99,True
5,511,2541,2640,99,True
8,508,2541,2640,99,True
10,483,2541,2640,99,True
14,517,2541,2640,99,True
20,493,2541,2609,68,True
23,522,2541,2640,99,True
32,492,2541,2640,99,True
35,510,2541,2640,99,True
38,497,2541,2640,99,True
40,568,2541,2640,99,True
43,482,2541,2640,99,True
50,504,2541,2609,68,True
54,559,2541,2642,101,True
55,463,2541,2689,148,True
57,503,2541,2609,68,True
60,490,2541,2689,148,True
61,504,2541,2609,68,True
72,499,2541,2612,71,True
74,517,2541,2642,101,True
80,550,2541,2642,101,True
86,512,2541,2609,68,True
93,497,2541,2642,101,True
6,504,2542,2640,98,True
12,514,2542,2640,98,True
15,512,2542,2640,98,True
17,475,2542,2640,98,True
21,489,2542,2640,98,True
24,467,2542,2640,98,True
25,504,2542,2640,98,True
27,525,2542,2640,98,True
30,513,2542,2640,98,True
31,523,2542,2640,98,True
33,499,2542,2640,98,True
35,511,2542,2640,98,True
39,487,2542,2640,98,True
40,569,2542,2640,98,True
42,527,2542,2640,98,True
46,512,2542,2640,98,True
56,503,2542,2642,100,True
61,505,2542,2609,67,True
65,509,2542,2609,67,True
70,521,2542,2609,67,True
78,540,2542,2642,100,True
80,551,2542,2642,100,True
85,499,2542,2642,100,True
96,472,2542,2689,147,True
98,482,2542,2609,67,True
5,512,2543,2640,97,True
6,505,2543,2640,97,True
17,476,2543,2640,97,True
24,468,2543,2640,97,True
41,535,2543,2731,188,True
64,541,2543,2609,66,True
65,510,2543,2609,66,True
78,541,2543,2642,99,True
88,511,2543,2642,99,True
92,544,2543,2642,99,True
5,513,2544,2640,96,True
10,484,2544,2640,96,True
12,515,2544,2640,96,True
15,513,2544,2640,96,True
17,477,2544,2640,96,True
23,523,2544,2640,96,True
34,493,2544,2640,96,True
36,516,2544,2640,96,True
42,528,2544,2640,96,True
49,519,2544,2640,96,True
54,560,2544,2642,98,True
65,511,2544,2609,65,True
71,515,2544,2642,98,True
72,500,2544,2612,68,True
73,495,2544,2642,98,True
89,495,2544,2642,98,True
4,514,2545,2640,95,True
18,500,2545,2640,95,True
21,490,2545,2640,95,True
22,537,2545,2640,95,True
24,469,2545,2640,95,True
25,505,2545,2640,95,True
26,504,2545,2640,95,True
27,526,2545,2640,95,True
30,514,2545,2640,95,True
32,493,2545,2640,95,True
36,517,2545,2640,95,True
37,485,2545,2640,95,True
41,536,2545,2731,186,True
45,471,2545,2640,95,True
55,464,2545,2689,144,True
56,504,2545,2642,97,True
64,542,2545,2609,64,True
65,512,2545,2609,64,True
71,516,2545,2642,97,True
74,518,2545,2642,97,True
75,506,2545,2642,97,True
81,469,2545,2642,97,True
88,512,2545,2642,97,True
90,511,2545,2642,97,True
92,545,2545,2642,97,True
95,514,2545,2609,64,True
98,483,2545,2609,64,True
99,493,2545,2642,97,True
3,535,2546,2640,94,True
5,514,2546,2640,94,True
9,529,2546,2640,94,True
11,486,2546,2640,94,True
12,516,2546,2640,94,True
13,521,2546,2640,94,True
16,542,2546,2640,94,True
18,501,2546,2640,94,True
40,570,2546,2640,94,True
43,483,2546,2640,94,True
47,484,2546,2640,94,True
52,498,2546,,,False
55,465,2546,2689,143,True
56,505,2546,2642,96,True
74,519,2546,2642,96,True
78,542,2546,2642,96,True
83,495,2546,2689,143,True
86,513,2546,2609,63,True
91,500,2546,2642,96,True
93,498,2546,2642,96,True
99,494,2546,2642,96,True
10,485,2547,2640,93,True
12,517,2547,2640,93,True
16,543,2547,2640,93,True
21,491,2547,2640,93,True
29,490,2547,2640,93,True
48,533,2547,2640,93,True
50,505,2547,2609,62,True
51,504,2547,2642,95,True
52,499,2547,,,False
57,504,2547,2612,65,True
61,506,2547,2609,62,True
63,536,2547,2689,142,True
67,494,2547,2642,95,True
68,517,2547,2642,95,True
74,520,2547,2642,95,True
76,516,2547,2642,95,True
82,516,2547,2642,95,True
84,519,2547,2642,95,True
95,515,2547,2642,95,True
98,484,2547,2609,62,True
0,554,2548,2674,126,True
11,487,2548,2640,92,True
16,544,2548,2640,92,True
19,490,2548,2640,92,True
20,494,2548,2609,61,True
22,538,2548,2640,92,True
25,506,2548,2640,92,True
26,505,2548,2640,92,True
33,500,2548,2640,92,True
36,518,2548,2640,92,True
39,488,2548,2640,92,True
48,534,2548,2640,92,True
49,520,2548,2640,92,True
63,537,2548,2689,141,True
66,499,2548,2689,141,True
69,539,2548,2642,94,True
72,501,2548,2612,64,True
77,511,2548,2642,94,True
84,520,2548,2642,94,True
85,500,2548,2642,94,True
89,496,2548,2642,94,True
97,488,2548,2642,94,True
4,515,2549,2640,91,True
6,506,2549,2640,91,True
10,486,2549,2640,91,True
29,491,2549,2640,91,True
38,498,2549,2640,91,True
47,485,2549,2640,91,True
49,521,2549,2640,91,True
56,506,2549,2642,93,True
61,507,2549,2609,60,True
68,518,2549,2642,93,True
71,517,2549,2642,93,True
78,543,2549,2642,93,True
95,516,2549,2642,93,True
96,473,2549,2689,140,True
98,485,2549,2609,60,True
2,525,2550,2640,90,True
9,530,2550,2640,90,True
10,487,2550,2640,90,True
11,488,2550,2640,90,True
20,495,2550,2640,90,True
24,470,2550,2640,90,True
31,524,2550,2640,90,True
34,494,2550,2640,90,True
35,512,2550,2640,90,True
38,499,2550,2640,90,True
39,489,2550,2640,90,True
40,571,2550,2640,90,True
43,484,2550,2640,90,True
69,540,2550,2642,92,True
72,502,2550,2612,62,True
75,507,2550,2642,92,True
91,501,2550,2642,92,True
0,555,2551,2674,123,True
2,526,2551,2640,89,True
16,545,2551,2640,89,True
18,502,2551,2640,89,True
23,524,2551,2640,89,True
25,507,2551,2640,89,True
29,492,2551,2640,89,True
33,501,2551,2640,89,True
34,495,2551,2640,89,True
35,513,2551,2640,89,True
36,519,2551,2640,89,True
39,490,2551,2640,89,True
55,466,2551,2689,138,True
56,507,2551,2642,91,True
58,503,2551,2642,91,True
59,509,2551,2642,91,True
65,513,2551,2609,58,True
66,500,2551,2689,138,True
67,495,2551,2642,91,True
74,521,2551,2642,91,True
76,517,2551,2642,91,True
77,512,2551,2642,91,True
78,544,2551,2642,91,True
79,468,2551,2642,91,True
92,546,2551,2642,91,True
93,499,2551,2642,91,True
97,489,2551,2642,91,True
1,513,2552,2640,88,True
3,536,2552,2640,88,True
4,516,2552,2640,88,True
18,503,2552,2640,88,True
19,491,2552,2640,88,True
23,525,2552,2640,88,True
24,471,2552,2640,88,True
27,527,2552,2640,88,True
30,515,2552,2640,88,True
37,486,2552,2640,88,True
45,472,2552,2640,88,True
48,535,2552,2674,122,True
51,505,2552,2689,137,True
57,505,2552,2612,60,True
59,510,2552,2642,90,True
62,499,2552,2642,90,True
64,543,2552,2612,60,True
68,519,2552,2642,90,True
73,496,2552,2642,90,True
86,514,2552,2609,57,True
87,483,2552,2642,90,True
88,513,2552,2642,90,True
95,517,2552,2642,90,True
0,556,2553,2674,121,True
1,514,2553,2640,87,True
2,527,2553,2640,87,True
14,518,2553,2640,87,True
16,546,2553,2640,87,True
17,478,2553,2640,87,True
19,492,2553,2640,87,True
23,526,2553,2640,87,True
27,528,2553,2640,87,True
28,516,2553,2640,87,True
32,494,2553,2640,87,True
34,496,2553,2640,87,True
36,520,2553,2640,87,True
38,500,2553,2640,87,True
46,513,2553,2640,87,True
53,493,2553,2689,136,True
60,491,2553,2689,136,True
69,541,2553,2642,89,True
73,497,2553,2642,89,True
77,513,2553,2642,89,True
80,552,2553,2642,89,True
85,501,2553,2642,89,True
86,515,2553,2609,56,True
91,502,2553,2642,89,True
6,507,2554,2640,86,True
8,509,2554,2640,86,True
9,531,2554,2711,157,True
18,504,2554,2640,86,True
21,492,2554,2640,86,True
24,472,2554,2640,86,True
29,493,2554,2640,86,True
30,516,2554,2640,86,True
36,521,2554,2640,86,True
38,501,2554,2640,86,True
49,522,2554,2640,86,True
50,506,2554,2642,88,True
54,561,2554,2642,88,True
56,508,2554,2642,88,True
60,492,2554,2689,135,True
64,544,2554,2612,58,True
66,501,2554,2689,135,True
72,503,2554,2612,58,True
89,497,2554,2642,88,True
93,500,2554,2642,88,True
99,495,2554,2642,88,True
11,489,2555,2640,85,True
15,514,2555,2640,85,True
19,493,2555,2640,85,True
26,506,2555,2640,85,True
28,517,2555,2640,85,True
30,517,2555,2640,85,True
32,495,2555,2640,85,True
36,522,2555,2640,85,True
37,487,2555,2640,85,True
38,502,2555,2640,85,True
44,524,2555,2674,119,True
47,486,2555,2640,85,True
48,536,2555,2674,119,True
56,509,2555,2642,87,True
59,511,2555,2642,87,True
70,522,2555,2612,57,True
71,518,2555,2642,87,True
75,508,2555,2642,87,True
85,502,2555,2642,87,True
87,484,2555,2642,87,True
96,474,2555,2689,134,True
97,490,2555,2642,87,True
3,537,2556,2640,84,True
7,486,2556,2711,155,True
9,532,2556,2711,155,True
13,522,2556,2640,84,True
14,519,2556,2640,84,True
23,527,2556,2640,84,True
27,529,2556,2640,84,True
30,518,2556,2640,84,True
31,525,2556,2640,84,True
32,496,2556,2640,84,True
36,523,2556,2640,84,True
39,491,2556,2640,84,True
53,494,2556,2689,133,True
62,500,2556,2642,86,True
65,514,2556,2609,53,True
71,519,2556,2642,86,True
74,522,2556,2642,86,True
75,509,2556,2642,86,True
88,514,2556,2642,86,True
90,512,2556,2642,86,True
96,475,2556,2689,133,True
0,557,2557,2674,117,True
1,515,2557,2640,83,True
2,528,2557,2640,83,True
6,508,2557,2640,83,True
17,479,2557,2640,83,True
24,473,2557,2640,83,True
28,518,2557,2640,83,True
31,526,2557,2640,83,True
44,525,2557,2674,117,True
59,512,2557,2642,85,True
63,538,2557,2689,132,True
66,502,2557,2689,132,True
67,496,2557,2642,85,True
72,504,2557,2642,85,True
76,518,2557,2642,85,True
81,470,2557,2642,85,True
83,496,2557,2689,132,True
95,518,2557,2642,85,True
2,529,2558,2640,82,True
8,510,2558,2640,82,True
14,520,2558,2640,82,True
17,480,2558,2640,82,True
21,493,2558,2674,116,True
26,507,2558,2640,82,True
28,519,2558,2640,82,True
31,527,2558,2640,82,True
34,497,2558,2640,82,True
35,514,2558,2640,82,True
38,503,2558,2640,82,True
41,537,2558,2731,173,True
42,529,2558,2640,82,True
46,514,2558,2640,82,True
56,510,2558,2642,84,True
65,515,2558,2642,84,True
70,523,2558,2612,54,True
90,513,2558,2642,84,True
97,491,2558,2642,84,True
3,538,2559,2640,81,True
13,523,2559,2640,81,True
14,521,2559,2640,81,True
29,494,2559,2674,115,True
31,528,2559,2640,81,True
36,524,2559,2640,81,True
42,530,2559,2640,81,True
43,485,2559,2640,81,True
44,526,2559,2674,115,True
57,506,2559,2642,83,True
58,504,2559,2642,83,True
61,508,2559,2612,53,True
68,520,2559,2642,83,True
69,542,2559,2689,130,True
88,515,2559,2642,83,True
94,515,2559,2642,83,True
97,492,2559,2642,83,True
3,539,2560,2640,80,True
6,509,2560,2640,80,True
11,490,2560,2640,80,True
23,528,2560,2640,80,True
25,508,2560,2640,80,True
29,495,2560,2674,114,True
34,498,2560,2640,80,True
37,488,2560,2640,80,True
42,531,2560,2640,80,True
44,527,2560,2674,114,True
45,473,2560,2640,80,True
56,511,2560,2642,82,True
61,509,2560,2612,52,True
63,539,2560,2689,129,True
67,497,2560,2689,129,True
75,510,2560,2642,82,True
77,514,2560,2642,82,True
83,497,2560,2689,129,True
91,503,2560,2689,129,True
5,515,2561,2640,79,True
8,511,2561,2640,79,True
9,533,2561,2711,150,True
10,488,2561,2640,79,True
15,515,2561,2640,79,True
21,494,2561,2674,113,True
25,509,2561,2640,79,True
30,519,2561,2640,79,True
33,502,2561,2640,79,True
40,572,2561,2640,79,True
47,487,2561,2640,79,True
61,510,2561,2612,51,True
62,501,2561,2642,81,True
73,498,2561,2642,81,True
90,514,2561,2642,81,True
91,504,2561,2689,128,True
98,486,2561,2642,81,True
11,491,2562,2640,78,True
12,518,2562,2640,78,True
17,481,2562,2640,78,True
22,539,2562,2640,78,True
28,520,2562,2640,78,True
29,496,2562,2674,112,True
39,492,2562,2640,78,True
42,532,2562,2640,78,True
44,528,2562,2674,112,True
47,488,2562,2640,78,True
49,523,2562,2640,78,True
54,562,2562,2642,80,True
58,505,2562,2642,80,True
60,493,2562,2689,127,True
62,502,2562,2642,80,True
66,503,2562,2689,127,True
67,498,2562,2689,127,True
77,515,2562,2642,80,True
78,545,2562,2689,127,True
87,485,2562,2642,80,True
99,496,2562,2642,80,True
4,517,2563,2640,77,True
10,489,2563,2640,77,True
15,516,2563,2640,77,True
16,547,2563,2640,77,True
22,540,2563,2640,77,True
28,521,2563,2640,77,True
33,503,2563,2640,77,True
39,493,2563,2640,77,True
42,533,2563,2640,77,True
56,512,2563,2642,79,True
65,516,2563,2642,79,True
76,519,2563,2642,79,True
85,503,2563,2642,79,True
89,498,2563,2642,79,True
8,512,2564,2640,76,True
10,490,2564,2640,76,True
13,524,2564,2640,76,True
15,517,2564,2640,76,True
17,482,2564,2640,76,True
18,505,2564,2640,76,True
25,510,2564,2640,76,True
26,508,2564,2640,76,True
28,522,2564,2640,76,True
37,489,2564,2674,110,True
38,504,2564,2640,76,True
44,529,2564,2674,110,True
61,511,2564,2612,48,True
66,504,2564,2689,125,True
68,521,2564,2642,78,True
73,499,2564,2642,78,True
91,505,2564,2689,125,True
92,547,2564,2642,78,True
94,516,2564,2642,78,True
95,519,2564,2642,78,True
98,487,2564,2642,78,True
5,516,2565,2640,75,True
7,487,2565,2711,146,True
23,529,2565,2640,75,True
25,511,2565,2640,75,True
33,504,2565,2640,75,True
39,494,2565,2640,75,True
40,573,2565,2674,109,True
45,474,2565,2640,75,True
51,506,2565,2689,124,True
57,507,2565,2642,77,True
59,513,2565,2693,128,True
60,494,2565,2689,124,True
61,512,2565,2642,77,True
63,540,2565,2689,124,True
68,522,2565,2642,77,True
71,520,2565,2689,124,True
78,546,2565,2689,124,True
82,517,2565,2642,77,True
83,498,2565,2689,124,True
91,506,2565,2689,124,True
94,517,2565,2642,77,True
9,534,2566,2711,145,True
30,520,2566,2640,74,True
32,497,2566,2640,74,True
38,505,2566,2640,74,True
39,495,2566,2640,74,True
45,475,2566,2640,74,True
47,489,2566,2640,74,True
51,507,2566,2689,123,True
53,495,2566,2689,123,True
55,467,2566,2689,123,True
59,514,2566,2693,127,True
67,499,2566,2689,123,True
68,523,2566,2642,76,True
76,520,2566,2642,76,True
80,553,2566,2642,76,True
84,521,2566,2689,123,True
86,516,2566,2642,76,True
88,516,2566,2642,76,True
91,507,2566,2689,123,True
93,501,2566,2689,123,True
97,493,2566,2642,76,True
98,488,2566,2642,76,True
0,558,2567,2674,107,True
1,516,2567,2640,73,True
16,548,2567,2674,107,True
32,498,2567,2640,73,True
40,574,2567,2674,107,True
44,530,2567,2674,107,True
48,537,2567,2711,144,True
54,563,2567,2642,75,True
59,515,2567,2693,126,True
65,517,2567,2642,75,True
68,524,2567,2642,75,True
71,521,2567,2689,122,True
81,471,2567,2642,75,True
86,517,2567,2642,75,True
91,508,2567,2689,122,True
94,518,2567,2642,75,True
99,497,2567,2642,75,True
6,510,2568,2640,72,True
7,488,2568,2711,143,True
11,492,2568,2640,72,True
16,549,2568,2674,106,True
19,494,2568,2711,143,True
25,512,2568,2711,143,True
51,508,2568,2689,121,True
57,508,2568,2674,106,True
62,503,2568,2689,121,True
65,518,2568,2642,74,True
78,547,2568,2689,121,True
89,499,2568,2689,121,True
91,509,2568,2689,121,True
3,540,2569,2674,105,True
4,518,2569,2640,71,True
11,493,2569,2640,71,True
12,519,2569,2640,71,True
19,495,2569,2711,142,True
22,541,2569,2640,71,True
27,530,2569,2640,71,True
29,497,2569,2674,105,True
30,521,2569,2640,71,True
36,525,2569,2674,105,True
42,534,2569,2674,105,True
45,476,2569,2640,71,True
49,524,2569,2640,71,True
52,500,2569,,,False
55,468,2569,2689,120,True
64,545,2569,2642,73,True
71,522,2569,2689,120,True
80,554,2569,2642,73,True
84,522,2569,2689,120,True
85,504,2569,2642,73,True
86,518,2569,2642,73,True
0,559,2570,2674,104,True
7,489,2570,2711,141,True
12,520,2570,2640,70,True
15,518,2570,2640,70,True
18,506,2570,2711,141,True
20,496,2570,2640,70,True
24,474,2570,2640,70,True
25,513,2570,2711,141,True
30,522,2570,2640,70,True
32,499,2570,2674,104,True
43,486,2570,2640,70,True
44,531,2570,2674,104,True
47,490,2570,2640,70,True
53,496,2570,2689,119,True
58,506,2570,2642,72,True
61,513,2570,2642,72,True
65,519,2570,2642,72,True
69,543,2570,2689,119,True
74,523,2570,2689,119,True
76,521,2570,2642,72,True
78,548,2570,2689,119,True
81,472,2570,2642,72,True
82,518,2570,2689,119,True
91,510,2570,2689,119,True
97,494,2570,2642,72,True
98,489,2570,2642,72,True
5,517,2571,2674,103,True
6,511,2571,2640,69,True
8,513,2571,2640,69,True
34,499,2571,2640,69,True
40,575,2571,2674,103,True
43,487,2571,2640,69,True
44,532,2571,2674,103,True
45,477,2571,2640,69,True
47,491,2571,2640,69,True
52,501,2571,,,False
54,564,2571,2642,71,True
60,495,2571,2689,118,True
61,514,2571,2642,71,True
62,504,2571,2689,118,True
65,520,2571,2642,71,True
68,525,2571,2642,71,True
75,511,2571,2689,118,True
76,522,2571,2642,71,True
78,549,2571,2689,118,True
89,500,2571,2689,118,True
96,476,2571,2689,118,True
1,517,2572,2640,68,True
2,530,2572,2640,68,True
7,490,2572,2711,139,True
14,522,2572,2674,102,True
17,483,2572,2640,68,True
35,515,2572,2640,68,True
44,533,2572,2674,102,True
67,500,2572,2689,117,True
68,526,2572,2642,70,True
78,550,2572,2689,117,True
80,555,2572,2642,70,True
83,499,2572,2689,117,True
90,515,2572,2642,70,True
91,511,2572,2689,117,True
99,498,2572,2642,70,True
2,531,2573,2711,138,True
3,541,2573,2674,101,True
7,491,2573,2711,138,True
12,521,2573,2640,67,True
13,525,2573,2640,67,True
17,484,2573,2640,67,True
19,496,2573,2711,138,True
21,495,2573,2674,101,True
25,514,2573,2711,138,True
33,505,2573,2674,101,True
35,516,2573,2640,67,True
41,538,2573,2731,158,True
45,478,2573,2640,67,True
49,525,2573,2640,67,True
55,469,2573,2689,116,True
58,507,2573,2642,69,True
60,496,2573,2689,116,True
64,546,2573,2642,69,True
65,521,2573,2642,69,True
66,505,2573,2689,116,True
67,501,2573,2689,116,True
68,527,2573,2642,69,True
69,544,2573,2689,116,True
72,505,2573,2642,69,True
73,500,2573,2642,69,True
95,520,2573,2642,69,True
96,477,2573,2689,116,True
18,507,2574,2711,137,True
25,515,2574,2711,137,True
27,531,2574,2640,66,True
33,506,2574,2674,100,True
37,490,2574,2674,100,True
46,515,2574,2674,100,True
48,538,2574,2711,137,True
57,509,2574,2674,100,True
59,516,2574,2693,119,True
60,497,2574,2689,115,True
73,501,2574,2642,68,True
77,516,2574,2642,68,True
82,519,2574,2689,115,True
90,516,2574,2642,68,True
92,548,2574,2642,68,True
94,519,2574,2642,68,True
96,478,2574,2689,115,True
1,518,2575,2674,99,True
6,512,2575,2640,65,True
9,535,2575,2711,136,True
10,491,2575,2674,99,True
12,522,2575,2640,65,True
23,530,2575,2674,99,True
24,475,2575,2711,136,True
27,532,2575,2640,65,True
30,523,2575,2640,65,True
36,526,2575,2674,99,True
37,491,2575,2674,99,True
42,535,2575,2674,99,True
45,479,2575,2640,65,True
48,539,2575,2711,136,True
51,509,2575,2689,114,True
53,497,2575,2689,114,True
54,565,2575,2689,114,True
57,510,2575,2674,99,True
58,508,2575,2642,67,True
60,498,2575,2689,114,True
63,541,2575,2689,114,True
65,522,2575,2642,67,True
67,502,2575,2689,114,True
70,524,2575,2642,67,True
75,512,2575,2689,114,True
82,520,2575,2689,114,True
88,517,2575,2693,118,True
90,517,2575,2642,67,True
92,549,2575,2642,67,True
95,521,2575,2642,67,True
98,490,2575,2642,67,True
6,513,2576,2640,64,True
8,514,2576,2674,98,True
10,492,2576,2674,98,True
27,533,2576,2640,64,True
29,498,2576,2674,98,True
33,507,2576,2674,98,True
35,517,2576,2640,64,True
41,539,2576,2731,155,True
44,534,2576,2674,98,True
50,507,2576,2642,66,True
63,542,2576,2689,113,True
68,528,2576,2642,66,True
70,525,2576,2642,66,True
73,502,2576,2642,66,True
75,513,2576,2689,113,True
86,519,2576,2642,66,True
87,486,2576,2642,66,True
88,518,2576,2693,117,True
89,501,2576,2689,113,True
93,502,2576,2689,113,True
96,479,2576,2689,113,True
0,560,2577,2674,97,True
6,514,2577,2640,63,True
13,526,2577,2640,63,True
31,529,2577,2640,63,True
37,492,2577,2674,97,True
40,576,2577,2711,134,True
44,535,2577,2674,97,True
46,516,2577,2674,97,True
55,470,2577,2689,112,True
59,517,2577,2693,116,True
60,499,2577,2689,112,True
67,503,2577,2689,112,True
74,524,2577,2689,112,True
78,551,2577,2689,112,True
79,469,2577,2642,65,True
90,518,2577,2642,65,True
91,512,2577,2689,112,True
92,550,2577,2642,65,True
98,491,2577,2642,65,True
99,499,2577,2689,112,True
1,519,2578,2674,96,True
3,542,2578,2674,96,True
6,515,2578,2640,62,True
13,527,2578,2640,62,True
16,550,2578,2674,96,True
19,497,2578,2711,133,True
24,476,2578,2711,133,True
26,509,2578,2674,96,True
37,493,2578,2674,96,True
50,508,2578,2642,64,True
56,513,2578,2689,111,True
58,509,2578,2693,115,True
62,505,2578,2689,111,True
73,503,2578,2667,89,True
76,523,2578,2642,64,True
90,519,2578,2642,64,True
0,561,2579,2674,95,True
2,532,2579,2711,132,True
4,519,2579,2711,132,True
8,515,2579,2674,95,True
9,536,2579,2711,132,True
15,519,2579,2711,132,True
18,508,2579,2711,132,True
20,497,2579,2642,63,True
22,542,2579,2640,61,True
23,531,2579,2674,95,True
34,500,2579,2640,61,True
37,494,2579,2674,95,True
39,496,2579,2674,95,True
46,517,2579,2674,95,True
49,526,2579,2674,95,True
52,502,2579,,,False
54,566,2579,2689,110,True
56,514,2579,2689,110,True
74,525,2579,2689,110,True
82,521,2579,2689,110,True
85,505,2579,2642,63,True
86,520,2579,2642,63,True
95,522,2579,2642,63,True
14,523,2580,2674,94,True
15,520,2580,2711,131,True
17,485,2580,2674,94,True
19,498,2580,2711,131,True
21,496,2580,2674,94,True
28,523,2580,2711,131,True
29,499,2580,2674,94,True
31,530,2580,2640,60,True
39,497,2580,2674,94,True
40,577,2580,2711,131,True
43,488,2580,2711,131,True
46,518,2580,2674,94,True
48,540,2580,2711,131,True
49,527,2580,2674,94,True
50,509,2580,2642,62,True
52,503,2580,,,False
54,567,2580,2689,109,True
64,547,2580,2642,62,True
67,504,2580,2689,109,True
71,523,2580,2693,113,True
74,526,2580,2689,109,True
87,487,2580,2736,156,True
90,520,2580,2642,62,True
97,495,2580,2642,62,True
0,562,2581,2674,93,True
2,533,2581,2711,130,True
4,520,2581,2711,130,True
5,518,2581,2674,93,True
11,494,2581,2731,150,True
16,551,2581,2674,93,True
18,509,2581,2711,130,True
24,477,2581,2711,130,True
26,510,2581,2674,93,True
32,500,2581,2674,93,True
33,508,2581,2674,93,True
34,501,2581,2640,59,True
35,518,2581,2640,59,True
39,498,2581,2674,93,True
43,489,2581,2711,130,True
53,498,2581,2689,108,True
57,511,2581,2674,93,True
64,548,2581,2642,61,True
67,505,2581,2689,108,True
72,506,2581,2642,61,True
73,504,2581,2667,86,True
80,556,2581,2642,61,True
98,492,2581,2642,61,True
0,563,2582,2674,92,True
6,516,2582,2711,129,True
7,492,2582,2731,149,True
16,552,2582,2674,92,True
21,497,2582,2674,92,True
32,501,2582,2674,92,True
40,578,2582,2711,129,True
47,492,2582,2674,92,True
54,568,2582,2689,107,True
62,506,2582,2689,107,True
70,526,2582,2642,60,True
77,517,2582,2689,107,True
87,488,2582,2736,154,True
4,521,2583,2711,128,True
7,493,2583,2731,148,True
21,498,2583,2674,91,True
24,478,2583,2711,128,True
27,534,2583,2711,128,True
37,495,2583,2674,91,True
40,579,2583,2711,128,True
43,490,2583,2711,128,True
48,541,2583,2711,128,True
49,528,2583,2674,91,True
50,510,2583,2642,59,True
63,543,2583,2689,106,True
66,506,2583,2689,106,True
72,507,2583,2642,59,True
78,552,2583,2689,106,True
79,470,2583,2689,106,True
83,500,2583,2689,106,True
85,506,2583,2693,110,True
90,521,2583,2689,106,True
97,496,2583,2689,106,True
4,522,2584,2711,127,True
5,519,2584,2674,90,True
7,494,2584,2731,147,True
16,553,2584,2674,90,True
19,499,2584,2711,127,True
28,524,2584,2711,127,True
35,519,2584,2640,56,True
38,506,2584,2711,127,True
42,536,2584,2674,90,True
45,480,2584,2640,56,True
50,511,2584,2667,83,True
51,510,2584,2689,105,True
56,515,2584,2689,105,True
59,518,2584,2693,109,True
62,507,2584,2693,109,True
97,497,2584,2689,105,True
98,493,2584,2642,58,True
2,534,2585,2711,126,True
11,495,2585,2731,146,True
14,524,2585,2674,89,True
18,510,2585,2711,126,True
22,543,2585,2674,89,True
23,532,2585,2674,89,True
28,525,2585,2711,126,True
33,509,2585,2674,89,True
34,502,2585,2640,55,True
37,496,2585,2674,89,True
40,580,2585,2711,126,True
41,540,2585,2731,146,True
43,491,2585,2711,126,True
44,536,2585,2674,89,True
53,499,2585,2689,104,True
59,519,2585,2693,108,True
61,515,2585,2642,57,True
70,527,2585,2642,57,True
72,508,2585,2642,57,True
82,522,2585,2689,104,True
86,521,2585,2642,57,True
87,489,2585,2736,151,True
92,551,2585,2770,185,True
94,520,2585,2689,104,True
4,523,2586,2711,125,True
7,495,2586,2731,145,True
9,537,2586,2711,125,True
10,493,2586,2731,145,True
15,521,2586,2711,125,True
20,498,2586,2642,56,True
24,479,2586,2711,125,True
29,500,2586,2674,88,True
42,537,2586,2674,88,True
46,519,2586,2711,125,True
50,512,2586,2667,81,True
53,500,2586,2689,103,True
55,471,2586,2689,103,True
64,549,2586,2642,56,True
78,553,2586,2693,107,True
86,522,2586,2642,56,True
88,519,2586,2693,107,True
90,522,2586,2689,103,True
98,494,2586,2667,81,True
0,564,2587,2674,87,True
4,524,2587,2711,124,True
6,517,2587,2711,124,True
7,496,2587,2731,144,True
9,538,2587,2711,124,True
10,494,2587,2731,144,True
12,523,2587,2674,87,True
14,525,2587,2674,87,True
19,500,2587,2711,124,True
24,480,2587,2711,124,True
29,501,2587,2674,87,True
30,524,2587,2674,87,True
35,520,2587,2640,53,True
37,497,2587,2674,87,True
52,504,2587,,,False
55,472,2587,2689,102,True
59,520,2587,2693,106,True
64,550,2587,2642,55,True
67,506,2587,2689,102,True
72,509,2587,2642,55,True
86,523,2587,2667,80,True
90,523,2587,2689,102,True
92,552,2587,2770,183,True
97,498,2587,2689,102,True
1,520,2588,2674,86,True
8,516,2588,2674,86,True
10,495,2588,2731,143,True
12,524,2588,2674,86,True
16,554,2588,2731,143,True
17,486,2588,2711,123,True
19,501,2588,2711,123,True
27,535,2588,2711,123,True
50,513,2588,2667,79,True
51,511,2588,2689,101,True
54,569,2588,2693,105,True
56,516,2588,2689,101,True
58,510,2588,2693,105,True
61,516,2588,2642,54,True
64,551,2588,2642,54,True
69,545,2588,2693,105,True
74,527,2588,2693,105,True
75,514,2588,2693,105,True
77,518,2588,2693,105,True
80,557,2588,2693,105,True
99,500,2588,2689,101,True
0,565,2589,2674,85,True
8,517,2589,2674,85,True
16,555,2589,2731,142,True
20,499,2589,2642,53,True
63,544,2589,2689,100,True
68,529,2589,2667,78,True
71,524,2589,2693,104,True
76,524,2589,2693,104,True
79,471,2589,2689,100,True
80,558,2589,2693,104,True
89,502,2589,2693,104,True
98,495,2589,2667,78,True
2,535,2590,2731,141,True
5,520,2590,2674,84,True
9,539,2590,2711,121,True
11,496,2590,2731,141,True
42,538,2590,2674,84,True
44,537,2590,2674,84,True
45,481,2590,2731,141,True
48,542,2590,2731,141,True
61,517,2590,2642,52,True
67,507,2590,2689,99,True
77,519,2590,2693,103,True
86,524,2590,2667,77,True
87,490,2590,2736,146,True
95,523,2590,2667,77,True
3,543,2591,2711,120,True
5,521,2591,2674,83,True
25,516,2591,2711,120,True
35,521,2591,2640,49,True
37,498,2591,2674,83,True
44,538,2591,2674,83,True
46,520,2591,2711,120,True
53,501,2591,2689,98,True
61,518,2591,2642,51,True
69,546,2591,2693,102,True
74,528,2591,2693,102,True
81,473,2591,2693,102,True
82,523,2591,2689,98,True
90,524,2591,2693,102,True
93,503,2591,2693,102,True
13,528,2592,2711,119,True
21,499,2592,2674,82,True
31,531,2592,2711,119,True
36,527,2592,2711,119,True
37,499,2592,2674,82,True
38,507,2592,2711,119,True
42,539,2592,2731,139,True
52,505,2592,,,False
53,502,2592,2689,97,True
71,525,2592,2693,101,True
72,510,2592,2642,50,True
83,501,2592,2689,97,True
87,491,2592,2736,144,True
90,525,2592,2693,101,True
97,499,2592,2689,97,True
3,544,2593,2711,118,True
9,540,2593,2711,118,True
10,496,2593,2731,138,True
12,525,2593,2674,81,True
19,502,2593,2731,138,True
24,481,2593,2711,118,True
28,526,2593,2711,118,True
30,525,2593,2674,81,True
46,521,2593,2711,118,True
47,493,2593,2674,81,True
53,503,2593,2689,96,True
55,473,2593,2689,96,True
70,528,2593,2689,96,True
71,526,2593,2693,100,True
75,515,2593,2693,100,True
79,472,2593,2689,96,True
84,523,2593,2689,96,True
87,492,2593,2736,143,True
93,504,2593,2693,100,True
96,480,2593,2736,143,True
98,496,2593,2667,74,True
1,521,2594,2731,137,True
3,545,2594,2711,117,True
7,497,2594,2731,137,True
8,518,2594,2674,80,True
10,497,2594,2731,137,True
11,497,2594,2731,137,True
18,511,2594,2711,117,True
20,500,2594,2642,48,True
24,482,2594,2711,117,True
27,536,2594,2711,117,True
37,500,2594,2674,80,True
45,482,2594,2731,137,True
55,474,2594,2689,95,True
56,517,2594,2689,95,True
65,523,2594,2667,73,True
68,530,2594,2689,95,True
74,529,2594,2693,99,True
84,524,2594,2689,95,True
91,513,2594,2689,95,True
99,501,2594,2689,95,True
15,522,2595,2711,116,True
16,556,2595,2731,136,True
18,512,2595,2711,116,True
21,500,2595,2674,79,True
40,581,2595,2711,116,True
41,541,2595,2731,136,True
49,529,2595,2674,79,True
60,500,2595,2693,98,True
70,529,2595,2689,94,True
76,525,2595,2693,98,True
86,525,2595,2667,72,True
89,503,2595,2693,98,True
90,526,2595,2693,98,True
94,521,2595,2689,94,True
95,524,2595,2667,72,True
99,502,2595,2693,98,True
1,522,2596,2731,135,True
3,546,2596,2711,115,True
5,522,2596,2711,115,True
8,519,2596,2674,78,True
12,526,2596,2731,135,True
14,526,2596,2674,78,True
20,501,2596,2642,46,True
24,483,2596,2711,115,True
25,517,2596,2711,115,True
31,532,2596,2711,115,True
34,503,2596,2711,115,True
36,528,2596,2711,115,True
40,582,2596,2711,115,True
42,540,2596,2731,135,True
46,522,2596,2711,115,True
51,512,2596,2689,93,True
54,570,2596,2693,97,True
55,475,2596,2689,93,True
59,521,2596,2693,97,True
67,508,2596,2693,97,True
70,530,2596,2689,93,True
71,527,2596,2693,97,True
72,511,2596,2667,71,True
74,530,2596,2693,97,True
88,520,2596,2693,97,True
98,497,2596,2667,71,True
3,547,2597,2711,114,True
7,498,2597,2731,134,True
10,498,2597,2731,134,True
16,557,2597,2731,134,True
17,487,2597,2711,114,True
25,518,2597,2711,114,True
28,527,2597,2731,134,True
31,533,2597,2711,114,True
32,502,2597,2731,134,True
43,492,2597,2711,114,True
52,506,2597,,,False
53,504,2597,2689,92,True
54,571,2597,2693,96,True
59,522,2597,2693,96,True
60,501,2597,2693,96,True
62,508,2597,2693,96,True
73,505,2597,2693,96,True
76,526,2597,2693,96,True
87,493,2597,2736,139,True
92,553,2597,2770,173,True
99,503,2597,2693,96,True
0,566,2598,2674,76,True
3,548,2598,2731,133,True
6,518,2598,2711,113,True
7,499,2598,2731,133,True
9,541,2598,2731,133,True
12,527,2598,2731,133,True
15,523,2598,2711,113,True
23,533,2598,2711,113,True
28,528,2598,2731,133,True
35,522,2598,2711,113,True
39,499,2598,2711,113,True
41,542,2598,2731,133,True
47,494,2598,2674,76,True
50,514,2598,2667,69,True
54,572,2598,2693,95,True
61,519,2598,2667,69,True
64,552,2598,2689,91,True
68,531,2598,2689,91,True
72,512,2598,2667,69,True
75,516,2598,2693,95,True
80,559,2598,2693,95,True
87,494,2598,2736,138,True
90,527,2598,2693,95,True
96,481,2598,2736,138,True
6,519,2599,2711,112,True
8,520,2599,2674,75,True
9,542,2599,2731,132,True
16,558,2599,2731,132,True
17,488,2599,2711,112,True
21,501,2599,2674,75,True
27,537,2599,2711,112,True
30,526,2599,2711,112,True
33,510,2599,2731,132,True
36,529,2599,2731,132,True
46,523,2599,2711,112,True
47,495,2599,2674,75,True
49,530,2599,2731,132,True
57,512,2599,2674,75,True
58,511,2599,2693,94,True
59,523,2599,2693,94,True
60,502,2599,2693,94,True
62,509,2599,2693,94,True
63,545,2599,2689,90,True
67,509,2599,2693,94,True
72,513,2599,2667,68,True
77,520,2599,2693,94,True
81,474,2599,2693,94,True
88,521,2599,2693,94,True
18,513,2600,2711,111,True
25,519,2600,2711,111,True
35,523,2600,2711,111,True
41,543,2600,2731,131,True
42,541,2600,2731,131,True
43,493,2600,2711,111,True
50,515,2600,2693,93,True
53,505,2600,2689,89,True
58,512,2600,2693,93,True
75,517,2600,2693,93,True
79,473,2600,2689,89,True
84,525,2600,2689,89,True
90,528,2600,2693,93,True
97,500,2600,2689,89,True
99,504,2600,2693,93,True
2,536,2601,2731,130,True
4,525,2601,2711,110,True
7,500,2601,2731,130,True
15,524,2601,2711,110,True
18,514,2601,2711,110,True
21,502,2601,2674,73,True
35,524,2601,2711,110,True
36,530,2601,2731,130,True
40,583,2601,2731,130,True
45,483,2601,2731,130,True
55,476,2601,2689,88,True
60,503,2601,2693,92,True
66,507,2601,2736,135,True
70,531,2601,2689,88,True
72,514,2601,2667,66,True
76,527,2601,2693,92,True
79,474,2601,2689,88,True
84,526,2601,2689,88,True
86,526,2601,2689,88,True
91,514,2601,2689,88,True
99,505,2601,2693,92,True
0,567,2602,2674,72,True
2,537,2602,2731,129,True
4,526,2602,2711,109,True
5,523,2602,2731,129,True
10,499,2602,2731,129,True
18,515,2602,2711,109,True
20,502,2602,2711,109,True
32,503,2602,2731,129,True
45,484,2602,2731,129,True
48,543,2602,2731,129,True
60,504,2602,2693,91,True
70,532,2602,2689,87,True
72,515,2602,2667,65,True
84,527,2602,2693,91,True
85,507,2602,2693,91,True
87,495,2602,2736,134,True
0,568,2603,2674,71,True
1,523,2603,2731,128,True
11,498,2603,2731,128,True
13,529,2603,2711,108,True
19,503,2603,2731,128,True
21,503,2603,2674,71,True
27,538,2603,2711,108,True
44,539,2603,2731,128,True
47,496,2603,2674,71,True
57,513,2603,2674,71,True
58,513,2603,2693,90,True
65,524,2603,2693,90,True
73,506,2603,2693,90,True
92,554,2603,2770,167,True
94,522,2603,2689,86,True
13,530,2604,2711,107,True
19,504,2604,2731,127,True
23,534,2604,2731,127,True
26,511,2604,2731,127,True
27,539,2604,2711,107,True
34,504,2604,2711,107,True
40,584,2604,2731,127,True
41,544,2604,2731,127,True
46,524,2604,2731,127,True
47,497,2604,2674,70,True
57,514,2604,2674,70,True
59,524,2604,2693,89,True
60,505,2604,2693,89,True
67,510,2604,2693,89,True
71,528,2604,2693,89,True
75,518,2604,2693,89,True
76,528,2604,2693,89,True
77,521,2604,2693,89,True
80,560,2604,2693,89,True
85,508,2604,2693,89,True
94,523,2604,2689,85,True
96,482,2604,2736,132,True
97,501,2604,2689,85,True
1,524,2605,2731,126,True
13,531,2605,2711,106,True
18,516,2605,2711,106,True
20,503,2605,2711,106,True
25,520,2605,2711,106,True
26,512,2605,2731,126,True
32,504,2605,2731,126,True
39,500,2605,2731,126,True
47,498,2605,2674,69,True
48,544,2605,2731,126,True
50,516,2605,2693,88,True
55,477,2605,2689,84,True
60,506,2605,2693,88,True
64,553,2605,2689,84,True
69,547,2605,2693,88,True
70,533,2605,2689,84,True
71,529,2605,2693,88,True
74,531,2605,2693,88,True
76,529,2605,2693,88,True
77,522,2605,2693,88,True
83,502,2605,2689,84,True
88,522,2605,2736,131,True
94,524,2605,2689,84,True
4,527,2606,2711,105,True
14,527,2606,2674,68,True
21,504,2606,2674,68,True
22,544,2606,2731,125,True
30,527,2606,2711,105,True
32,505,2606,2731,125,True
35,525,2606,2711,105,True
36,531,2606,2731,125,True
42,542,2606,2731,125,True
43,494,2606,2731,125,True
52,507,2606,,,False
60,507,2606,2693,87,True
69,548,2606,2693,87,True
72,516,2606,2667,61,True
75,519,2606,2693,87,True
78,554,2606,2736,130,True
80,561,2606,2693,87,True
88,523,2606,2736,130,True
95,525,2606,2693,87,True
0,569,2607,2731,124,True
1,525,2607,2731,124,True
8,521,2607,2731,124,True
13,532,2607,2711,104,True
31,534,2607,2711,104,True
37,501,2607,2731,124,True
40,585,2607,2731,124,True
43,495,2607,2731,124,True
44,540,2607,2731,124,True
49,531,2607,2731,124,True
54,573,2607,2693,86,True
57,515,2607,2674,67,True
77,523,2607,2693,86,True
78,555,2607,2736,129,True
85,509,2607,2693,86,True
86,527,2607,2689,82,True
90,529,2607,2693,86,True
91,515,2607,2689,82,True
6,520,2608,2711,103,True
17,489,2608,2711,103,True
23,535,2608,2731,123,True
28,529,2608,2758,150,True
31,535,2608,2711,103,True
37,502,2608,2731,123,True
39,501,2608,2731,123,True
46,525,2608,2731,123,True
49,532,2608,2731,123,True
58,514,2608,2693,85,True
61,520,2608,2689,81,True
63,546,2608,2736,128,True
67,511,2608,2693,85,True
68,532,2608,2689,81,True
69,549,2608,2693,85,True
72,517,2608,2736,128,True
77,524,2608,2693,85,True
83,503,2608,2689,81,True
84,528,2608,2736,128,True
88,524,2608,2736,128,True
91,516,2608,2689,81,True
93,505,2608,2770,162,True
94,525,2608,2689,81,True
96,483,2608,2736,128,True
99,506,2608,2693,85,True
7,501,2609,2731,122,True
11,499,2609,2731,122,True
21,505,2609,2758,149,True
22,545,2609,2731,122,True
25,521,2609,2731,122,True
28,530,2609,2758,149,True
31,536,2609,2711,102,True
32,506,2609,2731,122,True
52,508,2609,,,False
59,525,2609,2736,127,True
60,508,2609,2693,84,True
61,521,2609,2689,80,True
62,510,2609,2693,84,True
66,508,2609,2736,127,True
71,530,2609,2693,84,True
81,475,2609,2693,84,True
83,504,2609,2689,80,True
90,530,2609,2693,84,True
98,498,2609,2689,80,True
9,543,2610,2731,121,True
11,500,2610,2731,121,True
26,513,2610,2731,121,True
31,537,2610,2711,101,True
45,485,2610,2731,121,True
57,516,2610,2674,64,True
59,526,2610,2736,126,True
60,509,2610,2693,83,True
65,525,2610,2693,83,True
67,512,2610,2693,83,True
70,534,2610,2689,79,True
71,531,2610,2736,126,True
72,518,2610,2736,126,True
77,525,2610,2693,83,True
78,556,2610,2736,126,True
84,529,2610,2736,126,True
85,510,2610,2693,83,True
87,496,2610,2736,126,True
92,555,2610,2770,160,True
94,526,2610,2689,79,True
96,484,2610,2736,126,True
97,502,2610,2693,83,True
14,528,2611,2758,147,True
15,525,2611,2711,100,True
18,517,2611,2711,100,True
21,506,2611,2758,147,True
22,546,2611,2731,120,True
24,484,2611,2731,120,True
29,502,2611,2758,147,True
31,538,2611,2711,100,True
32,507,2611,2731,120,True
33,511,2611,2731,120,True
34,505,2611,2788,177,True
37,503,2611,2731,120,True
42,543,2611,2731,120,True
43,496,2611,2731,120,True
46,526,2611,2731,120,True
53,506,2611,2689,78,True
59,527,2611,2736,125,True
67,513,2611,2693,82,True
69,550,2611,2693,82,True
76,530,2611,2693,82,True
77,526,2611,2693,82,True
87,497,2611,2736,125,True
93,506,2611,2770,159,True
2,538,2612,2731,119,True
10,500,2612,2758,146,True
11,501,2612,2731,119,True
17,490,2612,2711,99,True
19,505,2612,2731,119,True
22,547,2612,2731,119,True
25,522,2612,2731,119,True
32,508,2612,2731,119,True
34,506,2612,2788,176,True
51,513,2612,2689,77,True
53,507,2612,2689,77,True
54,574,2612,2693,81,True
55,478,2612,2736,124,True
56,518,2612,2693,81,True
60,510,2612,2736,124,True
68,533,2612,2689,77,True
70,535,2612,2689,77,True
72,519,2612,2736,124,True
88,525,2612,2736,124,True
92,556,2612,2770,158,True
0,570,2613,2731,118,True
12,528,2613,2731,118,True
13,533,2613,2731,118,True
18,518,2613,2731,118,True
29,503,2613,2758,145,True
33,512,2613,2731,118,True
37,504,2613,2731,118,True
38,508,2613,2731,118,True
42,544,2613,2731,118,True
48,545,2613,2731,118,True
54,575,2613,2693,80,True
63,547,2613,2736,123,True
64,554,2613,2689,76,True
65,526,2613,2693,80,True
73,507,2613,2693,80,True
76,531,2613,2693,80,True
77,527,2613,2693,80,True
79,475,2613,2693,80,True
80,562,2613,2693,80,True
82,524,2613,2689,76,True
84,530,2613,2736,123,True
87,498,2613,2736,123,True
2,539,2614,2731,117,True
10,501,2614,2758,144,True
13,534,2614,2731,117,True
14,529,2614,2758,144,True
16,559,2614,2731,117,True
21,507,2614,2758,144,True
24,485,2614,2731,117,True
28,531,2614,2758,144,True
40,586,2614,2731,117,True
46,527,2614,2731,117,True
51,514,2614,2689,75,True
58,515,2614,2736,122,True
59,528,2614,2736,122,True
70,536,2614,2689,75,True
73,508,2614,2693,79,True
82,525,2614,2693,79,True
90,531,2614,2693,79,True
93,507,2614,2770,156,True
96,485,2614,2736,122,True
5,524,2615,2731,116,True
10,502,2615,2758,143,True
16,560,2615,2731,116,True
18,519,2615,2731,116,True
24,486,2615,2731,116,True
42,545,2615,2731,116,True
59,529,2615,2736,121,True
60,511,2615,2736,121,True
65,527,2615,2693,78,True
68,534,2615,2689,74,True
72,520,2615,2736,121,True
79,476,2615,2693,78,True
85,511,2615,2693,78,True
89,504,2615,2736,121,True
93,508,2615,2770,155,True
94,527,2615,2693,78,True
95,526,2615,2693,78,True
0,571,2616,2731,115,True
14,530,2616,2758,142,True
18,520,2616,2731,115,True
22,548,2616,2731,115,True
30,528,2616,2731,115,True
35,526,2616,2711,95,True
39,502,2616,2731,115,True
41,545,2616,2731,115,True
42,546,2616,2731,115,True
48,546,2616,2758,142,True
52,509,2616,,,False
54,576,2616,2693,77,True
55,479,2616,2736,120,True
56,519,2616,2736,120,True
58,516,2616,2736,120,True
78,557,2616,2736,120,True
82,526,2616,2693,77,True
86,528,2616,2736,120,True
88,526,2616,2736,120,True
91,517,2616,2689,73,True
97,503,2616,2693,77,True
2,540,2617,2731,114,True
7,502,2617,2731,114,True
9,544,2617,2731,114,True
10,503,2617,2758,141,True
19,506,2617,2758,141,True
20,504,2617,2711,94,True
22,549,2617,2731,114,True
23,536,2617,2731,114,True
26,514,2617,2758,141,True
28,532,2617,2758,141,True
32,509,2617,2758,141,True
45,486,2617,2731,114,True
46,528,2617,2731,114,True
47,499,2617,2731,114,True
48,547,2617,2758,141,True
50,517,2617,2736,119,True
52,510,2617,,,False
58,517,2617,2736,119,True
75,520,2617,2736,119,True
76,532,2617,2693,76,True
81,476,2617,2736,119,True
88,527,2617,2770,153,True
4,528,2618,2731,113,True
9,545,2618,2731,113,True
17,491,2618,2731,113,True
24,487,2618,2731,113,True
31,539,2618,2731,113,True
34,507,2618,2788,170,True
41,546,2618,2731,113,True
42,547,2618,2758,140,True
50,518,2618,2736,118,True
51,515,2618,2693,75,True
52,511,2618,,,False
56,520,2618,2736,118,True
57,517,2618,2711,93,True
58,518,2618,2736,118,True
66,509,2618,2736,118,True
68,535,2618,2689,71,True
79,477,2618,2693,75,True
87,499,2618,2736,118,True
88,528,2618,2770,152,True
89,505,2618,2736,118,True
90,532,2618,2693,75,True
93,509,2618,2770,152,True
11,502,2619,2731,112,True
15,526,2619,2711,92,True
18,521,2619,2731,112,True
24,488,2619,2731,112,True
30,529,2619,2731,112,True
32,510,2619,2758,139,True
36,532,2619,2731,112,True
48,548,2619,2758,139,True
52,512,2619,,,False
59,530,2619,2736,117,True
68,536,2619,2736,117,True
71,532,2619,2736,117,True
74,532,2619,2770,151,True
79,478,2619,2693,74,True
88,529,2619,2770,151,True
92,557,2619,2770,151,True
99,507,2619,2693,74,True
8,522,2620,2731,111,True
10,504,2620,2758,138,True
11,503,2620,2731,111,True
13,535,2620,2731,111,True
22,550,2620,2731,111,True
30,530,2620,2731,111,True
32,511,2620,2758,138,True
38,509,2620,2731,111,True
40,587,2620,2758,138,True
45,487,2620,2731,111,True
51,516,2620,2693,73,True
59,531,2620,2736,116,True
63,548,2620,2736,116,True
66,510,2620,2736,116,True
67,514,2620,2693,73,True
68,537,2620,2736,116,True
70,537,2620,2689,69,True
82,527,2620,2693,73,True
90,533,2620,2693,73,True
91,518,2620,2770,150,True
98,499,2620,2689,69,True
7,503,2621,2731,110,True
18,522,2621,2731,110,True
20,505,2621,2711,90,True
23,537,2621,2731,110,True
26,515,2621,2758,137,True
35,527,2621,2731,110,True
46,529,2621,2758,137,True
48,549,2621,2758,137,True
52,513,2621,,,False
53,508,2621,2736,115,True
56,521,2621,2736,115,True
57,518,2621,2711,90,True
59,532,2621,2736,115,True
64,555,2621,2689,68,True
66,511,2621,2736,115,True
71,533,2621,2770,149,True
74,533,2621,2770,149,True
85,512,2621,2736,115,True
89,506,2621,2736,115,True
91,519,2621,2770,149,True
92,558,2621,2770,149,True
96,486,2621,2736,115,True
5,525,2622,2758,136,True
17,492,2622,2731,109,True
19,507,2622,2758,136,True
20,506,2622,2711,89,True
25,523,2622,2758,136,True
28,533,2622,2758,136,True
29,504,2622,2758,136,True
35,528,2622,2731,109,True
49,533,2622,2731,109,True
51,517,2622,2693,71,True
52,514,2622,,,False
53,509,2622,2736,114,True
55,480,2622,2736,114,True
58,519,2622,2736,114,True
59,533,2622,2736,114,True
62,511,2622,2736,114,True
75,521,2622,2736,114,True
76,533,2622,2693,71,True
82,528,2622,2736,114,True
85,513,2622,2736,114,True
90,534,2622,2736,114,True
96,487,2622,2736,114,True
97,504,2622,2693,71,True
99,508,2622,2693,71,True
5,526,2623,2758,135,True
24,489,2623,2731,108,True
28,534,2623,2758,135,True
42,548,2623,2758,135,True
50,519,2623,2736,113,True
53,510,2623,2736,113,True
54,577,2623,2736,113,True
55,481,2623,2736,113,True
59,534,2623,2736,113,True
61,522,2623,2711,88,True
77,528,2623,2736,113,True
89,507,2623,2736,113,True
92,559,2623,2770,147,True
1,526,2624,2758,134,True
3,549,2624,2758,134,True
9,546,2624,2731,107,True
11,504,2624,2758,134,True
20,507,2624,2711,87,True
24,490,2624,2731,107,True
30,531,2624,2731,107,True
34,508,2624,2788,164,True
37,505,2624,2758,134,True
44,541,2624,2788,164,True
53,511,2624,2736,112,True
64,556,2624,2736,112,True
73,509,2624,2693,69,True
74,534,2624,2770,146,True
76,534,2624,2736,112,True
86,529,2624,2736,112,True
89,508,2624,2736,112,True
93,510,2624,2770,146,True
0,572,2625,2758,133,True
4,529,2625,2758,133,True
7,504,2625,2758,133,True
10,505,2625,2758,133,True
11,505,2625,2758,133,True
16,561,2625,2758,133,True
19,508,2625,2758,133,True
31,540,2625,2731,106,True
34,509,2625,2788,163,True
36,533,2625,2758,133,True
39,503,2625,2758,133,True
48,550,2625,2758,133,True
55,482,2625,2736,111,True
57,519,2625,2711,86,True
58,520,2625,2736,111,True
62,512,2625,2736,111,True
70,538,2625,2689,64,True
71,534,2625,2770,145,True
79,479,2625,2693,68,True
88,530,2625,2770,145,True
0,573,2626,2758,132,True
4,530,2626,2758,132,True
9,547,2626,2758,132,True
14,531,2626,2758,132,True
31,541,2626,2731,105,True
33,513,2626,2758,132,True
37,506,2626,2758,132,True
41,547,2626,2758,132,True
44,542,2626,2788,162,True
53,512,2626,2736,110,True
63,549,2626,2736,110,True
66,512,2626,2736,110,True
84,531,2626,2736,110,True
96,488,2626,2736,110,True
0,574,2627,2758,131,True
2,541,2627,2731,104,True
4,531,2627,2758,131,True
8,523,2627,2758,131,True
16,562,2627,2758,131,True
17,493,2627,2731,104,True
21,508,2627,2758,131,True
25,524,2627,2758,131,True
29,505,2627,2758,131,True
45,488,2627,2731,104,True
47,500,2627,2758,131,True
50,520,2627,2736,109,True
56,522,2627,2736,109,True
66,513,2627,2736,109,True
75,522,2627,2736,109,True
79,480,2627,2693,66,True
85,514,2627,2736,109,True
87,500,2627,2736,109,True
88,531,2627,2770,143,True
95,527,2627,2693,66,True
97,505,2627,2693,66,True
4,532,2628,2758,130,True
9,548,2628,2758,130,True
10,506,2628,2758,130,True
31,542,2628,2731,103,True
42,549,2628,2758,130,True
49,534,2628,2758,130,True
50,521,2628,2736,108,True
55,483,2628,2736,108,True
59,535,2628,2736,108,True
65,528,2628,2693,65,True
70,539,2628,2711,83,True
81,477,2628,2736,108,True
84,532,2628,2770,142,True
89,509,2628,2736,108,True
91,520,2628,2770,142,True
92,560,2628,2770,142,True
93,511,2628,2770,142,True
95,528,2628,2693,65,True
99,509,2628,2736,108,True
3,550,2629,2758,129,True
4,533,2629,2758,129,True
6,521,2629,2731,102,True
8,524,2629,2758,129,True
10,507,2629,2758,129,True
14,532,2629,2758,129,True
23,538,2629,2758,129,True
32,512,2629,2758,129,True
36,534,2629,2758,129,True
58,521,2629,2736,107,True
7,505,2630,2758,128,True
8,525,2630,2758,128,True
10,508,2630,2758,128,True
12,529,2630,2758,128,True
15,527,2630,2788,158,True
25,525,2630,2758,128,True
30,532,2630,2731,101,True
34,510,2630,2788,158,True
41,548,2630,2758,128,True
43,497,2630,2731,101,True
46,530,2630,2758,128,True
47,501,2630,2758,128,True
49,535,2630,2758,128,True
51,518,2630,2736,106,True
53,513,2630,2736,106,True
54,578,2630,2736,106,True
57,520,2630,2711,81,True
60,512,2630,2736,106,True
62,513,2630,2736,106,True
77,529,2630,2736,106,True
91,521,2630,2770,140,True
92,561,2630,2770,140,True
98,500,2630,2693,63,True
1,527,2631,2758,127,True
3,551,2631,2758,127,True
4,534,2631,2758,127,True
7,506,2631,2758,127,True
13,536,2631,2731,100,True
14,533,2631,2758,127,True
17,494,2631,2731,100,True
20,508,2631,2711,80,True
21,509,2631,2758,127,True
25,526,2631,2758,127,True
30,533,2631,2731,100,True
39,504,2631,2758,127,True
40,588,2631,2758,127,True
44,543,2631,2788,157,True
49,536,2631,2758,127,True
50,522,2631,2736,105,True
51,519,2631,2736,105,True
61,523,2631,2711,80,True
64,557,2631,2736,105,True
73,510,2631,2736,105,True
77,530,2631,2736,105,True
83,505,2631,2736,105,True
90,535,2631,2736,105,True
4,535,2632,2758,126,True
6,522,2632,2731,99,True
18,523,2632,2758,126,True
21,510,2632,2758,126,True
40,589,2632,2758,126,True
47,502,2632,2758,126,True
50,523,2632,2736,104,True
67,515,2632,2736,104,True
71,535,2632,2770,138,True
72,521,2632,2736,104,True
82,529,2632,2736,104,True
84,533,2632,2770,138,True
86,530,2632,2736,104,True
1,528,2633,2758,125,True
9,549,2633,2758,125,True
24,491,2633,2758,125,True
29,506,2633,2758,125,True
31,543,2633,2731,98,True
33,514,2633,2758,125,True
34,511,2633,2788,155,True
35,529,2633,2731,98,True
37,507,2633,2788,155,True
42,550,2633,2758,125,True
47,503,2633,2758,125,True
48,551,2633,2758,125,True
61,524,2633,2711,78,True
68,538,2633,2736,103,True
85,515,2633,2736,103,True
90,536,2633,2736,103,True
91,522,2633,2770,137,True
96,489,2633,2736,103,True
3,552,2634,2758,124,True
6,523,2634,2731,97,True
9,550,2634,2758,124,True
14,534,2634,2758,124,True
22,551,2634,2758,124,True
23,539,2634,2758,124,True
29,507,2634,2758,124,True
34,512,2634,2788,154,True
48,552,2634,2758,124,True
50,524,2634,2736,102,True
60,513,2634,2770,136,True
61,525,2634,2711,77,True
62,514,2634,2736,102,True
75,523,2634,2770,136,True
88,532,2634,2770,136,True
91,523,2634,2770,136,True
95,529,2634,2736,102,True
96,490,2634,2736,102,True
5,527,2635,2758,123,True
6,524,2635,2758,123,True
9,551,2635,2758,123,True
18,524,2635,2758,123,True
19,509,2635,2758,123,True
37,508,2635,2788,153,True
45,489,2635,2731,96,True
60,514,2635,2770,135,True
69,551,2635,2770,135,True
77,531,2635,2736,101,True
80,563,2635,2736,101,True
85,516,2635,2736,101,True
89,510,2635,2770,135,True
2,542,2636,2788,152,True
7,507,2636,2758,122,True
10,509,2636,2758,122,True
26,516,2636,2758,122,True
27,540,2636,2758,122,True
29,508,2636,2758,122,True
31,544,2636,2731,95,True
38,510,2636,2731,95,True
39,505,2636,2758,122,True
47,504,2636,2758,122,True
54,579,2636,2736,100,True
55,484,2636,2770,134,True
56,523,2636,2736,100,True
69,552,2636,2770,134,True
71,536,2636,2770,134,True
75,524,2636,2770,134,True
81,478,2636,2770,134,True
83,506,2636,2736,100,True
85,517,2636,2736,100,True
88,533,2636,2770,134,True
89,511,2636,2770,134,True
93,512,2636,2770,134,True
95,530,2636,2736,100,True
1,529,2637,2758,121,True
31,545,2637,2731,94,True
34,513,2637,2788,151,True
44,544,2637,2788,151,True
47,505,2637,2758,121,True
49,537,2637,2758,121,True
59,536,2637,2736,99,True
60,515,2637,2770,133,True
61,526,2637,2711,74,True
73,511,2637,2736,99,True
76,535,2637,2736,99,True
87,501,2637,2736,99,True
98,501,2637,2736,99,True
10,510,2638,2758,120,True
15,528,2638,2788,150,True
29,509,2638,2758,120,True
32,513,2638,2758,120,True
35,530,2638,2731,93,True
36,535,2638,2788,150,True
49,538,2638,2758,120,True
50,525,2638,2736,98,True
53,514,2638,2770,132,True
54,580,2638,2736,98,True
61,527,2638,2711,73,True
83,507,2638,2736,98,True
88,534,2638,2770,132,True
89,512,2638,2770,132,True
99,510,2638,2736,98,True
2,543,2639,2788,149,True
9,552,2639,2758,119,True
16,563,2639,2758,119,True
17,495,2639,2788,149,True
19,510,2639,2758,119,True
21,511,2639,2758,119,True
23,540,2639,2758,119,True
32,514,2639,2758,119,True
35,531,2639,2731,92,True
42,551,2639,2758,119,True
52,515,2639,,,False
57,521,2639,2736,97,True
58,522,2639,2770,131,True
59,537,2639,2736,97,True
77,532,2639,2736,97,True
80,564,2639,2736,97,True
81,479,2639,2770,131,True
89,513,2639,2770,131,True
10,511,2640,2758,118,True
13,537,2640,2758,118,True
15,529,2640,2788,148,True
25,527,2640,2758,118,True
33,515,2640,2758,118,True
37,509,2640,2788,148,True
46,531,2640,2758,118,True
50,526,2640,2736,96,True
51,520,2640,2736,96,True
52,516,2640,,,False
57,522,2640,2736,96,True
70,540,2640,2736,96,True
73,512,2640,2736,96,True
75,525,2640,2770,130,True
77,533,2640,2736,96,True
81,480,2640,2770,130,True
85,518,2640,2736,96,True
90,537,2640,2736,96,True
91,524,2640,2770,130,True
92,562,2640,2770,130,True
93,513,2640,2770,130,True
3,553,2641,2758,117,True
21,512,2641,2758,117,True
22,552,2641,2758,117,True
26,517,2641,2758,117,True
33,516,2641,2758,117,True
34,514,2641,2788,147,True
37,510,2641,2788,147,True
39,506,2641,2758,117,True
44,545,2641,2788,147,True
52,517,2641,,,False
54,581,2641,2736,95,True
55,485,2641,2770,129,True
62,515,2641,2770,129,True
66,514,2641,2770,129,True
73,513,2641,2736,95,True
74,535,2641,2770,129,True
80,565,2641,2736,95,True
83,508,2641,2736,95,True
84,534,2641,2770,129,True
88,535,2641,2770,129,True
97,506,2641,2736,95,True
4,536,2642,2758,116,True
9,553,2642,2758,116,True
10,512,2642,2758,116,True
18,525,2642,2758,116,True
23,541,2642,2758,116,True
27,541,2642,2758,116,True
40,590,2642,2758,116,True
47,506,2642,2758,116,True
52,518,2642,,,False
53,515,2642,2770,128,True
63,550,2642,2770,128,True
67,516,2642,2770,128,True
72,522,2642,2736,94,True
76,536,2642,2736,94,True
91,525,2642,2770,128,True
98,502,2642,2736,94,True
9,554,2643,2758,115,True
10,513,2643,2758,115,True
21,513,2643,2758,115,True
22,553,2643,2758,115,True
24,492,2643,2758,115,True
26,518,2643,2788,145,True
30,534,2643,2731,88,True
32,515,2643,2758,115,True
34,515,2643,2788,145,True
35,532,2643,2731,88,True
40,591,2643,2758,115,True
41,549,2643,2758,115,True
48,553,2643,2788,145,True
53,516,2643,2770,127,True
60,516,2643,2770,127,True
61,528,2643,2736,93,True
67,517,2643,2770,127,True
72,523,2643,2736,93,True
73,514,2643,2736,93,True
75,526,2643,2770,127,True
76,537,2643,2736,93,True
79,481,2643,2736,93,True
81,481,2643,2770,127,True
83,509,2643,2736,93,True
84,535,2643,2770,127,True
85,519,2643,2736,93,True
86,531,2643,2736,93,True
93,514,2643,2770,127,True
96,491,2643,2770,127,True
1,530,2644,2758,114,True
13,538,2644,2758,114,True
17,496,2644,2788,144,True
19,511,2644,2788,144,True
25,528,2644,2758,114,True
26,519,2644,2788,144,True
34,516,2644,2788,144,True
42,552,2644,2758,114,True
51,521,2644,2736,92,True
53,517,2644,2770,126,True
55,486,2644,2770,126,True
57,523,2644,2736,92,True
61,529,2644,2736,92,True
62,516,2644,2770,126,True
64,558,2644,2736,92,True
65,529,2644,2736,92,True
71,537,2644,2770,126,True
87,502,2644,2770,126,True
96,492,2644,2770,126,True
2,544,2645,2788,143,True
5,528,2645,2758,113,True
6,525,2645,2758,113,True
9,555,2645,2788,143,True
10,514,2645,2758,113,True
11,506,2645,2758,113,True
15,530,2645,2788,143,True
16,564,2645,2758,113,True
21,514,2645,2758,113,True
22,554,2645,2758,113,True
26,520,2645,2788,143,True
27,542,2645,2758,113,True
31,546,2645,2788,143,True
35,533,2645,2731,86,True
38,511,2645,2788,143,True
39,507,2645,2758,113,True
46,532,2645,2758,113,True
56,524,2645,2770,125,True
59,538,2645,2770,125,True
67,518,2645,2770,125,True
68,539,2645,2770,125,True
73,515,2645,2736,91,True
74,536,2645,2770,125,True
78,558,2645,2770,125,True
86,532,2645,2736,91,True
92,563,2645,2770,125,True
4,537,2646,2758,112,True
10,515,2646,2758,112,True
20,509,2646,2731,85,True
30,535,2646,2758,112,True
33,517,2646,2758,112,True
36,536,2646,2788,142,True
38,512,2646,2788,142,True
40,592,2646,2788,142,True
53,518,2646,2770,124,True
57,524,2646,2736,90,True
58,523,2646,2770,124,True
66,515,2646,2770,124,True
69,553,2646,2770,124,True
71,538,2646,2770,124,True
72,524,2646,2736,90,True
79,482,2646,2736,90,True
81,482,2646,2770,124,True
86,533,2646,2736,90,True
93,515,2646,2770,124,True
94,528,2646,2770,124,True
98,503,2646,2736,90,True
99,511,2646,2770,124,True
3,554,2647,2758,111,True
8,526,2647,2788,141,True
17,497,2647,2788,141,True
25,529,2647,2788,141,True
29,510,2647,2758,111,True
35,534,2647,2731,84,True
36,537,2647,2788,141,True
53,519,2647,2770,123,True
56,525,2647,2770,123,True
63,551,2647,2770,123,True
66,516,2647,2770,123,True
69,554,2647,2770,123,True
79,483,2647,2736,89,True
90,538,2647,2770,123,True
94,529,2647,2770,123,True
95,531,2647,2736,89,True
1,531,2648,2758,110,True
8,527,2648,2788,140,True
9,556,2648,2788,140,True
11,507,2648,2758,110,True
16,565,2648,2788,140,True
18,526,2648,2788,140,True
21,515,2648,2758,110,True
27,543,2648,2758,110,True
29,511,2648,2758,110,True
31,547,2648,2788,140,True
32,516,2648,2758,110,True
34,517,2648,2788,140,True
37,511,2648,2788,140,True
38,513,2648,2788,140,True
40,593,2648,2788,140,True
51,522,2648,2770,122,True
53,520,2648,2770,122,True
54,582,2648,2770,122,True
64,559,2648,2736,88,True
79,484,2648,2736,88,True
84,536,2648,2770,122,True
96,493,2648,2770,122,True
97,507,2648,2736,88,True
98,504,2648,2736,88,True
1,532,2649,2758,109,True
6,526,2649,2758,109,True
7,508,2649,2788,139,True
20,510,2649,2731,82,True
22,555,2649,2758,109,True
24,493,2649,2758,109,True
27,544,2649,2758,109,True
31,548,2649,2788,139,True
32,517,2649,2758,109,True
35,535,2649,2788,139,True
44,546,2649,2788,139,True
45,490,2649,2788,139,True
53,521,2649,2770,121,True
56,526,2649,2770,121,True
57,525,2649,2736,87,True
58,524,2649,2770,121,True
59,539,2649,2770,121,True
65,530,2649,2736,87,True
71,539,2649,2770,121,True
77,534,2649,2770,121,True
82,530,2649,2770,121,True
86,534,2649,2736,87,True
7,509,2650,2788,138,True
9,557,2650,2788,138,True
11,508,2650,2758,108,True
23,542,2650,2758,108,True
27,545,2650,2758,108,True
33,518,2650,2758,108,True
39,508,2650,2788,138,True
47,507,2650,2758,108,True
53,522,2650,2770,120,True
62,517,2650,2770,120,True
64,560,2650,2736,86,True
69,555,2650,2770,120,True
70,541,2650,2736,86,True
72,525,2650,2736,86,True
79,485,2650,2736,86,True
80,566,2650,2736,86,True
84,537,2650,2770,120,True
90,539,2650,2770,120,True
96,494,2650,2770,120,True
0,575,2651,2758,107,True
10,516,2651,2788,137,True
13,539,2651,2758,107,True
16,566,2651,2788,137,True
24,494,2651,2758,107,True
29,512,2651,2758,107,True
45,491,2651,2788,137,True
46,533,2651,2758,107,True
51,523,2651,2770,119,True
74,537,2651,2770,119,True
84,538,2651,2770,119,True
1,533,2652,2758,106,True
2,545,2652,2788,136,True
4,538,2652,2758,106,True
9,558,2652,2788,136,True
18,527,2652,2788,136,True
22,556,2652,2758,106,True
31,549,2652,2788,136,True
36,538,2652,2788,136,True
50,527,2652,2736,84,True
54,583,2652,2770,118,True
62,518,2652,2770,118,True
73,516,2652,2736,84,True
83,510,2652,2770,118,True
87,503,2652,2770,118,True
96,495,2652,2770,118,True
99,512,2652,2770,118,True
7,510,2653,2788,135,True
13,540,2653,2788,135,True
34,518,2653,2788,135,True
35,536,2653,2788,135,True
36,539,2653,2788,135,True
38,514,2653,2788,135,True
46,534,2653,2758,105,True
50,528,2653,2736,83,True
57,526,2653,2736,83,True
58,525,2653,2770,117,True
59,540,2653,2770,117,True
60,517,2653,2770,117,True
61,530,2653,2736,83,True
64,561,2653,2736,83,True
74,538,2653,2770,117,True
81,483,2653,2770,117,True
88,536,2653,2770,117,True
90,540,2653,2770,117,True
95,532,2653,2736,83,True
0,576,2654,2758,104,True
4,539,2654,2758,104,True
6,527,2654,2758,104,True
14,535,2654,2758,104,True
15,531,2654,2788,134,True
19,512,2654,2788,134,True
42,553,2654,2788,134,True
49,539,2654,2758,104,True
55,487,2654,2770,116,True
56,527,2654,2770,116,True
58,526,2654,2770,116,True
62,519,2654,2770,116,True
74,539,2654,2770,116,True
75,527,2654,2770,116,True
85,520,2654,2770,116,True
19,513,2655,2788,133,True
33,519,2655,2758,103,True
39,509,2655,2788,133,True
42,554,2655,2788,133,True
49,540,2655,2758,103,True
51,524,2655,2770,115,True
56,528,2655,2770,115,True
59,541,2655,2770,115,True
62,520,2655,2770,115,True
64,562,2655,2736,81,True
66,517,2655,2770,115,True
83,511,2655,2770,115,True
84,539,2655,2770,115,True
94,530,2655,2770,115,True
95,533,2655,2736,81,True
1,534,2656,2758,102,True
12,530,2656,2788,132,True
13,541,2656,2788,132,True
22,557,2656,2788,132,True
25,530,2656,2788,132,True
28,535,2656,2788,132,True
32,518,2656,2788,132,True
43,498,2656,2853,197,True
47,508,2656,2758,102,True
53,523,2656,2770,114,True
54,584,2656,2770,114,True
56,529,2656,2770,114,True
58,527,2656,2770,114,True
59,542,2656,2770,114,True
63,552,2656,2770,114,True
70,542,2656,2736,80,True
72,526,2656,2736,80,True
73,517,2656,2736,80,True
76,538,2656,2736,80,True
78,559,2656,2770,114,True
80,567,2656,2770,114,True
83,512,2656,2770,114,True
85,521,2656,2770,114,True
88,537,2656,2770,114,True
96,496,2656,2770,114,True
4,540,2657,2758,101,True
11,509,2657,2758,101,True
13,542,2657,2788,131,True
18,528,2657,2788,131,True
23,543,2657,2758,101,True
25,531,2657,2788,131,True
34,519,2657,2788,131,True
35,537,2657,2788,131,True
39,510,2657,2788,131,True
46,535,2657,2758,101,True
58,528,2657,2770,113,True
63,553,2657,2770,113,True
69,556,2657,2770,113,True
72,527,2657,2736,79,True
77,535,2657,2770,113,True
82,531,2657,2770,113,True
87,504,2657,2770,113,True
94,531,2657,2770,113,True
98,505,2657,2736,79,True
99,513,2657,2770,113,True
13,543,2658,2788,130,True
17,498,2658,2788,130,True
22,558,2658,2788,130,True
23,544,2658,2758,100,True
25,532,2658,2788,130,True
32,519,2658,2788,130,True
34,520,2658,2788,130,True
52,519,2658,,,False
68,540,2658,2770,112,True
71,540,2658,2770,112,True
73,518,2658,2736,78,True
79,486,2658,2736,78,True
80,568,2658,2770,112,True
85,522,2658,2770,112,True
86,535,2658,2736,78,True
92,564,2658,2770,112,True
97,508,2658,2736,78,True
11,510,2659,2758,99,True
20,511,2659,2788,129,True
33,520,2659,2758,99,True
34,521,2659,2788,129,True
36,540,2659,2788,129,True
38,515,2659,2788,129,True
39,511,2659,2788,129,True
47,509,2659,2758,99,True
50,529,2659,2736,77,True
61,531,2659,2736,77,True
64,563,2659,2736,77,True
74,540,2659,2770,111,True
75,528,2659,2770,111,True
76,539,2659,2736,77,True
81,484,2659,2770,111,True
82,532,2659,2770,111,True
87,505,2659,2770,111,True
94,532,2659,2770,111,True
18,529,2660,2788,128,True
26,521,2660,2788,128,True
27,546,2660,2788,128,True
32,520,2660,2788,128,True
33,521,2660,2758,98,True
39,512,2660,2788,128,True
45,492,2660,2788,128,True
55,488,2660,2770,110,True
57,527,2660,2736,76,True
59,543,2660,2770,110,True
60,518,2660,2770,110,True
72,528,2660,2736,76,True
74,541,2660,2770,110,True
76,540,2660,2736,76,True
89,514,2660,2770,110,True
93,516,2660,2770,110,True
95,534,2660,2770,110,True
99,514,2660,2770,110,True
4,541,2661,2788,127,True
17,499,2661,2788,127,True
21,516,2661,2758,97,True
23,545,2661,2758,97,True
26,522,2661,2788,127,True
29,513,2661,2758,97,True
33,522,2661,2758,97,True
36,541,2661,2788,127,True
44,547,2661,2788,127,True
48,554,2661,2788,127,True
52,520,2661,,,False
59,544,2661,2770,109,True
67,519,2661,2770,109,True
74,542,2661,2770,109,True
91,526,2661,2770,109,True
96,497,2661,2770,109,True
98,506,2661,2736,75,True
1,535,2662,2758,96,True
3,555,2662,2853,191,True
8,528,2662,2788,126,True
16,567,2662,2788,126,True
21,517,2662,2758,96,True
29,514,2662,2758,96,True
30,536,2662,2788,126,True
32,521,2662,2788,126,True
34,522,2662,2788,126,True
45,493,2662,2788,126,True
56,530,2662,2770,108,True
57,528,2662,2736,74,True
61,532,2662,2736,74,True
66,518,2662,2770,108,True
69,557,2662,2770,108,True
71,541,2662,2770,108,True
72,529,2662,2736,74,True
83,513,2662,2770,108,True
87,506,2662,2784,122,True
92,565,2662,2770,108,True
94,533,2662,2770,108,True
95,535,2662,2770,108,True
98,507,2662,2770,108,True
1,536,2663,2758,95,True
6,528,2663,2788,125,True
7,511,2663,2853,190,True
8,529,2663,2788,125,True
13,544,2663,2788,125,True
17,500,2663,2788,125,True
26,523,2663,2788,125,True
34,523,2663,2788,125,True
39,513,2663,2788,125,True
41,550,2663,2788,125,True
46,536,2663,2788,125,True
52,521,2663,,,False
57,529,2663,2736,73,True
68,541,2663,2770,107,True
70,543,2663,2736,73,True
71,542,2663,2770,107,True
86,536,2663,2736,73,True
2,546,2664,2788,124,True
4,542,2664,2788,124,True
14,536,2664,2758,94,True
21,518,2664,2758,94,True
22,559,2664,2788,124,True
33,523,2664,2758,94,True
38,516,2664,2788,124,True
39,514,2664,2788,124,True
44,548,2664,2788,124,True
51,525,2664,2770,106,True
52,522,2664,,,False
58,529,2664,2770,106,True
73,519,2664,2770,106,True
75,529,2664,2770,106,True
78,560,2664,2770,106,True
80,569,2664,2770,106,True
81,485,2664,2770,106,True
84,540,2664,2770,106,True
87,507,2664,2784,120,True
93,517,2664,2770,106,True
94,534,2664,2770,106,True
96,498,2664,2770,106,True
5,529,2665,2788,123,True
6,529,2665,2788,123,True
10,517,2665,2788,123,True
13,545,2665,2788,123,True
21,519,2665,2758,93,True
42,555,2665,2788,123,True
49,541,2665,2758,93,True
54,585,2665,2770,105,True
63,554,2665,2770,105,True
68,542,2665,2770,105,True
71,543,2665,2770,105,True
72,530,2665,2736,71,True
74,543,2665,2770,105,True
84,541,2665,2770,105,True
85,523,2665,2770,105,True
89,515,2665,2770,105,True
93,518,2665,2770,105,True
0,577,2666,2758,92,True
6,530,2666,2788,122,True
9,559,2666,2788,122,True
11,511,2666,2758,92,True
20,512,2666,2788,122,True
21,520,2666,2758,92,True
36,542,2666,2788,122,True
50,530,2666,2770,104,True
54,586,2666,2770,104,True
58,530,2666,2770,104,True
60,519,2666,2770,104,True
62,521,2666,2770,104,True
66,519,2666,2770,104,True
67,520,2666,2770,104,True
75,530,2666,2770,104,True
79,487,2666,2770,104,True
83,514,2666,2770,104,True
89,516,2666,2770,104,True
93,519,2666,2770,104,True
97,509,2666,2770,104,True
2,547,2667,2788,121,True
14,537,2667,2758,91,True
24,495,2667,2788,121,True
32,522,2667,2788,121,True
33,524,2667,2758,91,True
35,538,2667,2788,121,True
41,551,2667,2788,121,True
42,556,2667,2788,121,True
52,523,2667,,,False
64,564,2667,2736,69,True
65,531,2667,2770,103,True
68,543,2667,2770,103,True
69,558,2667,2770,103,True
75,531,2667,2770,103,True
77,536,2667,2770,103,True
78,561,2667,2770,103,True
79,488,2667,2770,103,True
81,486,2667,2770,103,True
87,508,2667,2784,117,True
2,548,2668,2853,185,True
5,530,2668,2788,120,True
11,512,2668,2758,90,True
20,513,2668,2788,120,True
25,533,2668,2788,120,True
31,550,2668,2788,120,True
37,512,2668,2853,185,True
44,549,2668,2788,120,True
49,542,2668,2758,90,True
52,524,2668,,,False
56,531,2668,2770,102,True
67,521,2668,2770,102,True
69,559,2668,2770,102,True
74,544,2668,2770,102,True
80,570,2668,2770,102,True
84,542,2668,2770,102,True
91,527,2668,2770,102,True
93,520,2668,2770,102,True
96,499,2668,2770,102,True
99,515,2668,2770,102,True
10,518,2669,2788,119,True
11,513,2669,2758,89,True
22,560,2669,2788,119,True
31,551,2669,2788,119,True
33,525,2669,2788,119,True
36,543,2669,2788,119,True
38,517,2669,2788,119,True
47,510,2669,2758,89,True
62,522,2669,2770,101,True
63,555,2669,2770,101,True
65,532,2669,2770,101,True
73,520,2669,2770,101,True
80,571,2669,2770,101,True
88,538,2669,2770,101,True
92,566,2669,2770,101,True
2,549,2670,2853,183,True
9,560,2670,2788,118,True
17,501,2670,2788,118,True
21,521,2670,2758,88,True
22,561,2670,2788,118,True
37,513,2670,2853,183,True
42,557,2670,2788,118,True
57,530,2670,2770,100,True
58,531,2670,2770,100,True
61,533,2670,2758,88,True
65,533,2670,2770,100,True
70,544,2670,2736,66,True
77,537,2670,2770,100,True
81,487,2670,2770,100,True
82,533,2670,2770,100,True
85,524,2670,2770,100,True
87,509,2670,2784,114,True
91,528,2670,2770,100,True
96,500,2670,2770,100,True
7,512,2671,2853,182,True
10,519,2671,2788,117,True
11,514,2671,2788,117,True
13,546,2671,2788,117,True
17,502,2671,2853,182,True
19,514,2671,2853,182,True
20,514,2671,2788,117,True
25,534,2671,2788,117,True
27,547,2671,2788,117,True
35,539,2671,2788,117,True
37,514,2671,2853,182,True
41,552,2671,2788,117,True
42,558,2671,2788,117,True
50,531,2671,2770,99,True
51,526,2671,2770,99,True
55,489,2671,2770,99,True
56,532,2671,2770,99,True
59,545,2671,2770,99,True
71,544,2671,2770,99,True
72,531,2671,2788,117,True
73,521,2671,2770,99,True
74,545,2671,2770,99,True
75,532,2671,2770,99,True
78,562,2671,2770,99,True
82,534,2671,2770,99,True
87,510,2671,2784,113,True
88,539,2671,2770,99,True
91,529,2671,2770,99,True
98,508,2671,2770,99,True
4,543,2672,2788,116,True
11,515,2672,2788,116,True
21,522,2672,2758,86,True
33,526,2672,2788,116,True
37,515,2672,2853,181,True
38,518,2672,2788,116,True
39,515,2672,2788,116,True
42,559,2672,2788,116,True
48,555,2672,2853,181,True
49,543,2672,2758,86,True
55,490,2672,2770,98,True
56,533,2672,2770,98,True
59,546,2672,2770,98,True
61,534,2672,2758,86,True
66,520,2672,2770,98,True
69,560,2672,2770,98,True
76,541,2672,2770,98,True
77,538,2672,2770,98,True
81,488,2672,2770,98,True
85,525,2672,2770,98,True
88,540,2672,2770,98,True
90,541,2672,2770,98,True
92,567,2672,2770,98,True
99,516,2672,2770,98,True
1,537,2673,2758,85,True
5,531,2673,2788,115,True
6,531,2673,2788,115,True
7,513,2673,2853,180,True
10,520,2673,2788,115,True
16,568,2673,2788,115,True
24,496,2673,2788,115,True
28,536,2673,2788,115,True
29,515,2673,2853,180,True
32,523,2673,2788,115,True
38,519,2673,2788,115,True
42,560,2673,2788,115,True
49,544,2673,2758,85,True
54,587,2673,2770,97,True
61,535,2673,2758,85,True
62,523,2673,2770,97,True
65,534,2673,2770,97,True
83,515,2673,2784,111,True
87,511,2673,2784,111,True
88,541,2673,2770,97,True
91,530,2673,2770,97,True
97,510,2673,2770,97,True
5,532,2674,2788,114,True
17,503,2674,2853,179,True
18,530,2674,2788,114,True
19,515,2674,2853,179,True
21,523,2674,2758,84,True
22,562,2674,2788,114,True
28,537,2674,2788,114,True
38,520,2674,2788,114,True
40,594,2674,2853,179,True
42,561,2674,2788,114,True
47,511,2674,2788,114,True
55,491,2674,2770,96,True
61,536,2674,2758,84,True
72,532,2674,2788,114,True
76,542,2674,2770,96,True
80,572,2674,2770,96,True
91,531,2674,2770,96,True
92,568,2674,2770,96,True
94,535,2674,2770,96,True
95,536,2674,2770,96,True
98,509,2674,2770,96,True
11,516,2675,2788,113,True
12,531,2675,2788,113,True
14,538,2675,2758,83,True
17,504,2675,2853,178,True
27,548,2675,2788,113,True
31,552,2675,2788,113,True
33,527,2675,2788,113,True
35,540,2675,2788,113,True
36,544,2675,2788,113,True
39,516,2675,2788,113,True
40,595,2675,2853,178,True
44,550,2675,2788,113,True
51,527,2675,2770,95,True
54,588,2675,2770,95,True
55,492,2675,2770,95,True
57,531,2675,2770,95,True
68,544,2675,2770,95,True
74,546,2675,2770,95,True
82,535,2675,2770,95,True
90,542,2675,2770,95,True
91,532,2675,2770,95,True
93,521,2675,2770,95,True
95,537,2675,2770,95,True
96,501,2675,2770,95,True
97,511,2675,2770,95,True
9,561,2676,2853,177,True
10,521,2676,2788,112,True
12,532,2676,2788,112,True
13,547,2676,2788,112,True
17,505,2676,2853,177,True
18,531,2676,2788,112,True
21,524,2676,2758,82,True
23,546,2676,2853,177,True
24,497,2676,2788,112,True
41,553,2676,2788,112,True
45,494,2676,2788,112,True
46,537,2676,2853,177,True
57,532,2676,2770,94,True
60,520,2676,2770,94,True
63,556,2676,2770,94,True
75,533,2676,2839,163,True
80,573,2676,2770,94,True
84,543,2676,2770,94,True
85,526,2676,2770,94,True
88,542,2676,2770,94,True
90,543,2676,2770,94,True
91,533,2676,2770,94,True
7,514,2677,2853,176,True
9,562,2677,2853,176,True
16,569,2677,2788,111,True
29,516,2677,2853,176,True
37,516,2677,2853,176,True
40,596,2677,2853,176,True
44,551,2677,2788,111,True
45,495,2677,2788,111,True
49,545,2677,2788,111,True
61,537,2677,2770,93,True
64,565,2677,2770,93,True
70,545,2677,2770,93,True
74,547,2677,2770,93,True
82,536,2677,2770,93,True
84,544,2677,2770,93,True
85,527,2677,2770,93,True
93,522,2677,2770,93,True
96,502,2677,2770,93,True
98,510,2677,2770,93,True
2,550,2678,2853,175,True
5,533,2678,2788,110,True
16,570,2678,2788,110,True
17,506,2678,2853,175,True
25,535,2678,2788,110,True
26,524,2678,2788,110,True
29,517,2678,2853,175,True
32,524,2678,2788,110,True
36,545,2678,2788,110,True
50,532,2678,2770,92,True
54,589,2678,2770,92,True
57,533,2678,2770,92,True
66,521,2678,2770,92,True
68,545,2678,2770,92,True
74,548,2678,2770,92,True
79,489,2678,2770,92,True
84,545,2678,2770,92,True
89,517,2678,2770,92,True
90,544,2678,2770,92,True
94,536,2678,2770,92,True
95,538,2678,2770,92,True
0,578,2679,2758,79,True
1,538,2679,2758,79,True
2,551,2679,2853,174,True
4,544,2679,2788,109,True
5,534,2679,2788,109,True
6,532,2679,2788,109,True
9,563,2679,2853,174,True
11,517,2679,2788,109,True
14,539,2679,2758,79,True
15,532,2679,2788,109,True
18,532,2679,2788,109,True
24,498,2679,2788,109,True
25,536,2679,2788,109,True
31,553,2679,2788,109,True
37,517,2679,2853,174,True
41,554,2679,2788,109,True
44,552,2679,2788,109,True
48,556,2679,2853,174,True
55,493,2679,2770,91,True
60,521,2679,2770,91,True
63,557,2679,2770,91,True
66,522,2679,2770,91,True
68,546,2679,2770,91,True
76,543,2679,2770,91,True
87,512,2679,2784,105,True
89,518,2679,2770,91,True
94,537,2679,2770,91,True
0,579,2680,2788,108,True
20,515,2680,2788,108,True
28,538,2680,2853,173,True
29,518,2680,2853,173,True
30,537,2680,2788,108,True
34,524,2680,2788,108,True
38,521,2680,2788,108,True
50,533,2680,2770,90,True
56,534,2680,2770,90,True
59,547,2680,2770,90,True
62,524,2680,2770,90,True
65,535,2680,2770,90,True
68,547,2680,2770,90,True
81,489,2680,2770,90,True
87,513,2680,2784,104,True
92,569,2680,2770,90,True
96,503,2680,2770,90,True
6,533,2681,2788,107,True
23,547,2681,2853,172,True
30,538,2681,2788,107,True
39,517,2681,2788,107,True
58,532,2681,2770,89,True
60,522,2681,2770,89,True
63,558,2681,2770,89,True
64,566,2681,2770,89,True
66,523,2681,2770,89,True
74,549,2681,2770,89,True
80,574,2681,2770,89,True
81,490,2681,2770,89,True
86,537,2681,2770,89,True
88,543,2681,2770,89,True
1,539,2682,2758,76,True
9,564,2682,2853,171,True
10,522,2682,2853,171,True
21,525,2682,2853,171,True
33,528,2682,2788,106,True
38,522,2682,2788,106,True
40,597,2682,2853,171,True
46,538,2682,2853,171,True
52,525,2682,,,False
65,536,2682,2770,88,True
70,546,2682,2770,88,True
74,550,2682,2770,88,True
76,544,2682,2770,88,True
82,537,2682,2770,88,True
85,528,2682,2770,88,True
88,544,2682,2770,88,True
91,534,2682,2784,102,True
94,538,2682,2770,88,True
98,511,2682,2770,88,True
0,580,2683,2788,105,True
1,540,2683,2788,105,True
16,571,2683,2853,170,True
17,507,2683,2853,170,True
22,563,2683,2853,170,True
23,548,2683,2853,170,True
24,499,2683,2788,105,True
25,537,2683,2788,105,True
27,549,2683,2788,105,True
30,539,2683,2788,105,True
32,525,2683,2853,170,True
35,541,2683,2788,105,True
51,528,2683,2770,87,True
52,526,2683,,,False
53,524,2683,2770,87,True
54,590,2683,2770,87,True
74,551,2683,2770,87,True
77,539,2683,2770,87,True
80,575,2683,2770,87,True
85,529,2683,2770,87,True
94,539,2683,2770,87,True
97,512,2683,2770,87,True
2,552,2684,2853,169,True
3,556,2684,2853,169,True
12,533,2684,2788,104,True
16,572,2684,2853,169,True
27,550,2684,2788,104,True
30,540,2684,2788,104,True
39,518,2684,2853,169,True
44,553,2684,2853,169,True
45,496,2684,2788,104,True
46,539,2684,2853,169,True
47,512,2684,2788,104,True
48,557,2684,2853,169,True
51,529,2684,2770,86,True
52,527,2684,,,False
55,494,2684,2784,100,True
62,525,2684,2784,100,True
70,547,2684,2770,86,True
71,545,2684,2770,86,True
76,545,2684,2770,86,True
84,546,2684,2770,86,True
85,530,2684,2770,86,True
93,523,2684,2770,86,True
12,534,2685,2853,168,True
33,529,2685,2788,103,True
37,518,2685,2853,168,True
38,523,2685,2853,168,True
43,499,2685,2853,168,True
48,558,2685,2853,168,True
53,525,2685,2770,85,True
54,591,2685,2770,85,True
55,495,2685,2784,99,True
56,535,2685,2770,85,True
67,522,2685,2839,154,True
68,548,2685,2770,85,True
69,561,2685,2770,85,True
71,546,2685,2770,85,True
75,534,2685,2839,154,True
78,563,2685,2770,85,True
79,490,2685,2770,85,True
84,547,2685,2770,85,True
93,524,2685,2770,85,True
98,512,2685,2770,85,True
5,535,2686,2788,102,True
13,548,2686,2853,167,True
14,540,2686,2758,72,True
23,549,2686,2853,167,True
29,519,2686,2853,167,True
37,519,2686,2853,167,True
48,559,2686,2853,167,True
50,534,2686,2770,84,True
60,523,2686,2770,84,True
62,526,2686,2784,98,True
65,537,2686,2770,84,True
69,562,2686,2770,84,True
78,564,2686,2770,84,True
81,491,2686,2770,84,True
88,545,2686,2770,84,True
93,525,2686,2770,84,True
96,504,2686,2770,84,True
3,557,2687,2853,166,True
5,536,2687,2788,101,True
21,526,2687,2853,166,True
29,520,2687,2853,166,True
32,526,2687,2853,166,True
33,530,2687,2788,101,True
34,525,2687,2788,101,True
40,598,2687,2853,166,True
41,555,2687,2853,166,True
46,540,2687,2853,166,True
67,523,2687,2839,152,True
72,533,2687,2788,101,True
90,545,2687,2770,83,True
99,517,2687,2770,83,True
10,523,2688,2853,165,True
18,533,2688,2788,100,True
22,564,2688,2853,165,True
24,500,2688,2788,100,True
31,554,2688,2853,165,True
33,531,2688,2788,100,True
35,542,2688,2788,100,True
40,599,2688,2853,165,True
43,500,2688,2853,165,True
45,497,2688,2788,100,True
49,546,2688,2853,165,True
71,547,2688,2770,82,True
72,534,2688,2788,100,True
75,535,2688,2839,151,True
79,491,2688,2788,100,True
85,531,2688,2770,82,True
86,538,2688,2770,82,True
88,546,2688,2770,82,True
89,519,2688,2770,82,True
91,535,2688,2784,96,True
99,518,2688,2770,82,True
4,545,2689,2788,99,True
8,530,2689,2853,164,True
16,573,2689,2853,164,True
18,534,2689,2788,99,True
20,516,2689,2788,99,True
43,501,2689,2853,164,True
47,513,2689,2788,99,True
48,560,2689,2853,164,True
50,535,2689,2770,81,True
54,592,2689,2770,81,True
60,524,2689,2770,81,True
65,538,2689,2770,81,True
69,563,2689,2770,81,True
77,540,2689,2770,81,True
80,576,2689,2770,81,True
87,514,2689,2784,95,True
89,520,2689,2770,81,True
94,540,2689,2770,81,True
95,539,2689,2770,81,True
97,513,2689,2770,81,True
0,581,2690,2853,163,True
4,546,2690,2788,98,True
6,534,2690,2853,163,True
7,515,2690,2853,163,True
12,535,2690,2853,163,True
16,574,2690,2853,163,True
21,527,2690,2853,163,True
26,525,2690,2853,163,True
29,521,2690,2853,163,True
32,527,2690,2853,163,True
34,526,2690,2788,98,True
36,546,2690,2853,163,True
39,519,2690,2853,163,True
40,600,2690,2853,163,True
41,556,2690,2853,163,True
49,547,2690,2853,163,True
56,536,2690,2770,80,True
61,538,2690,2770,80,True
78,565,2690,2770,80,True
86,539,2690,2770,80,True
89,521,2690,2770,80,True
14,541,2691,2853,162,True
15,533,2691,2788,97,True
16,575,2691,2853,162,True
26,526,2691,2853,162,True
32,528,2691,2853,162,True
35,543,2691,2788,97,True
36,547,2691,2853,162,True
37,520,2691,2853,162,True
54,593,2691,2770,79,True
58,533,2691,2770,79,True
64,567,2691,2770,79,True
73,522,2691,2770,79,True
75,536,2691,2839,148,True
87,515,2691,2784,93,True
89,522,2691,2770,79,True
2,553,2692,2853,161,True
3,558,2692,2853,161,True
9,565,2692,2853,161,True
13,549,2692,2853,161,True
14,542,2692,2853,161,True
16,576,2692,2853,161,True
18,535,2692,2853,161,True
19,516,2692,2853,161,True
21,528,2692,2853,161,True
26,527,2692,2853,161,True
29,522,2692,2853,161,True
32,529,2692,2853,161,True
35,544,2692,2853,161,True
43,502,2692,2853,161,True
46,541,2692,2853,161,True
48,561,2692,2853,161,True
54,594,2692,2770,78,True
58,534,2692,2770,78,True
61,539,2692,2770,78,True
63,559,2692,2770,78,True
70,548,2692,2770,78,True
79,492,2692,2788,96,True
97,514,2692,2770,78,True
99,519,2692,2770,78,True
11,518,2693,2853,160,True
13,550,2693,2853,160,True
15,534,2693,2788,95,True
16,577,2693,2853,160,True
27,551,2693,2853,160,True
32,530,2693,2853,160,True
42,562,2693,2853,160,True
50,536,2693,2770,77,True
52,528,2693,,,False
53,526,2693,2770,77,True
56,537,2693,2770,77,True
65,539,2693,2788,95,True
70,549,2693,2770,77,True
73,523,2693,2770,77,True
78,566,2693,2839,146,True
80,577,2693,2770,77,True
81,492,2693,2770,77,True
83,516,2693,2784,91,True
88,547,2693,2839,146,True
99,520,2693,2770,77,True
1,541,2694,2788,94,True
11,519,2694,2853,159,True
14,543,2694,2853,159,True
16,578,2694,2853,159,True
17,508,2694,2853,159,True
22,565,2694,2853,159,True
23,550,2694,2853,159,True
26,528,2694,2853,159,True
27,552,2694,2853,159,True
28,539,2694,2853,159,True
43,503,2694,2853,159,True
45,498,2694,2788,94,True
46,542,2694,2853,159,True
51,530,2694,2770,76,True
58,535,2694,2770,76,True
63,560,2694,2770,76,True
72,535,2694,2788,94,True
78,567,2694,2839,145,True
80,578,2694,2770,76,True
85,532,2694,2770,76,True
89,523,2694,2770,76,True
92,570,2694,2839,145,True
95,540,2694,2770,76,True
96,505,2694,2839,145,True
97,515,2694,2770,76,True
1,542,2695,2788,93,True
2,554,2695,2853,158,True
3,559,2695,2853,158,True
4,547,2695,2853,158,True
9,566,2695,2853,158,True
17,509,2695,2853,158,True
21,529,2695,2853,158,True
26,529,2695,2853,158,True
28,540,2695,2853,158,True
32,531,2695,2853,158,True
33,532,2695,2853,158,True
34,527,2695,2788,93,True
41,557,2695,2853,158,True
42,563,2695,2853,158,True
43,504,2695,2853,158,True
50,537,2695,2770,75,True
51,531,2695,2770,75,True
56,538,2695,2770,75,True
57,534,2695,2770,75,True
59,548,2695,2784,89,True
64,568,2695,2770,75,True
66,524,2695,2784,89,True
69,564,2695,2770,75,True
72,536,2695,2788,93,True
95,541,2695,2770,75,True
99,521,2695,2770,75,True
11,520,2696,2853,157,True
16,579,2696,2853,157,True
19,517,2696,2853,157,True
25,538,2696,2853,157,True
26,530,2696,2853,157,True
36,548,2696,2853,157,True
37,521,2696,2853,157,True
39,520,2696,2853,157,True
44,554,2696,2853,157,True
59,549,2696,2784,88,True
64,569,2696,2788,92,True
67,524,2696,2839,143,True
76,546,2696,2770,74,True
77,541,2696,2770,74,True
83,517,2696,2784,88,True
87,516,2696,2784,88,True
88,548,2696,2839,143,True
2,555,2697,2853,156,True
4,548,2697,2853,156,True
5,537,2697,2853,156,True
11,521,2697,2853,156,True
23,551,2697,2853,156,True
26,531,2697,2853,156,True
40,601,2697,2853,156,True
42,564,2697,2853,156,True
45,499,2697,2788,91,True
46,543,2697,2853,156,True
49,548,2697,2853,156,True
50,538,2697,2770,73,True
54,595,2697,2770,73,True
55,496,2697,2784,87,True
56,539,2697,2784,87,True
61,540,2697,2770,73,True
76,547,2697,2770,73,True
80,579,2697,2784,87,True
87,517,2697,2784,87,True
93,526,2697,2770,73,True
3,560,2698,2853,155,True
8,531,2698,2853,155,True
9,567,2698,2853,155,True
10,524,2698,2853,155,True
12,536,2698,2853,155,True
13,551,2698,2853,155,True
18,536,2698,2853,155,True
23,552,2698,2853,155,True
25,539,2698,2853,155,True
30,541,2698,2788,90,True
32,532,2698,2853,155,True
43,505,2698,2853,155,True
46,544,2698,2853,155,True
59,550,2698,2784,86,True
62,527,2698,2784,86,True
70,550,2698,2770,72,True
73,524,2698,2788,90,True
77,542,2698,2770,72,True
89,524,2698,2839,141,True
96,506,2698,2839,141,True
99,522,2698,2770,72,True
1,543,2699,2853,154,True
19,518,2699,2853,154,True
20,517,2699,2788,89,True
22,566,2699,2853,154,True
25,540,2699,2853,154,True
42,565,2699,2853,154,True
48,562,2699,2853,154,True
57,535,2699,2770,71,True
61,541,2699,2770,71,True
64,570,2699,2788,89,True
80,580,2699,2784,85,True
86,540,2699,2770,71,True
89,525,2699,2839,140,True
90,546,2699,2770,71,True
95,542,2699,2770,71,True
99,523,2699,2770,71,True
2,556,2700,2853,153,True
3,561,2700,2853,153,True
9,568,2700,2853,153,True
11,522,2700,2853,153,True
23,553,2700,2853,153,True
26,532,2700,2853,153,True
29,523,2700,2853,153,True
30,542,2700,2788,88,True
43,506,2700,2853,153,True
45,500,2700,2853,153,True
50,539,2700,2839,139,True
61,542,2700,2770,70,True
69,565,2700,2770,70,True
71,548,2700,2839,139,True
73,525,2700,2788,88,True
75,537,2700,2839,139,True
78,568,2700,2839,139,True
82,538,2700,2770,70,True
89,526,2700,2839,139,True
95,543,2700,2770,70,True
99,524,2700,2770,70,True
23,554,2701,2853,152,True
24,501,2701,2853,152,True
31,555,2701,2853,152,True
35,545,2701,2853,152,True
44,555,2701,2853,152,True
45,501,2701,2853,152,True
46,545,2701,2853,152,True
53,527,2701,2784,83,True
57,536,2701,2770,69,True
58,536,2701,2784,83,True
63,561,2701,2784,83,True
69,566,2701,2770,69,True
78,569,2701,2839,138,True
87,518,2701,2784,83,True
4,549,2702,2853,151,True
17,510,2702,2853,151,True
19,519,2702,2853,151,True
20,518,2702,2788,86,True
21,530,2702,2853,151,True
22,567,2702,2853,151,True
27,553,2702,2853,151,True
36,549,2702,2853,151,True
39,521,2702,2853,151,True
41,558,2702,2853,151,True
43,507,2702,2853,151,True
46,546,2702,2853,151,True
48,563,2702,2853,151,True
53,528,2702,2784,82,True
64,571,2702,2788,86,True
71,549,2702,2839,137,True
83,518,2702,2784,82,True
88,549,2702,2839,137,True
96,507,2702,2839,137,True
2,557,2703,2853,150,True
3,562,2703,2853,150,True
4,550,2703,2853,150,True
5,538,2703,2853,150,True
6,535,2703,2853,150,True
9,569,2703,2853,150,True
10,525,2703,2853,150,True
19,520,2703,2853,150,True
20,519,2703,2788,85,True
25,541,2703,2853,150,True
27,554,2703,2853,150,True
33,533,2703,2853,150,True
34,528,2703,2788,85,True
40,602,2703,2853,150,True
42,566,2703,2853,150,True
43,508,2703,2853,150,True
46,547,2703,2853,150,True
58,537,2703,2784,81,True
67,525,2703,2839,136,True
69,567,2703,2770,67,True
70,551,2703,2788,85,True
71,550,2703,2839,136,True
72,537,2703,2788,85,True
74,552,2703,2784,81,True
84,548,2703,2784,81,True
87,519,2703,2784,81,True
91,536,2703,2784,81,True
93,527,2703,2839,136,True
99,525,2703,2770,67,True
2,558,2704,2853,149,True
5,539,2704,2853,149,True
8,532,2704,2853,149,True
9,570,2704,2853,149,True
16,580,2704,2853,149,True
26,533,2704,2853,149,True
32,533,2704,2853,149,True
33,534,2704,2853,149,True
47,514,2704,2853,149,True
48,564,2704,2853,149,True
51,532,2704,2784,80,True
52,529,2704,,,False
55,497,2704,2784,80,True
59,551,2704,2784,80,True
64,572,2704,2788,84,True
65,540,2704,2788,84,True
70,552,2704,2788,84,True
73,526,2704,2788,84,True
78,570,2704,2839,135,True
97,516,2704,2839,135,True
98,513,2704,2770,66,True
0,582,2705,2853,148,True
1,544,2705,2853,148,True
6,536,2705,2853,148,True
24,502,2705,2853,148,True
28,541,2705,2853,148,True
32,534,2705,2853,148,True
51,533,2705,2784,79,True
58,538,2705,2784,79,True
63,562,2705,2784,79,True
66,525,2705,2784,79,True
71,551,2705,2839,134,True
73,527,2705,2788,83,True
74,553,2705,2839,134,True
77,543,2705,2784,79,True
78,571,2705,2839,134,True
82,539,2705,2784,79,True
84,549,2705,2784,79,True
89,527,2705,2839,134,True
93,528,2705,2839,134,True
94,541,2705,2784,79,True
95,544,2705,2770,65,True
97,517,2705,2839,134,True
99,526,2705,2839,134,True
10,526,2706,2853,147,True
12,537,2706,2853,147,True
21,531,2706,2853,147,True
24,503,2706,2853,147,True
28,542,2706,2853,147,True
29,524,2706,2853,147,True
36,550,2706,2853,147,True
37,522,2706,2853,147,True
39,522,2706,2853,147,True
40,603,2706,2853,147,True
45,502,2706,2853,147,True
46,548,2706,2853,147,True
49,549,2706,2853,147,True
51,534,2706,2784,78,True
56,540,2706,2784,78,True
61,543,2706,2788,82,True
68,549,2706,2784,78,True
70,553,2706,2788,82,True
72,538,2706,2788,82,True
81,493,2706,2784,78,True
82,540,2706,2784,78,True
83,519,2706,2784,78,True
84,550,2706,2784,78,True
90,547,2706,2839,133,True
96,508,2706,2839,133,True
97,518,2706,2839,133,True
98,514,2706,2770,64,True
0,583,2707,2853,146,True
2,559,2707,2853,146,True
6,537,2707,2853,146,True
10,527,2707,2853,146,True
15,535,2707,2788,81,True
16,581,2707,2853,146,True
18,537,2707,2853,146,True
22,568,2707,2853,146,True
26,534,2707,2853,146,True
27,555,2707,2853,146,True
29,525,2707,2853,146,True
32,535,2707,2853,146,True
35,546,2707,2853,146,True
40,604,2707,2853,146,True
53,529,2707,2839,132,True
58,539,2707,2784,77,True
61,544,2707,2788,81,True
72,539,2707,2788,81,True
74,554,2707,2839,132,True
76,548,2707,2788,81,True
83,520,2707,2784,77,True
87,520,2707,2784,77,True
95,545,2707,2770,63,True
0,584,2708,2853,145,True
1,545,2708,2853,145,True
2,560,2708,2853,145,True
5,540,2708,2853,145,True
10,528,2708,2853,145,True
24,504,2708,2853,145,True
26,535,2708,2853,145,True
27,556,2708,2853,145,True
31,556,2708,2853,145,True
32,536,2708,2853,145,True
39,523,2708,2853,145,True
44,556,2708,2853,145,True
49,550,2708,2853,145,True
54,596,2708,2839,131,True
62,528,2708,2784,76,True
72,540,2708,2788,80,True
83,521,2708,2784,76,True
98,515,2708,2770,62,True
4,551,2709,2853,144,True
9,571,2709,2853,144,True
20,520,2709,2788,79,True
31,557,2709,2853,144,True
32,537,2709,2853,144,True
40,605,2709,2853,144,True
44,557,2709,2853,144,True
45,503,2709,2853,144,True
62,529,2709,2784,75,True
66,526,2709,2784,75,True
69,568,2709,2784,75,True
71,552,2709,2839,130,True
74,555,2709,2839,130,True
77,544,2709,2784,75,True
97,519,2709,2839,130,True
9,572,2710,2853,143,True
10,529,2710,2853,143,True
27,557,2710,2853,143,True
31,558,2710,2853,143,True
48,565,2710,2853,143,True
50,540,2710,2839,129,True
61,545,2710,2788,78,True
62,530,2710,2784,74,True
64,573,2710,2788,78,True
79,493,2710,2788,78,True
82,541,2710,2784,74,True
89,528,2710,2839,129,True
91,537,2710,2784,74,True
98,516,2710,2770,60,True
0,585,2711,2853,142,True
1,546,2711,2853,142,True
2,561,2711,2853,142,True
10,530,2711,2853,142,True
22,569,2711,2853,142,True
29,526,2711,2853,142,True
39,524,2711,2853,142,True
42,567,2711,2853,142,True
44,558,2711,2853,142,True
50,541,2711,2839,128,True
51,535,2711,2784,73,True
52,530,2711,,,False
58,540,2711,2784,73,True
61,546,2711,2788,77,True
73,528,2711,2788,77,True
74,556,2711,2839,128,True
75,538,2711,2839,128,True
78,572,2711,2839,128,True
83,522,2711,2784,73,True
86,541,2711,2788,77,True
87,521,2711,2784,73,True
90,548,2711,2839,128,True
92,571,2711,2839,128,True
93,529,2711,2839,128,True
0,586,2712,2853,141,True
4,552,2712,2853,141,True
15,536,2712,2788,76,True
17,511,2712,2853,141,True
20,521,2712,2788,76,True
23,555,2712,2853,141,True
24,505,2712,2853,141,True
33,535,2712,2853,141,True
41,559,2712,2853,141,True
54,597,2712,2839,127,True
69,569,2712,2784,72,True
71,553,2712,2839,127,True
74,557,2712,2839,127,True
76,549,2712,2788,76,True
77,545,2712,2784,72,True
80,581,2712,2784,72,True
86,542,2712,2788,76,True
88,550,2712,2839,127,True
94,542,2712,2784,72,True
96,509,2712,2839,127,True
98,517,2712,2788,76,True
1,547,2713,2853,140,True
6,538,2713,2853,140,True
10,531,2713,2853,140,True
11,523,2713,2853,140,True
14,544,2713,2853,140,True
25,542,2713,2853,140,True
32,538,2713,2853,140,True
34,529,2713,2853,140,True
54,598,2713,2839,126,True
64,574,2713,2788,75,True
69,570,2713,2784,71,True
70,554,2713,2788,75,True
73,529,2713,2788,75,True
75,539,2713,2839,126,True
77,546,2713,2784,71,True
79,494,2713,2788,75,True
85,533,2713,2784,71,True
92,572,2713,2839,126,True
96,510,2713,2839,126,True
0,587,2714,2853,139,True
1,548,2714,2853,139,True
4,553,2714,2853,139,True
7,516,2714,2853,139,True
8,533,2714,2853,139,True
17,512,2714,2853,139,True
19,521,2714,2853,139,True
20,522,2714,2788,74,True
21,532,2714,2853,139,True
22,570,2714,2853,139,True
29,527,2714,2853,139,True
31,559,2714,2853,139,True
32,539,2714,2853,139,True
34,530,2714,2853,139,True
35,547,2714,2853,139,True
50,542,2714,2839,125,True
51,536,2714,2784,70,True
52,531,2714,,,False
71,554,2714,2839,125,True
76,550,2714,2788,74,True
81,494,2714,2839,125,True
83,523,2714,2784,70,True
87,522,2714,2784,70,True
90,549,2714,2839,125,True
92,573,2714,2839,125,True
94,543,2714,2784,70,True
95,546,2714,2784,70,True
4,554,2715,2853,138,True
8,534,2715,2853,138,True
25,543,2715,2853,138,True
31,560,2715,2853,138,True
35,548,2715,2853,138,True
38,524,2715,2853,138,True
43,509,2715,2853,138,True
47,515,2715,2853,138,True
59,552,2715,2784,69,True
69,571,2715,2784,69,True
73,530,2715,2788,73,True
88,551,2715,2839,124,True
94,544,2715,2784,69,True
98,518,2715,2788,73,True
0,588,2716,2853,137,True
8,535,2716,2853,137,True
10,532,2716,2853,137,True
14,545,2716,2853,137,True
22,571,2716,2853,137,True
32,540,2716,2853,137,True
41,560,2716,2853,137,True
42,568,2716,2853,137,True
46,549,2716,2853,137,True
47,516,2716,2853,137,True
51,537,2716,2784,68,True
58,541,2716,2784,68,True
59,553,2716,2784,68,True
62,531,2716,2784,68,True
66,527,2716,2784,68,True
87,523,2716,2784,68,True
93,530,2716,2839,123,True
12,538,2717,2853,136,True
15,537,2717,2853,136,True
24,506,2717,2853,136,True
26,536,2717,2853,136,True
37,523,2717,2853,136,True
38,525,2717,2853,136,True
44,559,2717,2853,136,True
50,543,2717,2839,122,True
51,538,2717,2784,67,True
53,530,2717,2839,122,True
56,541,2717,2839,122,True
58,542,2717,2784,67,True
60,525,2717,2839,122,True
66,528,2717,2784,67,True
69,572,2717,2839,122,True
70,555,2717,2788,71,True
76,551,2717,2788,71,True
82,542,2717,2784,67,True
84,551,2717,2839,122,True
88,552,2717,2839,122,True
89,529,2717,2839,122,True
90,550,2717,2839,122,True
94,545,2717,2784,67,True
97,520,2717,2839,122,True
99,527,2717,2839,122,True
5,541,2718,2853,135,True
9,573,2718,2853,135,True
12,539,2718,2853,135,True
13,552,2718,2853,135,True
16,582,2718,2853,135,True
24,507,2718,2853,135,True
28,543,2718,2853,135,True
35,549,2718,2853,135,True
36,551,2718,2853,135,True
38,526,2718,2853,135,True
39,525,2718,2853,135,True
44,560,2718,2853,135,True
55,498,2718,2784,66,True
63,563,2718,2839,121,True
66,529,2718,2784,66,True
69,573,2718,2839,121,True
75,540,2718,2839,121,True
77,547,2718,2784,66,True
79,495,2718,2788,70,True
82,543,2718,2784,66,True
91,538,2718,2839,121,True
97,521,2718,2839,121,True
98,519,2718,2788,70,True
99,528,2718,2839,121,True
13,553,2719,2853,134,True
14,546,2719,2853,134,True
17,513,2719,2853,134,True
19,522,2719,2853,134,True
21,533,2719,2853,134,True
30,543,2719,2853,134,True
31,561,2719,2853,134,True
35,550,2719,2853,134,True
39,526,2719,2853,134,True
41,561,2719,2853,134,True
45,504,2719,2853,134,True
53,531,2719,2839,120,True
58,543,2719,2784,65,True
62,532,2719,2839,120,True
66,530,2719,2784,65,True
78,573,2719,2839,120,True
80,582,2719,2784,65,True
92,574,2719,2839,120,True
0,589,2720,2853,133,True
1,549,2720,2853,133,True
7,517,2720,2853,133,True
11,524,2720,2853,133,True
18,538,2720,2853,133,True
19,523,2720,2853,133,True
21,534,2720,2853,133,True
22,572,2720,2853,133,True
27,558,2720,2853,133,True
29,528,2720,2853,133,True
30,544,2720,2853,133,True
35,551,2720,2853,133,True
36,552,2720,2853,133,True
40,606,2720,2853,133,True
41,562,2720,2853,133,True
42,569,2720,2853,133,True
49,551,2720,2853,133,True
53,532,2720,2839,119,True
56,542,2720,2839,119,True
59,554,2720,2839,119,True
67,526,2720,2839,119,True
70,556,2720,2788,68,True
80,583,2720,2784,64,True
86,543,2720,2788,68,True
87,524,2720,2839,119,True
92,575,2720,2839,119,True
93,531,2720,2839,119,True
95,547,2720,2784,64,True
2,562,2721,2853,132,True
3,563,2721,2853,132,True
5,542,2721,2853,132,True
7,518,2721,2853,132,True
26,537,2721,2853,132,True
29,529,2721,2853,132,True
30,545,2721,2853,132,True
32,541,2721,2853,132,True
48,566,2721,2853,132,True
55,499,2721,2784,63,True
56,543,2721,2839,118,True
57,537,2721,2788,67,True
62,533,2721,2839,118,True
65,541,2721,2788,67,True
67,527,2721,2839,118,True
78,574,2721,2839,118,True
84,552,2721,2839,118,True
88,553,2721,2839,118,True
92,576,2721,2839,118,True
98,520,2721,2788,67,True
0,590,2722,2853,131,True
5,543,2722,2853,131,True
6,539,2722,2853,131,True
11,525,2722,2853,131,True
15,538,2722,2853,131,True
23,556,2722,2853,131,True
27,559,2722,2853,131,True
31,562,2722,2853,131,True
32,542,2722,2853,131,True
36,553,2722,2853,131,True
38,527,2722,2853,131,True
48,567,2722,2853,131,True
51,539,2722,2907,185,True
61,547,2722,2788,66,True
63,564,2722,2839,117,True
64,575,2722,2788,66,True
68,550,2722,2907,185,True
72,541,2722,2788,66,True
78,575,2722,2839,117,True
83,524,2722,2784,62,True
85,534,2722,2788,66,True
88,554,2722,2839,117,True
91,539,2722,2839,117,True
95,548,2722,2784,62,True
1,550,2723,2853,130,True
3,564,2723,2853,130,True
4,555,2723,2853,130,True
7,519,2723,2853,130,True
10,533,2723,2853,130,True
14,547,2723,2853,130,True
28,544,2723,2853,130,True
30,546,2723,2853,130,True
37,524,2723,2853,130,True
46,550,2723,2853,130,True
55,500,2723,2907,184,True
56,544,2723,2839,116,True
58,544,2723,2784,61,True
60,526,2723,2839,116,True
62,534,2723,2839,116,True
70,557,2723,2788,65,True
83,525,2723,2784,61,True
84,553,2723,2839,116,True
97,522,2723,2839,116,True
98,521,2723,2788,65,True
3,565,2724,2853,129,True
8,536,2724,2853,129,True
14,548,2724,2853,129,True
18,539,2724,2853,129,True
25,544,2724,2900,176,True
28,545,2724,2853,129,True
45,505,2724,2853,129,True
53,533,2724,2839,115,True
55,501,2724,2907,183,True
56,545,2724,2839,115,True
57,538,2724,2788,64,True
63,565,2724,2839,115,True
70,558,2724,2788,64,True
78,576,2724,2839,115,True
88,555,2724,2839,115,True
92,577,2724,2839,115,True
95,549,2724,2784,60,True
98,522,2724,2788,64,True
2,563,2725,2853,128,True
29,530,2725,2853,128,True
31,563,2725,2853,128,True
32,543,2725,2853,128,True
36,554,2725,2853,128,True
44,561,2725,2853,128,True
45,506,2725,2853,128,True
48,568,2725,2853,128,True
60,527,2725,2839,114,True
67,528,2725,2839,114,True
74,558,2725,2839,114,True
86,544,2725,2788,63,True
91,540,2725,2839,114,True
92,578,2725,2839,114,True
12,540,2726,2853,127,True
15,539,2726,2853,127,True
19,524,2726,2853,127,True
20,523,2726,2853,127,True
21,535,2726,2853,127,True
23,557,2726,2853,127,True
28,546,2726,2853,127,True
32,544,2726,2853,127,True
35,552,2726,2853,127,True
36,555,2726,2853,127,True
37,525,2726,2853,127,True
42,570,2726,2853,127,True
46,551,2726,2853,127,True
48,569,2726,2853,127,True
49,552,2726,2853,127,True
52,532,2726,,,False
54,599,2726,2839,113,True
58,545,2726,2784,58,True
62,535,2726,2839,113,True
64,576,2726,2788,62,True
65,542,2726,2788,62,True
84,554,2726,2839,113,True
86,545,2726,2788,62,True
87,525,2726,2839,113,True
88,556,2726,2839,113,True
92,579,2726,2839,113,True
97,523,2726,2839,113,True
3,566,2727,2853,126,True
12,541,2727,2853,126,True
13,554,2727,2853,126,True
22,573,2727,2853,126,True
33,536,2727,2853,126,True
60,528,2727,2839,112,True
69,574,2727,2839,112,True
70,559,2727,2788,61,True
71,555,2727,2839,112,True
75,541,2727,2839,112,True
89,530,2727,2839,112,True
90,551,2727,2839,112,True
0,591,2728,2853,125,True
3,567,2728,2853,125,True
13,555,2728,2853,125,True
15,540,2728,2853,125,True
19,525,2728,2853,125,True
22,574,2728,2853,125,True
26,538,2728,2853,125,True
31,564,2728,2853,125,True
32,545,2728,2853,125,True
34,531,2728,2853,125,True
38,528,2728,2853,125,True
55,502,2728,2907,179,True
58,546,2728,2839,111,True
68,551,2728,2907,179,True
70,560,2728,2788,60,True
73,531,2728,2839,111,True
80,584,2728,2784,56,True
82,544,2728,2784,56,True
85,535,2728,2788,60,True
88,557,2728,2839,111,True
89,531,2728,2839,111,True
93,532,2728,2907,179,True
94,546,2728,2839,111,True
96,511,2728,2839,111,True
7,520,2729,2853,124,True
14,549,2729,2853,124,True
15,541,2729,2853,124,True
18,540,2729,2853,124,True
23,558,2729,2853,124,True
25,545,2729,2900,171,True
35,553,2729,2853,124,True
36,556,2729,2853,124,True
39,527,2729,2853,124,True
42,571,2729,2853,124,True
48,570,2729,2853,124,True
49,553,2729,2853,124,True
54,600,2729,2839,110,True
69,575,2729,2839,110,True
76,552,2729,2788,59,True
80,585,2729,2784,55,True
81,495,2729,2839,110,True
84,555,2729,2839,110,True
88,558,2729,2839,110,True
89,532,2729,2839,110,True
90,552,2729,2839,110,True
91,541,2729,2839,110,True
94,547,2729,2839,110,True
98,523,2729,2788,59,True
1,551,2730,2853,123,True
8,537,2730,2853,123,True
10,534,2730,2853,123,True
11,526,2730,2853,123,True
12,542,2730,2853,123,True
14,550,2730,2853,123,True
17,514,2730,2853,123,True
22,575,2730,2853,123,True
23,559,2730,2853,123,True
25,546,2730,2900,170,True
38,529,2730,2853,123,True
49,554,2730,2853,123,True
50,544,2730,2839,109,True
51,540,2730,2907,177,True
57,539,2730,2788,58,True
60,529,2730,2839,109,True
62,536,2730,2839,109,True
63,566,2730,2839,109,True
69,576,2730,2839,109,True
71,556,2730,2839,109,True
73,532,2730,2839,109,True
76,553,2730,2788,58,True
79,496,2730,2788,58,True
89,533,2730,2839,109,True
96,512,2730,2839,109,True
97,524,2730,2839,109,True
2,564,2731,2853,122,True
6,540,2731,2853,122,True
11,527,2731,2853,122,True
12,543,2731,2853,122,True
13,556,2731,2853,122,True
17,515,2731,2853,122,True
21,536,2731,2853,122,True
31,565,2731,2853,122,True
39,528,2731,2853,122,True
42,572,2731,2853,122,True
44,562,2731,2853,122,True
47,517,2731,2853,122,True
49,555,2731,2853,122,True
51,541,2731,2907,176,True
54,601,2731,2839,108,True
69,577,2731,2839,108,True
70,561,2731,2788,57,True
75,542,2731,2839,108,True
77,548,2731,2907,176,True
85,536,2731,2788,57,True
86,546,2731,2788,57,True
91,542,2731,2839,108,True
94,548,2731,2839,108,True
13,557,2732,2853,121,True
16,583,2732,2853,121,True
19,526,2732,2853,121,True
23,560,2732,2853,121,True
34,532,2732,2853,121,True
35,554,2732,2853,121,True
41,563,2732,2853,121,True
42,573,2732,2853,121,True
49,556,2732,2853,121,True
50,545,2732,2839,107,True
51,542,2732,2907,175,True
54,602,2732,2839,107,True
61,548,2732,2788,56,True
62,537,2732,2839,107,True
74,559,2732,2839,107,True
82,545,2732,2839,107,True
84,556,2732,2839,107,True
90,553,2732,2839,107,True
93,533,2732,2907,175,True
0,592,2733,2853,120,True
3,568,2733,2853,120,True
10,535,2733,2853,120,True
12,544,2733,2853,120,True
16,584,2733,2853,120,True
20,524,2733,2853,120,True
32,546,2733,2853,120,True
42,574,2733,2853,120,True
49,557,2733,2853,120,True
59,555,2733,2839,106,True
64,577,2733,2853,120,True
73,533,2733,2839,106,True
74,560,2733,2839,106,True
76,554,2733,2788,55,True
88,559,2733,2839,106,True
94,549,2733,2839,106,True
95,550,2733,2788,55,True
97,525,2733,2839,106,True
98,524,2733,2788,55,True
7,521,2734,2853,119,True
11,528,2734,2853,119,True
28,547,2734,2853,119,True
34,533,2734,2853,119,True
35,555,2734,2853,119,True
38,530,2734,2853,119,True
54,603,2734,2839,105,True
56,546,2734,2839,105,True
66,531,2734,2839,105,True
67,529,2734,2839,105,True
76,555,2734,2788,54,True
78,577,2734,2839,105,True
84,557,2734,2839,105,True
85,537,2734,2839,105,True
90,554,2734,2839,105,True
4,556,2735,2853,118,True
5,544,2735,2853,118,True
9,574,2735,2853,118,True
14,551,2735,2853,118,True
16,585,2735,2853,118,True
23,561,2735,2853,118,True
29,531,2735,2853,118,True
39,529,2735,2853,118,True
40,607,2735,2853,118,True
42,575,2735,2853,118,True
45,507,2735,2853,118,True
56,547,2735,2839,104,True
58,547,2735,2839,104,True
60,530,2735,2907,172,True
65,543,2735,2788,53,True
76,556,2735,2788,53,True
78,578,2735,2839,104,True
92,580,2735,2839,104,True
93,534,2735,2907,172,True
7,522,2736,2853,117,True
15,542,2736,2853,117,True
24,508,2736,2853,117,True
27,560,2736,2900,164,True
34,534,2736,2853,117,True
39,530,2736,2853,117,True
48,571,2736,2853,117,True
52,533,2736,,,False
55,503,2736,2907,171,True
56,548,2736,2839,103,True
60,531,2736,2907,171,True
64,578,2736,2853,117,True
73,534,2736,2839,103,True
74,561,2736,2839,103,True
77,549,2736,2907,171,True
79,497,2736,2788,52,True
88,560,2736,2907,171,True
91,543,2736,2839,103,True
92,581,2736,2839,103,True
96,513,2736,2839,103,True
0,593,2737,2853,116,True
9,575,2737,2900,163,True
10,536,2737,2853,116,True
13,558,2737,2853,116,True
16,586,2737,2853,116,True
27,561,2737,2900,163,True
30,547,2737,2853,116,True
37,526,2737,2853,116,True
38,531,2737,2853,116,True
44,563,2737,2853,116,True
48,572,2737,2853,116,True
50,546,2737,2839,102,True
51,543,2737,2907,170,True
55,504,2737,2907,170,True
57,540,2737,2853,116,True
58,548,2737,2839,102,True
70,562,2737,2788,51,True
73,535,2737,2839,102,True
85,538,2737,2839,102,True
93,535,2737,2907,170,True
98,525,2737,2788,51,True
0,594,2738,2853,115,True
1,552,2738,2853,115,True
7,523,2738,2853,115,True
14,552,2738,2853,115,True
32,547,2738,2853,115,True
41,564,2738,2853,115,True
45,508,2738,2853,115,True
49,558,2738,2853,115,True
54,604,2738,2839,101,True
63,567,2738,2839,101,True
64,579,2738,2853,115,True
69,578,2738,2839,101,True
71,557,2738,2839,101,True
76,557,2738,2788,50,True
77,550,2738,2907,169,True
83,526,2738,2912,174,True
84,558,2738,2839,101,True
87,526,2738,2839,101,True
89,534,2738,2907,169,True
95,551,2738,2797,59,True
96,514,2738,2839,101,True
2,565,2739,2853,114,True
9,576,2739,2900,161,True
11,529,2739,2853,114,True
30,548,2739,2853,114,True
34,535,2739,2853,114,True
37,527,2739,2853,114,True
38,532,2739,2853,114,True
39,531,2739,2853,114,True
41,565,2739,2853,114,True
48,573,2739,2853,114,True
49,559,2739,2853,114,True
59,556,2739,2839,100,True
63,568,2739,2839,100,True
66,532,2739,2839,100,True
69,579,2739,2839,100,True
70,563,2739,2788,49,True
72,542,2739,2788,49,True
75,543,2739,2839,100,True
80,586,2739,2912,173,True
82,546,2739,2839,100,True
87,527,2739,2839,100,True
89,535,2739,2907,168,True
6,541,2740,2853,113,True
15,543,2740,2853,113,True
21,537,2740,2853,113,True
25,547,2740,2900,160,True
30,549,2740,2853,113,True
31,566,2740,2853,113,True
40,608,2740,2853,113,True
44,564,2740,2900,160,True
45,509,2740,2853,113,True
49,560,2740,2853,113,True
52,534,2740,,,False
53,534,2740,2907,167,True
60,532,2740,2907,167,True
79,498,2740,2788,48,True
80,587,2740,2912,172,True
87,528,2740,2839,99,True
88,561,2740,2907,167,True
97,526,2740,2839,99,True
7,524,2741,2853,112,True
10,537,2741,2853,112,True
17,516,2741,2853,112,True
20,525,2741,2853,112,True
23,562,2741,2853,112,True
34,536,2741,2853,112,True
37,528,2741,2853,112,True
43,510,2741,2853,112,True
51,544,2741,2907,166,True
57,541,2741,2853,112,True
63,569,2741,2839,98,True
69,580,2741,2839,98,True
72,543,2741,2788,47,True
74,562,2741,2839,98,True
91,544,2741,2839,98,True
1,553,2742,2853,111,True
10,538,2742,2853,111,True
14,553,2742,2853,111,True
18,541,2742,2853,111,True
32,548,2742,2853,111,True
36,557,2742,2853,111,True
37,529,2742,2853,111,True
40,609,2742,2853,111,True
42,576,2742,2853,111,True
54,605,2742,2839,97,True
55,505,2742,2907,165,True
57,542,2742,2853,111,True
68,552,2742,2907,165,True
69,581,2742,2839,97,True
96,515,2742,2839,97,True
97,527,2742,2839,97,True
1,554,2743,2853,110,True
7,525,2743,2900,157,True
10,539,2743,2853,110,True
12,545,2743,2853,110,True
13,559,2743,2853,110,True
20,526,2743,2853,110,True
23,563,2743,2853,110,True
28,548,2743,2853,110,True
32,549,2743,2853,110,True
38,533,2743,2853,110,True
39,532,2743,2853,110,True
41,566,2743,2853,110,True
44,565,2743,2900,157,True
45,510,2743,2853,110,True
48,574,2743,2853,110,True
58,549,2743,2839,96,True
61,549,2743,2788,45,True
67,530,2743,2839,96,True
68,553,2743,2907,164,True
69,582,2743,2839,96,True
71,558,2743,2907,164,True
75,544,2743,2839,96,True
95,552,2743,2797,54,True
97,528,2743,2839,96,True
98,526,2743,2797,54,True
4,557,2744,2853,109,True
10,540,2744,2900,156,True
12,546,2744,2853,109,True
25,548,2744,2900,156,True
26,539,2744,2853,109,True
28,549,2744,2853,109,True
31,567,2744,2853,109,True
44,566,2744,2900,156,True
47,518,2744,2853,109,True
49,561,2744,2853,109,True
53,535,2744,2907,163,True
57,543,2744,2853,109,True
60,533,2744,2907,163,True
62,538,2744,2839,95,True
65,544,2744,2839,95,True
66,533,2744,2839,95,True
75,545,2744,2839,95,True
88,562,2744,2907,163,True
89,536,2744,2907,163,True
93,536,2744,2907,163,True
96,516,2744,2907,163,True
97,529,2744,2839,95,True
99,529,2744,2839,95,True
0,595,2745,2853,108,True
2,566,2745,2853,108,True
3,569,2745,2900,155,True
5,545,2745,2853,108,True
6,542,2745,2853,108,True
18,542,2745,2853,108,True
20,527,2745,2853,108,True
23,564,2745,2853,108,True
24,509,2745,2853,108,True
26,540,2745,2853,108,True
27,562,2745,2900,155,True
29,532,2745,2853,108,True
30,550,2745,2853,108,True
31,568,2745,2853,108,True
33,537,2745,2853,108,True
34,537,2745,2853,108,True
40,610,2745,2853,108,True
41,567,2745,2853,108,True
59,557,2745,2839,94,True
75,546,2745,2839,94,True
81,496,2745,2839,94,True
86,547,2745,2839,94,True
87,529,2745,2839,94,True
90,555,2745,2839,94,True
91,545,2745,2839,94,True
0,596,2746,2853,107,True
10,541,2746,2900,154,True
11,530,2746,2853,107,True
15,544,2746,2853,107,True
16,587,2746,2853,107,True
22,576,2746,2853,107,True
25,549,2746,2900,154,True
28,550,2746,2853,107,True
31,569,2746,2853,107,True
32,550,2746,2853,107,True
51,545,2746,2907,161,True
52,535,2746,,,False
53,536,2746,2907,161,True
56,549,2746,2839,93,True
58,550,2746,2839,93,True
65,545,2746,2839,93,True
72,544,2746,2839,93,True
73,536,2746,2839,93,True
74,563,2746,2839,93,True
76,558,2746,2839,93,True
83,527,2746,2912,166,True
88,563,2746,2907,161,True
90,556,2746,2839,93,True
92,582,2746,2839,93,True
96,517,2746,2907,161,True
12,547,2747,2853,106,True
13,560,2747,2853,106,True
18,543,2747,2853,106,True
29,533,2747,2853,106,True
30,551,2747,2853,106,True
36,558,2747,2853,106,True
52,536,2747,,,False
54,606,2747,2839,92,True
59,558,2747,2839,92,True
65,546,2747,2839,92,True
74,564,2747,2839,92,True
75,547,2747,2839,92,True
76,559,2747,2839,92,True
81,497,2747,2839,92,True
85,539,2747,2839,92,True
87,530,2747,2839,92,True
98,527,2747,2797,50,True
99,530,2747,2839,92,True
1,555,2748,2853,105,True
3,570,2748,2900,152,True
5,546,2748,2853,105,True
9,577,2748,2900,152,True
10,542,2748,2900,152,True
19,527,2748,2900,152,True
25,550,2748,2900,152,True
30,552,2748,2853,105,True
39,533,2748,2853,105,True
40,611,2748,2853,105,True
44,567,2748,2900,152,True
48,575,2748,2900,152,True
50,547,2748,2839,91,True
52,537,2748,,,False
53,537,2748,2907,159,True
58,551,2748,2839,91,True
59,559,2748,2907,159,True
63,570,2748,2907,159,True
70,564,2748,2839,91,True
88,564,2748,2907,159,True
93,537,2748,2907,159,True
8,538,2749,2853,104,True
9,578,2749,2900,151,True
13,561,2749,2853,104,True
26,541,2749,2853,104,True
27,563,2749,2900,151,True
30,553,2749,2853,104,True
31,570,2749,2853,104,True
33,538,2749,2853,104,True
35,556,2749,2853,104,True
38,534,2749,2853,104,True
41,568,2749,2853,104,True
43,511,2749,2853,104,True
46,552,2749,2853,104,True
55,506,2749,2907,158,True
61,550,2749,2853,104,True
66,534,2749,2839,90,True
68,554,2749,2907,158,True
72,545,2749,2839,90,True
73,537,2749,2839,90,True
81,498,2749,2839,90,True
84,559,2749,2839,90,True
86,548,2749,2839,90,True
13,562,2750,2853,103,True
18,544,2750,2853,103,True
19,528,2750,2900,150,True
21,538,2750,2853,103,True
23,565,2750,2853,103,True
33,539,2750,2853,103,True
36,559,2750,2853,103,True
47,519,2750,2853,103,True
50,548,2750,2839,89,True
53,538,2750,2907,157,True
66,535,2750,2907,157,True
67,531,2750,2839,89,True
72,546,2750,2839,89,True
75,548,2750,2839,89,True
76,560,2750,2839,89,True
81,499,2750,2839,89,True
3,571,2751,2900,149,True
5,547,2751,2853,102,True
6,543,2751,2853,102,True
8,539,2751,2853,102,True
10,543,2751,2900,149,True
11,531,2751,2853,102,True
15,545,2751,2853,102,True
16,588,2751,2853,102,True
21,539,2751,2853,102,True
28,551,2751,2853,102,True
31,571,2751,2853,102,True
40,612,2751,2853,102,True
49,562,2751,2853,102,True
50,549,2751,2839,88,True
51,546,2751,2907,156,True
54,607,2751,2839,88,True
55,507,2751,2907,156,True
59,560,2751,2907,156,True
66,536,2751,2907,156,True
71,559,2751,2907,156,True
85,540,2751,2839,88,True
90,557,2751,2907,156,True
92,583,2751,2839,88,True
93,538,2751,2907,156,True
95,553,2751,2907,156,True
98,528,2751,2907,156,True
99,531,2751,2907,156,True
2,567,2752,2853,101,True
4,558,2752,2853,101,True
7,526,2752,2900,148,True
8,540,2752,2853,101,True
9,579,2752,2900,148,True
10,544,2752,2900,148,True
11,532,2752,2853,101,True
15,546,2752,2853,101,True
18,545,2752,2853,101,True
22,577,2752,2853,101,True
33,540,2752,2853,101,True
39,534,2752,2853,101,True
53,539,2752,2907,155,True
61,551,2752,2853,101,True
66,537,2752,2907,155,True
68,555,2752,2907,155,True
71,560,2752,2907,155,True
77,551,2752,2907,155,True
78,579,2752,2907,155,True
86,549,2752,2839,87,True
95,554,2752,2907,155,True
97,530,2752,2839,87,True
0,597,2753,2900,147,True
6,544,2753,2853,100,True
8,541,2753,2853,100,True
11,533,2753,2853,100,True
13,563,2753,2853,100,True
15,547,2753,2853,100,True
20,528,2753,2853,100,True
32,551,2753,2853,100,True
34,538,2753,2853,100,True
37,530,2753,2900,147,True
49,563,2753,2853,100,True
54,608,2753,2839,86,True
61,552,2753,2853,100,True
63,571,2753,2907,154,True
66,538,2753,2907,154,True
68,556,2753,2907,154,True
80,588,2753,2912,159,True
85,541,2753,2839,86,True
88,565,2753,2907,154,True
89,537,2753,2907,154,True
6,545,2754,2853,99,True
9,580,2754,2900,146,True
13,564,2754,2853,99,True
16,589,2754,2853,99,True
17,517,2754,2900,146,True
18,546,2754,2853,99,True
21,540,2754,2853,99,True
35,557,2754,2853,99,True
39,535,2754,2853,99,True
42,577,2754,2900,146,True
45,511,2754,2900,146,True
46,553,2754,2853,99,True
75,549,2754,2839,85,True
83,528,2754,2912,158,True
88,566,2754,2907,153,True
92,584,2754,2839,85,True
98,529,2754,2907,153,True
2,568,2755,2900,145,True
8,542,2755,2853,98,True
13,565,2755,2853,98,True
17,518,2755,2900,145,True
20,529,2755,2853,98,True
24,510,2755,2853,98,True
25,551,2755,2900,145,True
34,539,2755,2853,98,True
38,535,2755,2853,98,True
47,520,2755,2853,98,True
53,540,2755,2907,152,True
59,561,2755,2907,152,True
65,547,2755,2839,84,True
73,538,2755,2839,84,True
75,550,2755,2839,84,True
90,558,2755,2907,152,True
92,585,2755,2839,84,True
0,598,2756,2900,144,True
12,548,2756,2853,97,True
27,564,2756,2900,144,True
28,552,2756,2900,144,True
30,554,2756,2853,97,True
31,572,2756,2853,97,True
33,541,2756,2853,97,True
36,560,2756,2900,144,True
41,569,2756,2853,97,True
42,578,2756,2900,144,True
46,554,2756,2853,97,True
55,508,2756,2907,151,True
56,550,2756,2839,83,True
65,548,2756,2839,83,True
66,539,2756,2907,151,True
71,561,2756,2907,151,True
76,561,2756,2839,83,True
80,589,2756,2912,156,True
84,560,2756,2839,83,True
85,542,2756,2839,83,True
92,586,2756,2839,83,True
94,550,2756,2907,151,True
99,532,2756,2907,151,True
8,543,2757,2853,96,True
10,545,2757,2900,143,True
23,566,2757,2853,96,True
33,542,2757,2853,96,True
38,536,2757,2853,96,True
39,536,2757,2853,96,True
51,547,2757,2907,150,True
53,541,2757,2907,150,True
55,509,2757,2912,155,True
63,572,2757,2907,150,True
64,580,2757,2853,96,True
68,557,2757,2907,150,True
70,565,2757,2853,96,True
72,547,2757,2839,82,True
81,500,2757,2907,150,True
82,547,2757,2912,155,True
84,561,2757,2839,82,True
85,543,2757,2839,82,True
90,559,2757,2907,150,True
91,546,2757,2839,82,True
92,587,2757,2839,82,True
94,551,2757,2907,150,True
95,555,2757,2907,150,True
99,533,2757,2907,150,True
11,534,2758,2853,95,True
15,548,2758,2853,95,True
17,519,2758,2900,142,True
23,567,2758,2853,95,True
25,552,2758,2900,142,True
26,542,2758,2853,95,True
28,553,2758,2900,142,True
37,531,2758,2900,142,True
40,613,2758,2853,95,True
48,576,2758,2900,142,True
50,550,2758,2907,149,True
55,510,2758,2912,154,True
57,544,2758,2853,95,True
59,562,2758,2907,149,True
60,534,2758,2907,149,True
64,581,2758,2853,95,True
66,540,2758,2907,149,True
67,532,2758,2839,81,True
68,558,2758,2907,149,True
69,583,2758,2907,149,True
71,562,2758,2907,149,True
73,539,2758,2839,81,True
80,590,2758,2912,154,True
86,550,2758,2839,81,True
89,538,2758,2907,149,True
92,588,2758,2839,81,True
99,534,2758,2907,149,True
0,599,2759,2900,141,True
5,548,2759,2853,94,True
8,544,2759,2853,94,True
9,581,2759,2900,141,True
10,546,2759,2900,141,True
13,566,2759,2853,94,True
16,590,2759,2853,94,True
21,541,2759,2853,94,True
62,539,2759,2907,148,True
68,559,2759,2907,148,True
71,563,2759,2907,148,True
73,540,2759,2839,80,True
85,544,2759,2839,80,True
86,551,2759,2839,80,True
88,567,2759,2907,148,True
90,560,2759,2907,148,True
95,556,2759,2907,148,True
96,518,2759,2907,148,True
5,549,2760,2853,93,True
10,547,2760,2900,140,True
12,549,2760,2853,93,True
20,530,2760,2853,93,True
21,542,2760,2853,93,True
24,511,2760,2853,93,True
25,553,2760,2900,140,True
30,555,2760,2853,93,True
34,540,2760,2853,93,True
36,561,2760,2900,140,True
44,568,2760,2900,140,True
69,584,2760,2907,147,True
75,551,2760,2839,79,True
79,499,2760,2839,79,True
81,501,2760,2907,147,True
85,545,2760,2839,79,True
86,552,2760,2839,79,True
93,539,2760,2907,147,True
19,529,2761,2900,139,True
21,543,2761,2853,92,True
22,578,2761,2853,92,True
27,565,2761,2900,139,True
38,537,2761,2853,92,True
40,614,2761,2853,92,True
42,579,2761,2900,139,True
43,512,2761,2853,92,True
46,555,2761,2853,92,True
47,521,2761,2853,92,True
48,577,2761,2900,139,True
56,551,2761,2839,78,True
57,545,2761,2853,92,True
60,535,2761,2907,146,True
68,560,2761,2907,146,True
74,565,2761,2907,146,True
75,552,2761,2839,78,True
82,548,2761,2912,151,True
87,531,2761,2839,78,True
88,568,2761,2907,146,True
90,561,2761,2907,146,True
91,547,2761,2839,78,True
93,540,2761,2907,146,True
99,535,2761,2907,146,True
1,556,2762,2900,138,True
9,582,2762,2900,138,True
14,554,2762,2853,91,True
19,530,2762,2900,138,True
37,532,2762,2900,138,True
40,615,2762,2853,91,True
43,513,2762,2853,91,True
46,556,2762,2853,91,True
47,522,2762,2853,91,True
52,538,2762,,,False
64,582,2762,2853,91,True
65,549,2762,2839,77,True
66,541,2762,2907,145,True
68,561,2762,2907,145,True
71,564,2762,2907,145,True
73,541,2762,2839,77,True
90,562,2762,2907,145,True
92,589,2762,2839,77,True
95,557,2762,2907,145,True
98,530,2762,2907,145,True
3,572,2763,2900,137,True
4,559,2763,2853,90,True
5,550,2763,2853,90,True
16,591,2763,2900,137,True
18,547,2763,2900,137,True
48,578,2763,2900,137,True
56,552,2763,2839,76,True
63,573,2763,2907,144,True
65,550,2763,2839,76,True
70,566,2763,2853,90,True
72,548,2763,2853,90,True
88,569,2763,2907,144,True
2,569,2764,2900,136,True
5,551,2764,2853,89,True
11,535,2764,2853,89,True
12,550,2764,2853,89,True
14,555,2764,2853,89,True
17,520,2764,2900,136,True
26,543,2764,2900,136,True
37,533,2764,2900,136,True
40,616,2764,2853,89,True
42,580,2764,2900,136,True
51,548,2764,2907,143,True
61,553,2764,2853,89,True
67,533,2764,2907,143,True
75,553,2764,2907,143,True
83,529,2764,2912,148,True
89,539,2764,2907,143,True
90,563,2764,2907,143,True
91,548,2764,2839,75,True
98,531,2764,2907,143,True
3,573,2765,2900,135,True
5,552,2765,2853,88,True
6,546,2765,2853,88,True
11,536,2765,2853,88,True
16,592,2765,2900,135,True
20,531,2765,2853,88,True
22,579,2765,2853,88,True
27,566,2765,2900,135,True
28,554,2765,2900,135,True
29,534,2765,2900,135,True
33,543,2765,2900,135,True
35,558,2765,2853,88,True
38,538,2765,2853,88,True
44,569,2765,2900,135,True
49,564,2765,2853,88,True
53,542,2765,2907,142,True
55,511,2765,2912,147,True
57,546,2765,2853,88,True
67,534,2765,2907,142,True
74,566,2765,2907,142,True
81,502,2765,2907,142,True
93,541,2765,2907,142,True
97,531,2765,2912,147,True
4,560,2766,2853,87,True
14,556,2766,2853,87,True
20,532,2766,2853,87,True
24,512,2766,2853,87,True
25,554,2766,2900,134,True
26,544,2766,2900,134,True
30,556,2766,2853,87,True
39,537,2766,2853,87,True
49,565,2766,2853,87,True
54,609,2766,2839,73,True
58,552,2766,2839,73,True
72,549,2766,2853,87,True
81,503,2766,2907,141,True
84,562,2766,2907,141,True
90,564,2766,2907,141,True
91,549,2766,2839,73,True
93,542,2766,2907,141,True
0,600,2767,2900,133,True
8,545,2767,2853,86,True
20,533,2767,2853,86,True
30,557,2767,2853,86,True
31,573,2767,2853,86,True
36,562,2767,2900,133,True
39,538,2767,2853,86,True
44,570,2767,2900,133,True
52,539,2767,,,False
56,553,2767,2839,72,True
66,542,2767,2907,140,True
72,550,2767,2853,86,True
74,567,2767,2907,140,True
98,532,2767,2907,140,True
1,557,2768,2900,132,True
4,561,2768,2853,85,True
8,546,2768,2853,85,True
10,548,2768,2900,132,True
21,544,2768,2853,85,True
22,580,2768,2853,85,True
26,545,2768,2900,132,True
34,541,2768,2853,85,True
35,559,2768,2853,85,True
39,539,2768,2853,85,True
43,514,2768,2853,85,True
46,557,2768,2853,85,True
61,554,2768,2853,85,True
67,535,2768,2907,139,True
85,546,2768,2839,71,True
86,553,2768,2853,85,True
87,532,2768,2912,144,True
89,540,2768,2907,139,True
91,550,2768,2912,144,True
97,532,2768,2912,144,True
98,533,2768,2907,139,True
2,570,2769,2900,131,True
4,562,2769,2853,84,True
18,548,2769,2900,131,True
20,534,2769,2853,84,True
22,581,2769,2853,84,True
24,513,2769,2853,84,True
36,563,2769,2900,131,True
48,579,2769,2900,131,True
49,566,2769,2853,84,True
51,549,2769,2907,138,True
54,610,2769,2839,70,True
57,547,2769,2853,84,True
59,563,2769,2907,138,True
60,536,2769,2907,138,True
69,585,2769,2907,138,True
72,551,2769,2853,84,True
76,562,2769,2907,138,True
82,549,2769,2912,143,True
83,530,2769,2912,143,True
88,570,2769,2907,138,True
91,551,2769,2912,143,True
97,533,2769,2912,143,True
2,571,2770,2900,130,True
16,593,2770,2900,130,True
23,568,2770,2900,130,True
24,514,2770,2853,83,True
26,546,2770,2900,130,True
31,574,2770,2853,83,True
42,581,2770,2900,130,True
45,512,2770,2900,130,True
55,512,2770,2912,142,True
59,564,2770,2907,137,True
61,555,2770,2853,83,True
62,540,2770,2907,137,True
63,574,2770,2907,137,True
65,551,2770,2853,83,True
72,552,2770,2853,83,True
82,550,2770,2912,142,True
85,547,2770,2853,83,True
86,554,2770,2853,83,True
92,590,2770,2907,137,True
97,534,2770,2912,142,True
98,534,2770,2907,137,True
99,536,2770,2907,137,True
7,527,2771,2900,129,True
8,547,2771,2853,82,True
10,549,2771,2900,129,True
12,551,2771,2900,129,True
14,557,2771,2853,82,True
24,515,2771,2853,82,True
28,555,2771,2900,129,True
38,539,2771,2900,129,True
40,617,2771,2900,129,True
41,570,2771,2900,129,True
46,558,2771,2853,82,True
49,567,2771,2853,82,True
75,554,2771,2907,136,True
76,563,2771,2907,136,True
79,500,2771,2839,68,True
81,504,2771,2907,136,True
84,563,2771,2907,136,True
88,571,2771,2912,141,True
94,552,2771,2912,141,True
99,537,2771,2907,136,True
3,574,2772,2900,128,True
4,563,2772,2853,81,True
10,550,2772,2900,128,True
14,558,2772,2853,81,True
18,549,2772,2900,128,True
19,531,2772,2900,128,True
34,542,2772,2853,81,True
40,618,2772,2900,128,True
43,515,2772,2853,81,True
50,551,2772,2907,135,True
57,548,2772,2853,81,True
59,565,2772,2907,135,True
61,556,2772,2853,81,True
73,542,2772,2907,135,True
80,591,2772,2912,140,True
83,531,2772,2912,140,True
87,533,2772,2912,140,True
88,572,2772,2912,140,True
89,541,2772,2907,135,True
94,553,2772,2912,140,True
2,572,2773,2900,127,True
4,564,2773,2853,80,True
10,551,2773,2900,127,True
17,521,2773,2900,127,True
22,582,2773,2900,127,True
29,535,2773,2900,127,True
38,540,2773,2900,127,True
39,540,2773,2900,127,True
45,513,2773,2900,127,True
48,580,2773,2900,127,True
53,543,2773,2907,134,True
54,611,2773,2907,134,True
56,554,2773,2907,134,True
82,551,2773,2912,139,True
84,564,2773,2907,134,True
85,548,2773,2853,80,True
92,591,2773,2907,134,True
93,543,2773,2907,134,True
3,575,2774,2900,126,True
5,553,2774,2900,126,True
6,547,2774,2853,79,True
10,552,2774,2900,126,True
13,567,2774,2853,79,True
14,559,2774,2853,79,True
16,594,2774,2900,126,True
23,569,2774,2900,126,True
24,516,2774,2900,126,True
28,556,2774,2900,126,True
33,544,2774,2900,126,True
38,541,2774,2900,126,True
40,619,2774,2900,126,True
41,571,2774,2900,126,True
42,582,2774,2900,126,True
43,516,2774,2853,79,True
46,559,2774,2853,79,True
55,513,2774,2912,138,True
60,537,2774,2907,133,True
61,557,2774,2853,79,True
67,536,2774,2907,133,True
79,501,2774,2853,79,True
86,555,2774,2853,79,True
88,573,2774,2912,138,True
91,552,2774,2912,138,True
93,544,2774,2912,138,True
0,601,2775,2900,125,True
8,548,2775,2853,78,True
10,553,2775,2900,125,True
17,522,2775,2900,125,True
20,535,2775,2853,78,True
21,545,2775,2900,125,True
24,517,2775,2900,125,True
25,555,2775,2900,125,True
28,557,2775,2900,125,True
29,536,2775,2900,125,True
30,558,2775,2853,78,True
36,564,2775,2900,125,True
45,514,2775,2900,125,True
48,581,2775,2900,125,True
54,612,2775,2907,132,True
62,541,2775,2907,132,True
73,543,2775,2907,132,True
78,580,2775,2907,132,True
92,592,2775,2907,132,True
0,602,2776,2900,124,True
12,552,2776,2900,124,True
19,532,2776,2900,124,True
30,559,2776,2900,124,True
33,545,2776,2900,124,True
34,543,2776,2900,124,True
40,620,2776,2900,124,True
51,550,2776,2912,136,True
54,613,2776,2907,131,True
56,555,2776,2907,131,True
58,553,2776,2912,136,True
77,552,2776,2907,131,True
81,505,2776,2907,131,True
94,554,2776,2912,136,True
3,576,2777,2900,123,True
8,549,2777,2900,123,True
19,533,2777,2900,123,True
21,546,2777,2900,123,True
25,556,2777,2900,123,True
35,560,2777,2900,123,True
37,534,2777,2900,123,True
40,621,2777,2900,123,True
44,571,2777,2900,123,True
65,552,2777,2907,130,True
70,567,2777,2853,76,True
75,555,2777,2912,135,True
94,555,2777,2912,135,True
0,603,2778,2900,122,True
2,573,2778,2900,122,True
14,560,2778,2853,75,True
15,549,2778,2900,122,True
36,565,2778,2900,122,True
45,515,2778,2900,122,True
53,544,2778,2912,134,True
57,549,2778,2853,75,True
61,558,2778,2853,75,True
62,542,2778,2907,129,True
69,586,2778,2907,129,True
70,568,2778,2853,75,True
74,568,2778,2907,129,True
94,556,2778,2912,134,True
96,519,2778,2907,129,True
9,583,2779,2900,121,True
10,554,2779,2900,121,True
11,537,2779,2900,121,True
12,553,2779,2900,121,True
20,536,2779,2900,121,True
24,518,2779,2900,121,True
29,537,2779,2900,121,True
33,546,2779,2900,121,True
46,560,2779,2900,121,True
47,523,2779,2853,74,True
57,550,2779,2853,74,True
60,538,2779,2907,128,True
64,583,2779,2907,128,True
66,543,2779,2912,133,True
68,562,2779,2912,133,True
69,587,2779,2907,128,True
76,564,2779,2907,128,True
86,556,2779,2907,128,True
87,534,2779,2912,133,True
92,593,2779,2907,128,True
95,558,2779,2912,133,True
96,520,2779,2907,128,True
97,535,2779,2912,133,True
3,577,2780,2900,120,True
9,584,2780,2900,120,True
12,554,2780,2900,120,True
13,568,2780,2900,120,True
23,570,2780,2900,120,True
28,558,2780,2900,120,True
32,552,2780,2900,120,True
34,544,2780,2900,120,True
37,535,2780,2900,120,True
38,542,2780,2900,120,True
65,553,2780,2907,127,True
66,544,2780,2912,132,True
74,569,2780,2907,127,True
77,553,2780,2907,127,True
86,557,2780,2907,127,True
94,557,2780,2912,132,True
96,521,2780,2907,127,True
97,536,2780,2912,132,True
9,585,2781,2900,119,True
11,538,2781,2900,119,True
15,550,2781,2900,119,True
17,523,2781,2900,119,True
18,550,2781,2900,119,True
21,547,2781,2900,119,True
24,519,2781,2900,119,True
25,557,2781,2900,119,True
28,559,2781,2900,119,True
42,583,2781,2900,119,True
44,572,2781,2963,182,True
45,516,2781,2900,119,True
46,561,2781,2900,119,True
52,540,2781,,,False
53,545,2781,2912,131,True
54,614,2781,2907,126,True
57,551,2781,2853,72,True
66,545,2781,2912,131,True
72,553,2781,2907,126,True
74,570,2781,2907,126,True
77,554,2781,2907,126,True
81,506,2781,2907,126,True
89,542,2781,2907,126,True
1,558,2782,2900,118,True
6,548,2782,2900,118,True
10,555,2782,2900,118,True
11,539,2782,2900,118,True
19,534,2782,2900,118,True
24,520,2782,2900,118,True
28,560,2782,2900,118,True
33,547,2782,2900,118,True
35,561,2782,2900,118,True
37,536,2782,2900,118,True
38,543,2782,2900,118,True
42,584,2782,2900,118,True
43,517,2782,2900,118,True
46,562,2782,2900,118,True
60,539,2782,2912,130,True
71,565,2782,2907,125,True
74,571,2782,2907,125,True
78,581,2782,2907,125,True
90,565,2782,2907,125,True
93,545,2782,2912,130,True
95,559,2782,2912,130,True
96,522,2782,2907,125,True
99,538,2782,2912,130,True
0,604,2783,2900,117,True
11,540,2783,2900,117,True
19,535,2783,2900,117,True
29,538,2783,2900,117,True
43,518,2783,2900,117,True
46,563,2783,2900,117,True
52,541,2783,,,False
68,563,2783,2912,129,True
69,588,2783,2907,124,True
71,566,2783,2907,124,True
76,565,2783,2907,124,True
78,582,2783,2907,124,True
83,532,2783,2912,129,True
85,549,2783,2907,124,True
86,558,2783,2907,124,True
88,574,2783,2912,129,True
94,558,2783,2912,129,True
95,560,2783,2912,129,True
3,578,2784,2900,116,True
23,571,2784,2900,116,True
31,575,2784,2900,116,True
32,553,2784,2900,116,True
51,551,2784,2912,128,True
53,546,2784,2912,128,True
66,546,2784,2912,128,True
75,556,2784,2912,128,True
76,566,2784,2907,123,True
89,543,2784,2907,123,True
95,561,2784,2912,128,True
97,537,2784,2912,128,True
6,549,2785,2900,115,True
11,541,2785,2900,115,True
16,595,2785,2900,115,True
20,537,2785,2900,115,True
22,583,2785,2963,178,True
33,548,2785,2900,115,True
45,517,2785,2900,115,True
47,524,2785,2900,115,True
51,552,2785,2912,127,True
59,566,2785,2907,122,True
64,584,2785,2907,122,True
65,554,2785,2907,122,True
68,564,2785,2912,127,True
72,554,2785,2907,122,True
74,572,2785,2907,122,True
79,502,2785,2907,122,True
83,533,2785,2912,127,True
85,550,2785,2907,122,True
96,523,2785,2912,127,True
98,535,2785,2907,122,True
1,559,2786,2900,114,True
5,554,2786,2900,114,True
19,536,2786,2900,114,True
22,584,2786,2963,177,True
24,521,2786,2900,114,True
30,560,2786,2900,114,True
33,549,2786,2900,114,True
36,566,2786,2900,114,True
44,573,2786,2963,177,True
45,518,2786,2900,114,True
48,582,2786,2900,114,True
51,553,2786,2912,126,True
56,556,2786,2907,121,True
62,543,2786,2907,121,True
65,555,2786,2907,121,True
86,559,2786,2907,121,True
88,575,2786,2912,126,True
89,544,2786,2907,121,True
96,524,2786,2912,126,True
98,536,2786,2907,121,True
8,550,2787,2900,113,True
11,542,2787,2900,113,True
15,551,2787,2900,113,True
20,538,2787,2900,113,True
23,572,2787,2900,113,True
33,550,2787,2900,113,True
37,537,2787,2900,113,True
43,519,2787,2900,113,True
44,574,2787,2963,176,True
52,542,2787,,,False
54,615,2787,2912,125,True
67,537,2787,2912,125,True
73,544,2787,2907,120,True
76,567,2787,2907,120,True
77,555,2787,2912,125,True
79,503,2787,2907,120,True
83,534,2787,2912,125,True
99,539,2787,2912,125,True
9,586,2788,2900,112,True
12,555,2788,2900,112,True
14,561,2788,2853,65,True
19,537,2788,2900,112,True
28,561,2788,2900,112,True
38,544,2788,2900,112,True
50,552,2788,2928,140,True
54,616,2788,2912,124,True
56,557,2788,2907,119,True
57,552,2788,2907,119,True
70,569,2788,2907,119,True
75,557,2788,2912,124,True
78,583,2788,2907,119,True
79,504,2788,2907,119,True
83,535,2788,2912,124,True
91,553,2788,2912,124,True
96,525,2788,2912,124,True
97,538,2788,2912,124,True
99,540,2788,2912,124,True
15,552,2789,2900,111,True
20,539,2789,2900,111,True
21,548,2789,2900,111,True
24,522,2789,2900,111,True
26,547,2789,2900,111,True
29,539,2789,2900,111,True
33,551,2789,2900,111,True
34,545,2789,2900,111,True
37,538,2789,2900,111,True
40,622,2789,2900,111,True
63,575,2789,2912,123,True
64,585,2789,2907,118,True
65,556,2789,2907,118,True
66,547,2789,2912,123,True
68,565,2789,2912,123,True
72,555,2789,2907,118,True
75,558,2789,2912,123,True
86,560,2789,2907,118,True
95,562,2789,2912,123,True
99,541,2789,2912,123,True
3,579,2790,2900,110,True
9,587,2790,2900,110,True
10,556,2790,2900,110,True
17,524,2790,2900,110,True
27,567,2790,2900,110,True
29,540,2790,2900,110,True
30,561,2790,2900,110,True
31,576,2790,2900,110,True
36,567,2790,2900,110,True
40,623,2790,2900,110,True
45,519,2790,2900,110,True
52,543,2790,,,False
58,554,2790,2912,122,True
61,559,2790,2907,117,True
66,548,2790,2912,122,True
68,566,2790,2912,122,True
72,556,2790,2907,117,True
80,592,2790,2912,122,True
85,551,2790,2907,117,True
96,526,2790,2912,122,True
98,537,2790,2912,122,True
15,553,2791,2900,109,True
17,525,2791,2900,109,True
22,585,2791,2963,172,True
25,558,2791,2900,109,True
27,568,2791,2900,109,True
29,541,2791,2900,109,True
31,577,2791,2900,109,True
33,552,2791,2900,109,True
37,539,2791,2900,109,True
43,520,2791,2900,109,True
45,520,2791,2900,109,True
55,514,2791,2912,121,True
57,553,2791,2907,116,True
60,540,2791,2912,121,True
63,576,2791,2912,121,True
82,552,2791,2912,121,True
83,536,2791,2912,121,True
86,561,2791,2907,116,True
87,535,2791,2912,121,True
91,554,2791,2912,121,True
92,594,2791,2912,121,True
93,546,2791,2912,121,True
97,539,2791,2912,121,True
98,538,2791,2912,121,True
8,551,2792,2910,118,True
9,588,2792,2900,108,True
11,543,2792,2900,108,True
12,556,2792,2900,108,True
14,562,2792,2900,108,True
16,596,2792,2900,108,True
28,562,2792,2900,108,True
36,568,2792,2900,108,True
38,545,2792,2900,108,True
42,585,2792,2900,108,True
43,521,2792,2900,108,True
46,564,2792,2900,108,True
57,554,2792,2907,115,True
61,560,2792,2907,115,True
63,577,2792,2912,120,True
74,573,2792,2912,120,True
79,505,2792,2907,115,True
82,553,2792,2912,120,True
86,562,2792,2907,115,True
88,576,2792,2912,120,True
1,560,2793,2900,107,True
3,580,2793,2900,107,True
7,528,2793,2963,170,True
8,552,2793,2910,117,True
9,589,2793,2900,107,True
14,563,2793,2900,107,True
15,554,2793,2900,107,True
17,526,2793,2900,107,True
18,551,2793,2900,107,True
19,538,2793,2900,107,True
20,540,2793,2900,107,True
21,549,2793,2900,107,True
26,548,2793,2900,107,True
28,563,2793,2900,107,True
44,575,2793,2963,170,True
47,525,2793,2900,107,True
53,547,2793,2912,119,True
58,555,2793,2912,119,True
66,549,2793,2912,119,True
67,538,2793,2912,119,True
78,584,2793,2912,119,True
87,536,2793,2912,119,True
97,540,2793,2912,119,True
98,539,2793,2912,119,True
99,542,2793,2912,119,True
0,605,2794,2900,106,True
3,581,2794,2900,106,True
8,553,2794,2910,116,True
14,564,2794,2900,106,True
19,539,2794,2900,106,True
25,559,2794,2900,106,True
31,578,2794,2900,106,True
32,554,2794,2900,106,True
44,576,2794,2963,169,True
48,583,2794,2900,106,True
49,568,2794,2900,106,True
51,554,2794,2912,118,True
60,541,2794,2912,118,True
64,586,2794,2907,113,True
70,570,2794,2907,113,True
73,545,2794,2907,113,True
79,506,2794,2907,113,True
82,554,2794,2912,118,True
83,537,2794,2912,118,True
89,545,2794,2912,118,True
94,559,2794,2912,118,True
96,527,2794,2912,118,True
1,561,2795,2900,105,True
3,582,2795,2900,105,True
12,557,2795,2900,105,True
13,569,2795,2900,105,True
21,550,2795,2900,105,True
32,555,2795,2900,105,True
35,562,2795,2900,105,True
37,540,2795,2900,105,True
40,624,2795,2900,105,True
44,577,2795,2963,168,True
46,565,2795,2900,105,True
47,526,2795,2900,105,True
59,567,2795,2912,117,True
61,561,2795,2907,112,True
63,578,2795,2912,117,True
66,550,2795,2912,117,True
67,539,2795,2912,117,True
73,546,2795,2907,112,True
75,559,2795,2912,117,True
76,568,2795,2912,117,True
83,538,2795,2912,117,True
90,566,2795,2912,117,True
92,595,2795,2912,117,True
1,562,2796,2900,104,True
10,557,2796,2963,167,True
38,546,2796,2900,104,True
49,569,2796,2900,104,True
57,555,2796,2912,116,True
61,562,2796,2907,111,True
72,557,2796,2907,111,True
77,556,2796,2912,116,True
82,555,2796,2912,116,True
85,552,2796,2907,111,True
4,565,2797,2900,103,True
6,550,2797,2900,103,True
8,554,2797,2910,113,True
15,555,2797,2900,103,True
17,527,2797,2900,103,True
20,541,2797,2907,110,True
21,551,2797,2900,103,True
25,560,2797,2963,166,True
31,579,2797,2963,166,True
37,541,2797,2900,103,True
38,547,2797,2900,103,True
41,572,2797,2900,103,True
47,527,2797,2900,103,True
59,568,2797,2912,115,True
60,542,2797,2912,115,True
63,579,2797,2912,115,True
66,551,2797,2912,115,True
74,574,2797,2912,115,True
78,585,2797,2912,115,True
83,539,2797,2912,115,True
87,537,2797,2912,115,True
89,546,2797,2912,115,True
94,560,2797,2912,115,True
0,606,2798,2900,102,True
2,574,2798,2900,102,True
6,551,2798,2900,102,True
12,558,2798,2900,102,True
36,569,2798,2900,102,True
41,573,2798,2900,102,True
42,586,2798,2900,102,True
43,522,2798,2900,102,True
47,528,2798,2900,102,True
48,584,2798,2900,102,True
49,570,2798,2900,102,True
51,555,2798,2912,114,True
52,544,2798,,,False
55,515,2798,2912,114,True
63,580,2798,2912,114,True
68,567,2798,2912,114,True
70,571,2798,2907,109,True
73,547,2798,2907,109,True
78,586,2798,2912,114,True
80,593,2798,2912,114,True
83,540,2798,2912,114,True
84,565,2798,2912,114,True
85,553,2798,2907,109,True
87,538,2798,2912,114,True
89,547,2798,2912,114,True
90,567,2798,2912,114,True
92,596,2798,2912,114,True
94,561,2798,2912,114,True
96,528,2798,2912,114,True
6,552,2799,2900,101,True
20,542,2799,2907,108,True
21,552,2799,2900,101,True
24,523,2799,2900,101,True
27,569,2799,2900,101,True
32,556,2799,2900,101,True
51,556,2799,2912,113,True
52,545,2799,,,False
62,544,2799,2912,113,True
72,558,2799,2907,108,True
76,569,2799,2912,113,True
80,594,2799,2912,113,True
81,507,2799,2912,113,True
85,554,2799,2907,108,True
88,577,2799,2912,113,True
96,529,2799,2912,113,True
97,541,2799,2912,113,True
16,597,2800,2900,100,True
18,552,2800,2900,100,True
26,549,2800,2900,100,True
35,563,2800,2900,100,True
43,523,2800,2900,100,True
48,585,2800,2900,100,True
49,571,2800,2900,100,True
56,558,2800,2912,112,True
58,556,2800,2912,112,True
59,569,2800,2912,112,True
71,567,2800,2912,112,True
79,507,2800,2907,107,True
81,508,2800,2912,112,True
82,556,2800,2912,112,True
98,540,2800,2912,112,True
3,583,2801,2900,99,True
7,529,2801,2963,162,True
13,570,2801,2900,99,True
16,598,2801,2900,99,True
19,540,2801,2900,99,True
20,543,2801,2907,106,True
29,542,2801,2900,99,True
34,546,2801,2900,99,True
39,541,2801,2900,99,True
42,587,2801,2900,99,True
46,566,2801,2900,99,True
53,548,2801,2912,111,True
55,516,2801,2912,111,True
60,543,2801,2912,111,True
64,587,2801,2907,106,True
66,552,2801,2912,111,True
71,568,2801,2912,111,True
78,587,2801,2912,111,True
79,508,2801,2907,106,True
84,566,2801,2912,111,True
85,555,2801,2912,111,True
88,578,2801,2912,111,True
90,568,2801,2912,111,True
95,563,2801,2912,111,True
97,542,2801,2912,111,True
1,563,2802,2900,98,True
4,566,2802,2900,98,True
5,555,2802,2900,98,True
6,553,2802,2900,98,True
7,530,2802,2963,161,True
12,559,2802,2900,98,True
14,565,2802,2900,98,True
15,556,2802,2900,98,True
21,553,2802,2900,98,True
23,573,2802,2900,98,True
30,562,2802,2900,98,True
50,553,2802,2928,126,True
51,557,2802,2912,110,True
56,559,2802,2912,110,True
60,544,2802,2912,110,True
68,568,2802,2912,110,True
70,572,2802,2907,105,True
72,559,2802,2907,105,True
76,570,2802,2912,110,True
78,588,2802,2912,110,True
87,539,2802,2912,110,True
93,547,2802,2912,110,True
11,544,2803,2900,97,True
28,564,2803,2900,97,True
30,563,2803,2900,97,True
32,557,2803,2900,97,True
39,542,2803,2900,97,True
45,521,2803,2900,97,True
46,567,2803,2900,97,True
48,586,2803,2900,97,True
50,554,2803,2928,125,True
58,557,2803,2912,109,True
59,570,2803,2912,109,True
72,560,2803,2907,104,True
79,509,2803,2907,104,True
80,595,2803,2912,109,True
82,557,2803,2912,109,True
92,597,2803,2912,109,True
98,541,2803,2912,109,True
99,543,2803,2912,109,True
7,531,2804,2963,159,True
9,590,2804,2900,96,True
15,557,2804,2900,96,True
24,524,2804,2900,96,True
31,580,2804,2963,159,True
32,558,2804,2900,96,True
37,542,2804,2963,159,True
42,588,2804,2900,96,True
44,578,2804,2963,159,True
45,522,2804,2900,96,True
53,549,2804,2912,108,True
55,517,2804,2912,108,True
61,563,2804,2907,103,True
64,588,2804,2907,103,True
74,575,2804,2912,108,True
75,560,2804,2912,108,True
85,556,2804,2912,108,True
86,563,2804,2912,108,True
91,555,2804,2912,108,True
93,548,2804,2912,108,True
94,562,2804,2912,108,True
95,564,2804,2912,108,True
97,543,2804,2912,108,True
7,532,2805,2963,158,True
14,566,2805,2900,95,True
19,541,2805,2900,95,True
24,525,2805,2900,95,True
37,543,2805,2963,158,True
45,523,2805,2900,95,True
59,571,2805,2912,107,True
73,548,2805,2912,107,True
80,596,2805,2912,107,True
82,558,2805,2912,107,True
84,567,2805,2912,107,True
87,540,2805,2912,107,True
2,575,2806,2900,94,True
9,591,2806,2900,94,True
11,545,2806,2900,94,True
17,528,2806,2900,94,True
22,586,2806,2963,157,True
24,526,2806,2900,94,True
26,550,2806,2900,94,True
31,581,2806,2963,157,True
33,553,2806,2900,94,True
44,579,2806,2963,157,True
46,568,2806,2900,94,True
51,558,2806,2912,106,True
58,558,2806,2912,106,True
64,589,2806,2907,101,True
70,573,2806,2907,101,True
73,549,2806,2912,106,True
75,561,2806,2912,106,True
76,571,2806,2912,106,True
77,557,2806,2912,106,True
85,557,2806,2912,106,True
88,579,2806,2912,106,True
89,548,2806,2912,106,True
92,598,2806,2912,106,True
95,565,2806,2912,106,True
98,542,2806,2912,106,True
1,564,2807,2900,93,True
9,592,2807,2900,93,True
11,546,2807,2900,93,True
12,560,2807,2900,93,True
13,571,2807,2900,93,True
14,567,2807,2900,93,True
17,529,2807,2900,93,True
20,544,2807,2907,100,True
30,564,2807,2900,93,True
32,559,2807,2900,93,True
34,547,2807,2900,93,True
37,544,2807,2963,156,True
40,625,2807,2900,93,True
49,572,2807,2900,93,True
51,559,2807,2912,105,True
52,546,2807,,,False
55,518,2807,2912,105,True
57,556,2807,2912,105,True
61,564,2807,2907,100,True
63,581,2807,2912,105,True
93,549,2807,2912,105,True
94,563,2807,2912,105,True
95,566,2807,2912,105,True
99,544,2807,2912,105,True
12,561,2808,2900,92,True
20,545,2808,2907,99,True
23,574,2808,2900,92,True
30,565,2808,2900,92,True
35,564,2808,2900,92,True
37,545,2808,2963,155,True
45,524,2808,2900,92,True
48,587,2808,2900,92,True
49,573,2808,2900,92,True
52,547,2808,,,False
59,572,2808,2912,104,True
61,565,2808,2907,99,True
62,545,2808,2912,104,True
67,540,2808,2912,104,True
69,589,2808,2912,104,True
76,572,2808,2912,104,True
79,510,2808,2912,104,True
81,509,2808,2912,104,True
83,541,2808,2912,104,True
89,549,2808,2912,104,True
91,556,2808,2912,104,True
93,550,2808,2912,104,True
97,544,2808,2912,104,True
6,554,2809,2900,91,True
26,551,2809,2900,91,True
32,560,2809,2963,154,True
34,548,2809,2900,91,True
39,543,2809,2900,91,True
51,560,2809,2912,103,True
71,569,2809,2912,103,True
73,550,2809,2912,103,True
83,542,2809,2912,103,True
91,557,2809,2912,103,True
92,599,2809,2912,103,True
93,551,2809,2912,103,True
97,545,2809,2912,103,True
98,543,2809,2912,103,True
2,576,2810,2900,90,True
3,584,2810,2900,90,True
4,567,2810,2900,90,True
12,562,2810,2900,90,True
17,530,2810,2900,90,True
25,561,2810,2963,153,True
27,570,2810,2900,90,True
31,582,2810,2963,153,True
32,561,2810,2963,153,True
34,549,2810,2900,90,True
35,565,2810,2900,90,True
45,525,2810,2900,90,True
53,550,2810,2912,102,True
66,553,2810,2912,102,True
71,570,2810,2912,102,True
77,558,2810,2912,102,True
79,511,2810,2912,102,True
85,558,2810,2912,102,True
87,541,2810,2912,102,True
95,567,2810,2912,102,True
96,530,2810,2973,163,True
5,556,2811,2900,89,True
19,542,2811,2900,89,True
26,552,2811,2900,89,True
29,543,2811,2900,89,True
43,524,2811,2900,89,True
48,588,2811,2900,89,True
50,555,2811,2928,117,True
51,561,2811,2912,101,True
52,548,2811,,,False
61,566,2811,2907,96,True
62,546,2811,2912,101,True
63,582,2811,2912,101,True
74,576,2811,2912,101,True
77,559,2811,2912,101,True
85,559,2811,2912,101,True
90,569,2811,2912,101,True
96,531,2811,2973,162,True
98,544,2811,2912,101,True
22,587,2812,2963,151,True
24,527,2812,2900,88,True
29,544,2812,2900,88,True
30,566,2812,2900,88,True
37,546,2812,2963,151,True
38,548,2812,2900,88,True
40,626,2812,2900,88,True
45,526,2812,2900,88,True
53,551,2812,2912,100,True
58,559,2812,2912,100,True
59,573,2812,2912,100,True
63,583,2812,2912,100,True
66,554,2812,2912,100,True
67,541,2812,2912,100,True
68,569,2812,2912,100,True
75,562,2812,2912,100,True
80,597,2812,2912,100,True
89,550,2812,2912,100,True
97,546,2812,2912,100,True
98,545,2812,2912,100,True
99,545,2812,2912,100,True
0,607,2813,2900,87,True
7,533,2813,2963,150,True
8,555,2813,2910,97,True
31,583,2813,2963,150,True
35,566,2813,2900,87,True
42,589,2813,2900,87,True
51,562,2813,2912,99,True
53,552,2813,2912,99,True
55,519,2813,2912,99,True
56,560,2813,2912,99,True
63,584,2813,2912,99,True
65,557,2813,2912,99,True
67,542,2813,2912,99,True
75,563,2813,2912,99,True
80,598,2813,2912,99,True
88,580,2813,2912,99,True
89,551,2813,2912,99,True
93,552,2813,2912,99,True
6,555,2814,2900,86,True
10,558,2814,2963,149,True
11,547,2814,2900,86,True
12,563,2814,2900,86,True
13,572,2814,2900,86,True
17,531,2814,2900,86,True
38,549,2814,2900,86,True
39,544,2814,2963,149,True
57,557,2814,2912,98,True
58,560,2814,2912,98,True
65,558,2814,2912,98,True
79,512,2814,2912,98,True
81,510,2814,2912,98,True
86,564,2814,2912,98,True
88,581,2814,2912,98,True
95,568,2814,2912,98,True
98,546,2814,2912,98,True
99,546,2814,2912,98,True
4,568,2815,2900,85,True
7,534,2815,2963,148,True
9,593,2815,2900,85,True
11,548,2815,2900,85,True
12,564,2815,2900,85,True
24,528,2815,2900,85,True
31,584,2815,2963,148,True
44,580,2815,2963,148,True
47,529,2815,2900,85,True
54,617,2815,2912,97,True
68,570,2815,2912,97,True
69,590,2815,2912,97,True
70,574,2815,2912,97,True
75,564,2815,2912,97,True
81,511,2815,2912,97,True
88,582,2815,2912,97,True
92,600,2815,2912,97,True
93,553,2815,2912,97,True
3,585,2816,2900,84,True
7,535,2816,2963,147,True
11,549,2816,2900,84,True
14,568,2816,2900,84,True
19,543,2816,2900,84,True
27,571,2816,2900,84,True
28,565,2816,2963,147,True
33,554,2816,2900,84,True
41,574,2816,2900,84,True
44,581,2816,2963,147,True
51,563,2816,2912,96,True
56,561,2816,2912,96,True
57,558,2816,2912,96,True
64,590,2816,2912,96,True
65,559,2816,2912,96,True
67,543,2816,2912,96,True
69,591,2816,2912,96,True
72,561,2816,2912,96,True
76,573,2816,2912,96,True
78,589,2816,2912,96,True
79,513,2816,2912,96,True
96,532,2816,2973,157,True
98,547,2816,2912,96,True
11,550,2817,2900,83,True
15,558,2817,2900,83,True
17,532,2817,2900,83,True
20,546,2817,2907,90,True
24,529,2817,2900,83,True
36,570,2817,2900,83,True
42,590,2817,2900,83,True
46,569,2817,2900,83,True
50,556,2817,2928,111,True
52,549,2817,,,False
54,618,2817,2973,156,True
57,559,2817,2912,95,True
58,561,2817,2912,95,True
62,547,2817,2912,95,True
64,591,2817,2912,95,True
66,555,2817,2912,95,True
68,571,2817,2912,95,True
71,571,2817,2912,95,True
73,551,2817,2912,95,True
75,565,2817,2912,95,True
81,512,2817,2973,156,True
89,552,2817,2912,95,True
94,564,2817,2912,95,True
95,569,2817,2912,95,True
97,547,2817,2912,95,True
0,608,2818,2910,92,True
12,565,2818,2900,82,True
16,599,2818,2900,82,True
19,544,2818,2900,82,True
20,547,2818,2907,89,True
30,567,2818,2900,82,True
35,567,2818,2900,82,True
43,525,2818,2900,82,True
44,582,2818,2963,145,True
56,562,2818,2912,94,True
57,560,2818,2912,94,True
70,575,2818,2928,110,True
84,568,2818,2912,94,True
87,542,2818,2912,94,True
90,570,2818,2912,94,True
96,533,2818,2973,155,True
97,548,2818,2912,94,True
2,577,2819,2963,144,True
3,586,2819,2900,81,True
12,566,2819,2900,81,True
17,533,2819,2963,144,True
39,545,2819,2963,144,True
43,526,2819,2900,81,True
46,570,2819,2900,81,True
47,530,2819,2900,81,True
62,548,2819,2912,93,True
65,560,2819,2912,93,True
68,572,2819,2912,93,True
79,514,2819,2912,93,True
82,559,2819,2912,93,True
85,560,2819,2912,93,True
88,583,2819,2912,93,True
89,553,2819,2912,93,True
91,558,2819,2912,93,True
98,548,2819,2912,93,True
1,565,2820,2900,80,True
3,587,2820,2900,80,True
9,594,2820,2900,80,True
16,600,2820,2900,80,True
19,545,2820,2900,80,True
23,575,2820,2900,80,True
45,527,2820,2900,80,True
54,619,2820,2973,153,True
56,563,2820,2912,92,True
60,545,2820,2912,92,True
61,567,2820,2912,92,True
62,549,2820,2912,92,True
72,562,2820,2912,92,True
81,513,2820,2973,153,True
0,609,2821,2910,89,True
2,578,2821,2963,142,True
7,536,2821,2963,142,True
8,556,2821,2910,89,True
14,569,2821,2900,79,True
25,562,2821,2963,142,True
30,568,2821,2900,79,True
38,550,2821,2900,79,True
47,531,2821,2900,79,True
50,557,2821,2928,107,True
52,550,2821,,,False
54,620,2821,2973,152,True
58,562,2821,2912,91,True
64,592,2821,2912,91,True
66,556,2821,2912,91,True
77,560,2821,2912,91,True
82,560,2821,2912,91,True
83,543,2821,2912,91,True
95,570,2821,2912,91,True
0,610,2822,2910,88,True
16,601,2822,2900,78,True
24,530,2822,2900,78,True
27,572,2822,2963,141,True
30,569,2822,2900,78,True
31,585,2822,2963,141,True
32,562,2822,2963,141,True
35,568,2822,2900,78,True
41,575,2822,2900,78,True
42,591,2822,2900,78,True
43,527,2822,2900,78,True
49,574,2822,2900,78,True
79,515,2822,2912,90,True
85,561,2822,2912,90,True
90,571,2822,2912,90,True
92,601,2822,2912,90,True
94,565,2822,2912,90,True
97,549,2822,2912,90,True
98,549,2822,2912,90,True
1,566,2823,2900,77,True
9,595,2823,2900,77,True
11,551,2823,2900,77,True
12,567,2823,2900,77,True
21,554,2823,2900,77,True
28,566,2823,2963,140,True
29,545,2823,2900,77,True
32,563,2823,2963,140,True
39,546,2823,2963,140,True
44,583,2823,2963,140,True
53,553,2823,2912,89,True
59,574,2823,2912,89,True
62,550,2823,2912,89,True
63,585,2823,2912,89,True
65,561,2823,2912,89,True
66,557,2823,2912,89,True
72,563,2823,2912,89,True
88,584,2823,2973,150,True
90,572,2823,2912,89,True
91,559,2823,2912,89,True
94,566,2823,2912,89,True
98,550,2823,2912,89,True
0,611,2824,2910,86,True
2,579,2824,2963,139,True
3,588,2824,2900,76,True
7,537,2824,2963,139,True
8,557,2824,2910,86,True
9,596,2824,2900,76,True
15,559,2824,2900,76,True
19,546,2824,2963,139,True
25,563,2824,2963,139,True
26,553,2824,2900,76,True
41,576,2824,2963,139,True
52,551,2824,,,False
55,520,2824,2912,88,True
56,564,2824,2912,88,True
60,546,2824,2912,88,True
67,544,2824,2912,88,True
72,564,2824,2912,88,True
74,577,2824,2973,149,True
77,561,2824,2912,88,True
80,599,2824,2912,88,True
81,514,2824,2973,149,True
85,562,2824,2912,88,True
87,543,2824,2912,88,True
89,554,2824,2912,88,True
93,554,2824,2973,149,True
12,568,2825,2900,75,True
13,573,2825,2963,138,True
14,570,2825,2900,75,True
27,573,2825,2963,138,True
32,564,2825,2963,138,True
37,547,2825,2963,138,True
43,528,2825,2900,75,True
49,575,2825,2900,75,True
54,621,2825,2973,148,True
63,586,2825,2912,87,True
68,573,2825,2912,87,True
78,590,2825,2912,87,True
85,563,2825,2912,87,True
95,571,2825,2912,87,True
96,534,2825,2973,148,True
6,556,2826,2963,137,True
7,538,2826,2963,137,True
15,560,2826,2900,74,True
25,564,2826,2963,137,True
30,570,2826,2900,74,True
33,555,2826,2900,74,True
34,550,2826,2900,74,True
35,569,2826,2900,74,True
44,584,2826,2963,137,True
48,589,2826,2963,137,True
61,568,2826,2912,86,True
63,587,2826,2912,86,True
68,574,2826,2912,86,True
71,572,2826,2912,86,True
79,516,2826,2912,86,True
82,561,2826,2912,86,True
91,560,2826,2912,86,True
98,551,2826,2912,86,True
99,547,2826,2912,86,True
3,589,2827,2900,73,True
4,569,2827,2963,136,True
7,539,2827,2963,136,True
19,547,2827,2963,136,True
24,531,2827,2900,73,True
34,551,2827,2900,73,True
35,570,2827,2900,73,True
37,548,2827,2963,136,True
41,577,2827,2963,136,True
51,564,2827,2912,85,True
53,554,2827,2912,85,True
60,547,2827,2912,85,True
65,562,2827,2912,85,True
66,558,2827,2912,85,True
67,545,2827,2912,85,True
68,575,2827,2912,85,True
70,576,2827,2928,101,True
72,565,2827,2912,85,True
74,578,2827,2973,146,True
77,562,2827,2912,85,True
78,591,2827,2912,85,True
79,517,2827,2912,85,True
81,515,2827,2973,146,True
83,544,2827,2912,85,True
86,565,2827,2912,85,True
87,544,2827,2973,146,True
88,585,2827,2973,146,True
94,567,2827,2912,85,True
97,550,2827,2912,85,True
99,548,2827,2912,85,True
7,540,2828,2963,135,True
13,574,2828,2963,135,True
19,548,2828,2963,135,True
30,571,2828,2900,72,True
32,565,2828,2963,135,True
33,556,2828,2900,72,True
35,571,2828,2900,72,True
36,571,2828,2900,72,True
43,529,2828,2963,135,True
46,571,2828,2900,72,True
54,622,2828,2973,145,True
58,563,2828,2912,84,True
62,551,2828,2912,84,True
66,559,2828,2912,84,True
69,592,2828,2912,84,True
75,566,2828,2912,84,True
76,574,2828,2912,84,True
78,592,2828,2912,84,True
82,562,2828,2912,84,True
84,569,2828,2912,84,True
85,564,2828,2912,84,True
98,552,2828,2912,84,True
99,549,2828,2912,84,True
11,552,2829,2900,71,True
29,546,2829,2900,71,True
33,557,2829,2910,81,True
36,572,2829,2900,71,True
40,627,2829,2963,134,True
43,530,2829,2963,134,True
53,555,2829,2912,83,True
61,569,2829,2912,83,True
64,593,2829,2912,83,True
73,552,2829,2912,83,True
74,579,2829,2973,144,True
75,567,2829,2912,83,True
77,563,2829,2912,83,True
80,600,2829,2912,83,True
92,602,2829,2912,83,True
98,553,2829,2912,83,True
4,570,2830,2963,133,True
15,561,2830,2900,70,True
17,534,2830,2963,133,True
19,549,2830,2963,133,True
22,588,2830,2963,133,True
28,567,2830,2963,133,True
30,572,2830,2900,70,True
32,566,2830,2963,133,True
36,573,2830,2900,70,True
43,531,2830,2963,133,True
46,572,2830,2900,70,True
49,576,2830,2900,70,True
50,558,2830,2928,98,True
51,565,2830,2912,82,True
52,552,2830,,,False
57,561,2830,2912,82,True
61,570,2830,2912,82,True
66,560,2830,2912,82,True
93,555,2830,2973,143,True
99,550,2830,2973,143,True
6,557,2831,2963,132,True
8,558,2831,2910,79,True
15,562,2831,2900,69,True
18,553,2831,2900,69,True
22,589,2831,2963,132,True
24,532,2831,2900,69,True
25,565,2831,2963,132,True
26,554,2831,2900,69,True
30,573,2831,2900,69,True
33,558,2831,2910,79,True
40,628,2831,2963,132,True
45,528,2831,2928,97,True
54,623,2831,2973,142,True
69,593,2831,2912,81,True
76,575,2831,2912,81,True
79,518,2831,2912,81,True
93,556,2831,2973,142,True
1,567,2832,2900,68,True
12,569,2832,2900,68,True
18,554,2832,2963,131,True
19,550,2832,2963,131,True
27,574,2832,2963,131,True
31,586,2832,2963,131,True
42,592,2832,2900,68,True
47,532,2832,2900,68,True
58,564,2832,2973,141,True
62,552,2832,2912,80,True
68,576,2832,2912,80,True
70,577,2832,2928,96,True
78,593,2832,2973,141,True
98,554,2832,2912,80,True
99,551,2832,2973,141,True
5,557,2833,2963,130,True
13,575,2833,2963,130,True
15,563,2833,2900,67,True
24,533,2833,2963,130,True
25,566,2833,2963,130,True
30,574,2833,2900,67,True
34,552,2833,2900,67,True
39,547,2833,2963,130,True
43,532,2833,2963,130,True
50,559,2833,2928,95,True
51,566,2833,2912,79,True
53,556,2833,2912,79,True
61,571,2833,2912,79,True
67,546,2833,2912,79,True
68,577,2833,2912,79,True
69,594,2833,2912,79,True
80,601,2833,2912,79,True
81,516,2833,2973,140,True
83,545,2833,2912,79,True
84,570,2833,2973,140,True
89,555,2833,2973,140,True
90,573,2833,2912,79,True
2,580,2834,2963,129,True
4,571,2834,2963,129,True
7,541,2834,2963,129,True
13,576,2834,2963,129,True
14,571,2834,2900,66,True
18,555,2834,2963,129,True
23,576,2834,2900,66,True
32,567,2834,2963,129,True
33,559,2834,2910,76,True
36,574,2834,2963,129,True
38,551,2834,2963,129,True
39,548,2834,2963,129,True
59,575,2834,2912,78,True
61,572,2834,2912,78,True
62,553,2834,2998,164,True
66,561,2834,2912,78,True
88,586,2834,2973,139,True
90,574,2834,2912,78,True
95,572,2834,2912,78,True
1,568,2835,2900,65,True
3,590,2835,2963,128,True
13,577,2835,2963,128,True
19,551,2835,2963,128,True
22,590,2835,2963,128,True
29,547,2835,2900,65,True
32,568,2835,2963,128,True
41,578,2835,2963,128,True
42,593,2835,2900,65,True
52,553,2835,,,False
58,565,2835,2973,138,True
80,602,2835,2912,77,True
86,566,2835,2912,77,True
89,556,2835,2973,138,True
99,552,2835,2973,138,True
2,581,2836,2963,127,True
12,570,2836,2900,64,True
15,564,2836,2900,64,True
26,555,2836,2900,64,True
37,549,2836,2963,127,True
41,579,2836,2963,127,True
42,594,2836,2963,127,True
47,533,2836,2900,64,True
48,590,2836,2963,127,True
49,577,2836,2900,64,True
53,557,2836,2912,76,True
55,521,2836,2912,76,True
63,588,2836,2912,76,True
65,563,2836,2912,76,True
75,568,2836,2912,76,True
83,546,2836,2912,76,True
87,545,2836,2973,137,True
95,573,2836,2912,76,True
96,535,2836,2973,137,True
2,582,2837,2963,126,True
4,572,2837,2963,126,True
10,559,2837,2963,126,True
11,553,2837,2910,73,True
15,565,2837,2928,91,True
25,567,2837,2963,126,True
26,556,2837,2900,63,True
50,560,2837,2928,91,True
62,554,2837,2998,161,True
73,553,2837,2928,91,True
76,576,2837,2912,75,True
82,563,2837,2912,75,True
85,565,2837,2973,136,True
91,561,2837,2912,75,True
97,551,2837,2912,75,True
0,612,2838,2910,72,True
3,591,2838,2963,125,True
5,558,2838,2963,125,True
7,542,2838,2963,125,True
9,597,2838,2963,125,True
13,578,2838,2963,125,True
14,572,2838,2900,62,True
19,552,2838,2963,125,True
22,591,2838,2963,125,True
24,534,2838,2963,125,True
26,557,2838,2900,62,True
31,587,2838,2963,125,True
32,569,2838,2963,125,True
33,560,2838,2910,72,True
36,575,2838,2963,125,True
37,550,2838,2963,125,True
40,629,2838,2963,125,True
44,585,2838,2963,125,True
47,534,2838,2900,62,True
48,591,2838,2963,125,True
49,578,2838,2963,125,True
54,624,2838,2973,135,True
70,578,2838,2928,90,True
72,566,2838,2928,90,True
82,564,2838,2912,74,True
85,566,2838,2973,135,True
90,575,2838,2912,74,True
2,583,2839,2963,124,True
5,559,2839,2963,124,True
7,543,2839,2963,124,True
9,598,2839,2963,124,True
10,560,2839,2963,124,True
11,554,2839,2910,71,True
14,573,2839,2900,61,True
20,548,2839,2907,68,True
27,575,2839,2963,124,True
32,570,2839,2963,124,True
40,630,2839,2963,124,True
41,580,2839,2963,124,True
44,586,2839,2963,124,True
54,625,2839,2973,134,True
60,548,2839,2973,134,True
61,573,2839,2912,73,True
63,589,2839,2912,73,True
71,573,2839,2973,134,True
78,594,2839,2973,134,True
80,603,2839,2912,73,True
8,559,2840,2910,70,True
14,574,2840,2900,60,True
15,566,2840,2928,88,True
21,555,2840,2910,70,True
22,592,2840,2963,123,True
25,568,2840,2963,123,True
30,575,2840,2900,60,True
32,571,2840,2963,123,True
36,576,2840,2963,123,True
40,631,2840,2963,123,True
42,595,2840,2963,123,True
59,576,2840,2912,72,True
60,549,2840,2973,133,True
61,574,2840,2912,72,True
63,590,2840,2912,72,True
68,578,2840,2912,72,True
71,574,2840,2973,133,True
80,604,2840,2912,72,True
81,517,2840,2973,133,True
82,565,2840,2912,72,True
83,547,2840,3006,166,True
86,567,2840,2912,72,True
87,546,2840,2973,133,True
88,587,2840,2973,133,True
2,584,2841,2963,122,True
6,558,2841,2963,122,True
8,560,2841,2910,69,True
9,599,2841,2963,122,True
17,535,2841,2963,122,True
18,556,2841,2963,122,True
22,593,2841,2963,122,True
29,548,2841,2910,69,True
30,576,2841,2900,59,True
31,588,2841,2963,122,True
46,573,2841,2963,122,True
47,535,2841,2900,59,True
49,579,2841,2963,122,True
53,558,2841,2973,132,True
56,565,2841,2912,71,True
63,591,2841,2912,71,True
69,595,2841,2973,132,True
71,575,2841,2973,132,True
81,518,2841,2973,132,True
82,566,2841,2912,71,True
84,571,2841,2973,132,True
86,568,2841,2912,71,True
92,603,2841,2912,71,True
94,568,2841,2912,71,True
95,574,2841,2912,71,True
1,569,2842,2900,58,True
8,561,2842,2910,68,True
21,556,2842,2910,68,True
28,568,2842,2963,121,True
30,577,2842,2928,86,True
31,589,2842,2963,121,True
32,572,2842,2963,121,True
33,561,2842,2910,68,True
35,572,2842,2928,86,True
36,577,2842,2963,121,True
40,632,2842,2963,121,True
42,596,2842,2963,121,True
45,529,2842,2928,86,True
49,580,2842,2963,121,True
53,559,2842,2973,131,True
63,592,2842,2973,131,True
65,564,2842,2912,70,True
66,562,2842,2912,70,True
70,579,2842,2928,86,True
76,577,2842,2912,70,True
77,564,2842,2973,131,True
86,569,2842,2912,70,True
87,547,2842,2973,131,True
88,588,2842,2973,131,True
89,557,2842,2973,131,True
6,559,2843,2963,120,True
22,594,2843,2963,120,True
27,576,2843,2963,120,True
28,569,2843,2963,120,True
36,578,2843,2963,120,True
47,536,2843,2900,57,True
55,522,2843,2912,69,True
58,566,2843,2973,130,True
61,575,2843,2912,69,True
66,563,2843,2912,69,True
70,580,2843,2928,85,True
72,567,2843,2928,85,True
76,578,2843,2912,69,True
77,565,2843,2973,130,True
81,519,2843,2973,130,True
84,572,2843,2973,130,True
90,576,2843,2912,69,True
92,604,2843,2912,69,True
93,557,2843,2973,130,True
96,536,2843,2973,130,True
2,585,2844,2963,119,True
3,592,2844,2963,119,True
9,600,2844,2963,119,True
18,557,2844,2963,119,True
35,573,2844,2928,84,True
36,579,2844,2963,119,True
43,533,2844,2963,119,True
56,566,2844,2973,129,True
58,567,2844,2973,129,True
62,555,2844,2998,154,True
67,547,2844,2912,68,True
70,581,2844,2928,84,True
78,595,2844,2973,129,True
83,548,2844,3006,162,True
90,577,2844,2912,68,True
99,553,2844,2973,129,True
25,569,2845,2963,118,True
26,558,2845,2963,118,True
29,549,2845,2910,65,True
35,574,2845,2928,83,True
38,552,2845,2963,118,True
39,549,2845,2963,118,True
40,633,2845,2963,118,True
51,567,2845,2912,67,True
54,626,2845,2973,128,True
65,565,2845,2973,128,True
72,568,2845,2928,83,True
83,549,2845,3006,161,True
91,562,2845,2912,67,True
4,573,2846,2963,117,True
12,571,2846,2963,117,True
20,549,2846,2912,66,True
27,577,2846,2963,117,True
29,550,2846,2910,64,True
32,573,2846,2963,117,True
39,550,2846,2963,117,True
44,587,2846,2963,117,True
45,530,2846,2928,82,True
61,576,2846,2912,66,True
64,594,2846,2912,66,True
71,576,2846,2973,127,True
73,554,2846,2928,82,True
82,567,2846,2912,66,True
84,573,2846,2973,127,True
85,567,2846,2973,127,True
89,558,2846,2973,127,True
96,537,2846,2973,127,True
6,560,2847,2963,116,True
7,544,2847,2963,116,True
11,555,2847,2910,63,True
13,579,2847,2963,116,True
14,575,2847,2910,63,True
15,567,2847,2928,81,True
18,558,2847,2963,116,True
24,535,2847,2963,116,True
27,578,2847,2963,116,True
35,575,2847,2928,81,True
39,551,2847,2963,116,True
42,597,2847,2963,116,True
45,531,2847,2928,81,True
46,574,2847,2963,116,True
50,561,2847,2928,81,True
51,568,2847,2912,65,True
52,554,2847,,,False
58,568,2847,2973,126,True
62,556,2847,2998,151,True
65,566,2847,2973,126,True
71,577,2847,2973,126,True
73,555,2847,2928,81,True
74,580,2847,2973,126,True
76,579,2847,2973,126,True
79,519,2847,2973,126,True
88,589,2847,2973,126,True
98,555,2847,2912,65,True
0,613,2848,2910,62,True
2,586,2848,2963,115,True
4,574,2848,2963,115,True
13,580,2848,2963,115,True
16,602,2848,2963,115,True
31,590,2848,2963,115,True
42,598,2848,2963,115,True
49,581,2848,2963,115,True
51,569,2848,2912,64,True
55,523,2848,2973,125,True
59,577,2848,2973,125,True
69,596,2848,2973,125,True
70,582,2848,2928,80,True
73,556,2848,2928,80,True
75,569,2848,2973,125,True
76,580,2848,2973,125,True
79,520,2848,2973,125,True
88,590,2848,2973,125,True
95,575,2848,2912,64,True
98,556,2848,2912,64,True
8,562,2849,2963,114,True
17,536,2849,2963,114,True
18,559,2849,2963,114,True
20,550,2849,2912,63,True
21,557,2849,2963,114,True
22,595,2849,2963,114,True
29,551,2849,2910,61,True
34,553,2849,2963,114,True
39,552,2849,2963,114,True
41,581,2849,2963,114,True
43,534,2849,2963,114,True
49,582,2849,2963,114,True
55,524,2849,2973,124,True
56,567,2849,2973,124,True
63,593,2849,2973,124,True
69,597,2849,2973,124,True
71,578,2849,2973,124,True
78,596,2849,2973,124,True
82,568,2849,2912,63,True
84,574,2849,2973,124,True
88,591,2849,2973,124,True
89,559,2849,2973,124,True
4,575,2850,2963,113,True
6,561,2850,2963,113,True
10,561,2850,2963,113,True
18,560,2850,2963,113,True
29,552,2850,2910,60,True
31,591,2850,2963,113,True
33,562,2850,2963,113,True
34,554,2850,2963,113,True
39,553,2850,2963,113,True
41,582,2850,2963,113,True
42,599,2850,2963,113,True
44,588,2850,2963,113,True
48,592,2850,2963,113,True
55,525,2850,2973,123,True
61,577,2850,2912,62,True
62,557,2850,2998,148,True
64,595,2850,2928,78,True
65,567,2850,2973,123,True
76,581,2850,2973,123,True
82,569,2850,2912,62,True
88,592,2850,2973,123,True
92,605,2850,2912,62,True
93,558,2850,2973,123,True
97,552,2850,2973,123,True
0,614,2851,2963,112,True
5,560,2851,2963,112,True
6,562,2851,2963,112,True
10,562,2851,2963,112,True
17,537,2851,2963,112,True
19,553,2851,2963,112,True
24,536,2851,2963,112,True
28,570,2851,2963,112,True
32,574,2851,2963,112,True
36,580,2851,2963,112,True
40,634,2851,2963,112,True
41,583,2851,2963,112,True
42,600,2851,2963,112,True
51,570,2851,2912,61,True
60,550,2851,2973,122,True
61,578,2851,2912,61,True
69,598,2851,2973,122,True
75,570,2851,2973,122,True
87,548,2851,2973,122,True
89,560,2851,2973,122,True
96,538,2851,2973,122,True
4,576,2852,2963,111,True
38,553,2852,2963,111,True
42,601,2852,2963,111,True
53,560,2852,2973,121,True
62,558,2852,2998,146,True
79,521,2852,2973,121,True
82,570,2852,2912,60,True
83,550,2852,3006,154,True
84,575,2852,2973,121,True
85,568,2852,2973,121,True
92,606,2852,2912,60,True
1,570,2853,2963,110,True
3,593,2853,2963,110,True
6,563,2853,2963,110,True
10,563,2853,2963,110,True
19,554,2853,2963,110,True
20,551,2853,2912,59,True
32,575,2853,2963,110,True
33,563,2853,2963,110,True
36,581,2853,2963,110,True
41,584,2853,2963,110,True
44,589,2853,2963,110,True
51,571,2853,2912,59,True
54,627,2853,2973,120,True
57,562,2853,2912,59,True
63,594,2853,2973,120,True
64,596,2853,2928,75,True
65,568,2853,2973,120,True
73,557,2853,2973,120,True
74,581,2853,2973,120,True
76,582,2853,2973,120,True
80,605,2853,2912,59,True
84,576,2853,2973,120,True
98,557,2853,2912,59,True
99,554,2853,2973,120,True
5,561,2854,2963,109,True
10,564,2854,2963,109,True
14,576,2854,2910,56,True
26,559,2854,2963,109,True
29,553,2854,2910,56,True
30,578,2854,2963,109,True
33,564,2854,2963,109,True
40,635,2854,2963,109,True
44,590,2854,2963,109,True
46,575,2854,2963,109,True
47,537,2854,2963,109,True
51,572,2854,2912,58,True
53,561,2854,2973,119,True
54,628,2854,2973,119,True
69,599,2854,2973,119,True
72,569,2854,2928,74,True
87,549,2854,2973,119,True
89,561,2854,2973,119,True
91,563,2854,2912,58,True
95,576,2854,2912,58,True
96,539,2854,2973,119,True
1,571,2855,2963,108,True
2,587,2855,2963,108,True
4,577,2855,2963,108,True
7,545,2855,2963,108,True
10,565,2855,2963,108,True
11,556,2855,2963,108,True
12,572,2855,2963,108,True
21,558,2855,2963,108,True
22,596,2855,2963,108,True
23,577,2855,2963,108,True
38,554,2855,2963,108,True
45,532,2855,2963,108,True
69,600,2855,2973,118,True
72,570,2855,2928,73,True
73,558,2855,2973,118,True
86,570,2855,2973,118,True
94,569,2855,2973,118,True
97,553,2855,2973,118,True
6,564,2856,2963,107,True
7,546,2856,2963,107,True
8,563,2856,2963,107,True
12,573,2856,2963,107,True
14,577,2856,2910,54,True
16,603,2856,2963,107,True
20,552,2856,2912,56,True
21,559,2856,2963,107,True
22,597,2856,2963,107,True
23,578,2856,2963,107,True
58,569,2856,2973,117,True
59,578,2856,2973,117,True
62,559,2856,2998,142,True
75,571,2856,2973,117,True
80,606,2856,2912,56,True
81,520,2856,2973,117,True
82,571,2856,2912,56,True
83,551,2856,3006,150,True
86,571,2856,2973,117,True
90,578,2856,2973,117,True
92,607,2856,2973,117,True
3,594,2857,2963,106,True
6,565,2857,2963,106,True
11,557,2857,2963,106,True
16,604,2857,2963,106,True
22,598,2857,2963,106,True
24,537,2857,2963,106,True
32,576,2857,2963,106,True
35,576,2857,2963,106,True
37,551,2857,2963,106,True
42,602,2857,2963,106,True
47,538,2857,2963,106,True
49,583,2857,2963,106,True
53,562,2857,2973,116,True
56,568,2857,2973,116,True
59,579,2857,2973,116,True
67,548,2857,2973,116,True
94,570,2857,2973,116,True
97,554,2857,2973,116,True
4,578,2858,2963,105,True
6,566,2858,2963,105,True
18,561,2858,2963,105,True
23,579,2858,2963,105,True
34,555,2858,2963,105,True
40,636,2858,2963,105,True
42,603,2858,2963,105,True
43,535,2858,2963,105,True
56,569,2858,2973,115,True
59,580,2858,2973,115,True
60,551,2858,2973,115,True
62,560,2858,2998,140,True
72,571,2858,2928,70,True
76,583,2858,2973,115,True
77,566,2858,2973,115,True
79,522,2858,2973,115,True
82,572,2858,2912,54,True
87,550,2858,2973,115,True
92,608,2858,2973,115,True
93,559,2858,2998,140,True
97,555,2858,2973,115,True
98,558,2858,2912,54,True
0,615,2859,2963,104,True
2,588,2859,2963,104,True
6,567,2859,2963,104,True
8,564,2859,2963,104,True
9,601,2859,2963,104,True
14,578,2859,2963,104,True
17,538,2859,2963,104,True
18,562,2859,2963,104,True
24,538,2859,2963,104,True
35,577,2859,2963,104,True
43,536,2859,2963,104,True
49,584,2859,2963,104,True
52,555,2859,,,False
61,579,2859,2912,53,True
63,595,2859,2973,114,True
66,564,2859,2973,114,True
70,583,2859,2928,69,True
72,572,2859,2928,69,True
77,567,2859,2973,114,True
80,607,2859,2912,53,True
86,572,2859,2973,114,True
90,579,2859,2973,114,True
92,609,2859,2973,114,True
93,560,2859,2998,139,True
2,589,2860,2963,103,True
3,595,2860,2963,103,True
6,568,2860,2963,103,True
9,602,2860,2963,103,True
15,568,2860,2928,68,True
19,555,2860,2963,103,True
23,580,2860,2963,103,True
25,570,2860,2963,103,True
29,554,2860,2963,103,True
30,579,2860,2963,103,True
32,577,2860,2963,103,True
35,578,2860,2963,103,True
50,562,2860,2973,113,True
56,570,2860,2973,113,True
65,569,2860,2973,113,True
69,601,2860,2973,113,True
76,584,2860,2973,113,True
82,573,2860,2973,113,True
85,569,2860,2973,113,True
86,573,2860,2973,113,True
87,551,2860,2973,113,True
91,564,2860,2973,113,True
94,571,2860,2973,113,True
12,574,2861,2963,102,True
14,579,2861,2963,102,True
30,580,2861,2963,102,True
31,592,2861,2963,102,True
47,539,2861,2963,102,True
50,563,2861,2973,112,True
55,526,2861,2973,112,True
57,563,2861,2928,67,True
59,581,2861,2973,112,True
68,579,2861,2912,51,True
84,577,2861,2973,112,True
85,570,2861,2973,112,True
92,610,2861,2973,112,True
95,577,2861,2912,51,True
99,555,2861,2973,112,True
2,590,2862,2963,101,True
3,596,2862,2963,101,True
8,565,2862,2963,101,True
9,603,2862,2963,101,True
10,566,2862,2963,101,True
12,575,2862,2963,101,True
15,569,2862,2928,66,True
24,539,2862,2963,101,True
30,581,2862,2963,101,True
32,578,2862,2963,101,True
37,552,2862,2963,101,True
43,537,2862,2963,101,True
44,591,2862,2963,101,True
47,540,2862,2963,101,True
48,593,2862,2963,101,True
55,527,2862,2973,111,True
68,580,2862,2912,50,True
73,559,2862,2973,111,True
80,608,2862,2912,50,True
81,521,2862,2973,111,True
88,593,2862,2973,111,True
90,580,2862,2973,111,True
94,572,2862,2973,111,True
98,559,2862,2912,50,True
99,556,2862,2973,111,True
0,616,2863,2963,100,True
1,572,2863,2963,100,True
4,579,2863,2963,100,True
6,569,2863,2963,100,True
16,605,2863,2963,100,True
21,560,2863,2963,100,True
27,579,2863,2963,100,True
30,582,2863,2963,100,True
33,565,2863,2963,100,True
36,582,2863,2963,100,True
43,538,2863,2963,100,True
53,563,2863,3006,143,True
56,571,2863,2973,110,True
63,596,2863,2973,110,True
64,597,2863,2928,65,True
69,602,2863,2973,110,True
83,552,2863,3006,143,True
94,573,2863,2973,110,True
4,580,2864,2963,99,True
8,566,2864,2963,99,True
11,558,2864,2963,99,True
17,539,2864,2963,99,True
20,553,2864,2928,64,True
21,561,2864,2963,99,True
23,581,2864,2963,99,True
24,540,2864,2963,99,True
25,571,2864,2963,99,True
36,583,2864,2963,99,True
40,637,2864,2963,99,True
43,539,2864,2963,99,True
44,592,2864,2963,99,True
45,533,2864,2963,99,True
48,594,2864,2963,99,True
58,570,2864,2973,109,True
68,581,2864,2912,48,True
69,603,2864,2973,109,True
70,584,2864,2973,109,True
71,579,2864,2973,109,True
75,572,2864,2973,109,True
76,585,2864,2973,109,True
82,574,2864,2973,109,True
83,553,2864,3006,142,True
88,594,2864,2973,109,True
89,562,2864,2973,109,True
0,617,2865,2963,98,True
1,573,2865,2963,98,True
3,597,2865,2963,98,True
4,581,2865,2963,98,True
5,562,2865,2963,98,True
8,567,2865,2963,98,True
9,604,2865,2963,98,True
14,580,2865,2963,98,True
28,571,2865,2963,98,True
31,593,2865,2963,98,True
35,579,2865,2963,98,True
37,553,2865,2963,98,True
42,604,2865,2963,98,True
48,595,2865,2963,98,True
49,585,2865,2963,98,True
54,629,2865,2973,108,True
58,571,2865,2973,108,True
59,582,2865,2973,108,True
61,580,2865,2928,63,True
63,597,2865,3006,141,True
65,570,2865,2973,108,True
68,582,2865,2912,47,True
71,580,2865,2973,108,True
79,523,2865,2973,108,True
96,540,2865,2973,108,True
98,560,2865,2928,63,True
1,574,2866,2963,97,True
6,570,2866,2963,97,True
10,567,2866,2963,97,True
16,606,2866,2963,97,True
18,563,2866,2963,97,True
19,556,2866,2963,97,True
20,554,2866,2928,62,True
27,580,2866,2963,97,True
28,572,2866,2963,97,True
29,555,2866,2963,97,True
30,583,2866,2963,97,True
32,579,2866,2963,97,True
33,566,2866,2963,97,True
47,541,2866,2963,97,True
52,556,2866,,,False
58,572,2866,2973,107,True
63,598,2866,3006,140,True
66,565,2866,2973,107,True
68,583,2866,2973,107,True
74,582,2866,2973,107,True
76,586,2866,2973,107,True
77,568,2866,2973,107,True
79,524,2866,2973,107,True
88,595,2866,2973,107,True
93,561,2866,2998,132,True
2,591,2867,2963,96,True
4,582,2867,2963,96,True
5,563,2867,2963,96,True
6,571,2867,2963,96,True
16,607,2867,2963,96,True
23,582,2867,2963,96,True
27,581,2867,2963,96,True
30,584,2867,2963,96,True
33,567,2867,2963,96,True
34,556,2867,2963,96,True
44,593,2867,2963,96,True
58,573,2867,2973,106,True
64,598,2867,2928,61,True
71,581,2867,2973,106,True
72,573,2867,2928,61,True
74,583,2867,2973,106,True
77,569,2867,2973,106,True
78,597,2867,2973,106,True
88,596,2867,2973,106,True
90,581,2867,2973,106,True
99,557,2867,2973,106,True
0,618,2868,2963,95,True
14,581,2868,2963,95,True
19,557,2868,2963,95,True
22,599,2868,2963,95,True
23,583,2868,2963,95,True
25,572,2868,2963,95,True
27,582,2868,2963,95,True
30,585,2868,2963,95,True
32,580,2868,2963,95,True
36,584,2868,2963,95,True
39,554,2868,2963,95,True
51,573,2868,2973,105,True
54,630,2868,2973,105,True
56,572,2868,2973,105,True
64,599,2868,2928,60,True
68,584,2868,2973,105,True
81,522,2868,2973,105,True
87,552,2868,2973,105,True
92,611,2868,2973,105,True
20,555,2869,2928,59,True
21,562,2869,2963,94,True
32,581,2869,2963,94,True
44,594,2869,2963,94,True
50,564,2869,2973,104,True
59,583,2869,2973,104,True
60,552,2869,2973,104,True
62,561,2869,2998,129,True
63,599,2869,3006,137,True
66,566,2869,2973,104,True
81,523,2869,2973,104,True
83,554,2869,3006,137,True
84,578,2869,2973,104,True
86,574,2869,2973,104,True
90,582,2869,2973,104,True
99,558,2869,2973,104,True
1,575,2870,2963,93,True
8,568,2870,2963,93,True
9,605,2870,2963,93,True
16,608,2870,2963,93,True
20,556,2870,2928,58,True
25,573,2870,2963,93,True
26,560,2870,2963,93,True
30,586,2870,2963,93,True
31,594,2870,2963,93,True
32,582,2870,2963,93,True
33,568,2870,2963,93,True
34,557,2870,2963,93,True
35,580,2870,2963,93,True
37,554,2870,2963,93,True
41,585,2870,2963,93,True
43,540,2870,2963,93,True
46,576,2870,2963,93,True
48,596,2870,2963,93,True
54,631,2870,2973,103,True
55,528,2870,2973,103,True
59,584,2870,2973,103,True
61,581,2870,2928,58,True
66,567,2870,2973,103,True
69,604,2870,2973,103,True
75,573,2870,2973,103,True
92,612,2870,2973,103,True
3,598,2871,2963,92,True
18,564,2871,2963,92,True
28,573,2871,2963,92,True
30,587,2871,2963,92,True
31,595,2871,2963,92,True
40,638,2871,2963,92,True
44,595,2871,2963,92,True
49,586,2871,2963,92,True
50,565,2871,2973,102,True
58,574,2871,2973,102,True
59,585,2871,2973,102,True
70,585,2871,2973,102,True
71,582,2871,2973,102,True
76,587,2871,2973,102,True
80,609,2871,2998,127,True
82,575,2871,2973,102,True
83,555,2871,3006,135,True
95,578,2871,2998,127,True
22,600,2872,2963,91,True
24,541,2872,2963,91,True
28,574,2872,2963,91,True
31,596,2872,2963,91,True
42,605,2872,2963,91,True
44,596,2872,2963,91,True
51,574,2872,2973,101,True
65,571,2872,2973,101,True
69,605,2872,2973,101,True
83,556,2872,3006,134,True
85,571,2872,2973,101,True
0,619,2873,2963,90,True
4,583,2873,2963,90,True
6,572,2873,2963,90,True
7,547,2873,2963,90,True
27,583,2873,2963,90,True
28,575,2873,2963,90,True
29,556,2873,2963,90,True
30,588,2873,2963,90,True
33,569,2873,2963,90,True
37,555,2873,2963,90,True
42,606,2873,2963,90,True
55,529,2873,2973,100,True
56,573,2873,2973,100,True
57,564,2873,2973,100,True
62,562,2873,2998,125,True
63,600,2873,3006,133,True
70,586,2873,2973,100,True
74,584,2873,2973,100,True
85,572,2873,2973,100,True
94,574,2873,2973,100,True
98,561,2873,2928,55,True
7,548,2874,2963,89,True
10,568,2874,2963,89,True
11,559,2874,2963,89,True
16,609,2874,2963,89,True
22,601,2874,2963,89,True
26,561,2874,2963,89,True
28,576,2874,2963,89,True
31,597,2874,2963,89,True
40,639,2874,2963,89,True
44,597,2874,2963,89,True
50,566,2874,2973,99,True
64,600,2874,2928,54,True
69,606,2874,2973,99,True
81,524,2874,2973,99,True
86,575,2874,2973,99,True
87,553,2874,2973,99,True
99,559,2874,2973,99,True
2,592,2875,2963,88,True
10,569,2875,2963,88,True
18,565,2875,2963,88,True
36,585,2875,2963,88,True
41,586,2875,2963,88,True
42,607,2875,2963,88,True
49,587,2875,2963,88,True
55,530,2875,3006,131,True
64,601,2875,2973,98,True
65,572,2875,2973,98,True
69,607,2875,2973,98,True
77,570,2875,2973,98,True
82,576,2875,2973,98,True
86,576,2875,2973,98,True
91,565,2875,2973,98,True
98,562,2875,2973,98,True
2,593,2876,2963,87,True
6,573,2876,2963,87,True
9,606,2876,2963,87,True
11,560,2876,2963,87,True
28,577,2876,2963,87,True
34,558,2876,3038,162,True
35,581,2876,2963,87,True
45,534,2876,2963,87,True
49,588,2876,2963,87,True
51,575,2876,2973,97,True
55,531,2876,3006,130,True
61,582,2876,2973,97,True
65,573,2876,2973,97,True
70,587,2876,2973,97,True
75,574,2876,2973,97,True
79,525,2876,2973,97,True
80,610,2876,2998,122,True
82,577,2876,2973,97,True
0,620,2877,2963,86,True
1,576,2877,2963,86,True
7,549,2877,2963,86,True
17,540,2877,2963,86,True
26,562,2877,2963,86,True
27,584,2877,2963,86,True
29,557,2877,2963,86,True
30,589,2877,2963,86,True
53,564,2877,3006,129,True
57,565,2877,2973,96,True
61,583,2877,2973,96,True
64,602,2877,2973,96,True
74,585,2877,2973,96,True
79,526,2877,2973,96,True
80,611,2877,2998,121,True
82,578,2877,2973,96,True
83,557,2877,3006,129,True
94,575,2877,2973,96,True
97,556,2877,2973,96,True
99,560,2877,2973,96,True
7,550,2878,2963,85,True
15,570,2878,2963,85,True
18,566,2878,2963,85,True
21,563,2878,2963,85,True
25,574,2878,2963,85,True
28,578,2878,2963,85,True
43,541,2878,2963,85,True
52,557,2878,,,False
53,565,2878,3006,128,True
63,601,2878,3006,128,True
64,603,2878,2973,95,True
69,608,2878,2973,95,True
76,588,2878,2998,120,True
94,576,2878,2973,95,True
98,563,2878,2973,95,True
2,594,2879,2963,84,True
6,574,2879,2963,84,True
10,570,2879,2963,84,True
17,541,2879,2963,84,True
26,563,2879,2963,84,True
30,590,2879,2963,84,True
33,570,2879,2963,84,True
38,555,2879,2963,84,True
45,535,2879,2963,84,True
47,542,2879,2963,84,True
55,532,2879,3006,127,True
58,575,2879,2973,94,True
59,586,2879,2973,94,True
67,549,2879,2973,94,True
71,583,2879,2973,94,True
72,574,2879,2973,94,True
77,571,2879,2973,94,True
83,558,2879,3006,127,True
84,579,2879,2973,94,True
87,554,2879,2973,94,True
91,566,2879,2973,94,True
97,557,2879,2973,94,True
2,595,2880,2963,83,True
3,599,2880,2963,83,True
6,575,2880,2963,83,True
9,607,2880,2963,83,True
12,576,2880,2963,83,True
19,558,2880,2963,83,True
28,579,2880,2963,83,True
32,583,2880,2963,83,True
34,559,2880,3038,158,True
37,556,2880,2963,83,True
42,608,2880,2963,83,True
49,589,2880,2963,83,True
57,566,2880,2973,93,True
61,584,2880,2973,93,True
69,609,2880,2973,93,True
74,586,2880,2973,93,True
75,575,2880,2973,93,True
76,589,2880,2998,118,True
80,612,2880,2998,118,True
82,579,2880,2973,93,True
88,597,2880,2973,93,True
98,564,2880,2973,93,True
7,551,2881,2963,82,True
12,577,2881,2963,82,True
16,610,2881,2963,82,True
21,564,2881,3038,157,True
27,585,2881,2963,82,True
29,558,2881,2963,82,True
33,571,2881,2963,82,True
38,556,2881,2963,82,True
41,587,2881,2963,82,True
43,542,2881,2963,82,True
68,585,2881,2973,92,True
72,575,2881,2973,92,True
79,527,2881,2973,92,True
81,525,2881,2973,92,True
89,563,2881,2973,92,True
94,577,2881,2973,92,True
95,579,2881,2998,117,True
98,565,2881,2973,92,True
1,577,2882,2963,81,True
2,596,2882,2963,81,True
5,564,2882,2963,81,True
11,561,2882,2963,81,True
21,565,2882,3038,156,True
28,580,2882,2963,81,True
33,572,2882,2963,81,True
34,560,2882,3038,156,True
35,582,2882,2963,81,True
39,555,2882,2963,81,True
42,609,2882,2963,81,True
49,590,2882,2963,81,True
72,576,2882,2973,91,True
90,583,2882,2973,91,True
91,567,2882,2973,91,True
93,562,2882,2998,116,True
97,558,2882,2973,91,True
6,576,2883,2963,80,True
9,608,2883,2963,80,True
12,578,2883,2963,80,True
13,581,2883,2963,80,True
19,559,2883,2963,80,True
26,564,2883,2963,80,True
28,581,2883,2963,80,True
32,584,2883,2963,80,True
37,557,2883,2963,80,True
38,557,2883,2963,80,True
40,640,2883,2963,80,True
42,610,2883,2963,80,True
59,587,2883,2998,115,True
62,563,2883,2998,115,True
71,584,2883,2998,115,True
79,528,2883,2973,90,True
83,559,2883,3006,123,True
90,584,2883,2973,90,True
93,563,2883,2998,115,True
99,561,2883,3006,123,True
11,562,2884,2963,79,True
14,582,2884,2963,79,True
15,571,2884,2963,79,True
21,566,2884,3038,154,True
31,598,2884,2963,79,True
37,558,2884,2963,79,True
39,556,2884,2963,79,True
51,576,2884,2973,89,True
62,564,2884,2998,114,True
63,602,2884,3006,122,True
70,588,2884,2973,89,True
75,576,2884,2973,89,True
81,526,2884,2973,89,True
83,560,2884,3006,122,True
90,585,2884,2973,89,True
96,541,2884,2973,89,True
2,597,2885,2963,78,True
5,565,2885,2963,78,True
7,552,2885,2963,78,True
13,582,2885,2963,78,True
14,583,2885,2963,78,True
18,567,2885,2963,78,True
20,557,2885,2998,113,True
33,573,2885,2963,78,True
51,577,2885,2973,88,True
59,588,2885,2998,113,True
60,553,2885,2973,88,True
74,587,2885,2998,113,True
75,577,2885,2973,88,True
79,529,2885,2973,88,True
80,613,2885,2998,113,True
91,568,2885,2973,88,True
93,564,2885,2998,113,True
95,580,2885,2998,113,True
2,598,2886,2963,77,True
8,569,2886,2963,77,True
10,571,2886,2963,77,True
11,563,2886,2963,77,True
12,579,2886,2963,77,True
15,572,2886,2963,77,True
16,611,2886,2963,77,True
26,565,2886,2963,77,True
34,561,2886,3038,152,True
36,586,2886,2963,77,True
37,559,2886,2963,77,True
40,641,2886,2963,77,True
47,543,2886,2963,77,True
49,591,2886,2963,77,True
52,558,2886,,,False
75,578,2886,2973,87,True
79,530,2886,2973,87,True
84,580,2886,2973,87,True
94,578,2886,2973,87,True
95,581,2886,2998,112,True
7,553,2887,2963,76,True
12,580,2887,2963,76,True
18,568,2887,2963,76,True
22,602,2887,2963,76,True
28,582,2887,2963,76,True
30,591,2887,2963,76,True
36,587,2887,2963,76,True
39,557,2887,2963,76,True
59,589,2887,2998,111,True
71,585,2887,2998,111,True
82,580,2887,2998,111,True
95,582,2887,2998,111,True
99,562,2887,3006,119,True
0,621,2888,2963,75,True
20,558,2888,2998,110,True
24,542,2888,2963,75,True
27,586,2888,2963,75,True
30,592,2888,2963,75,True
32,585,2888,2963,75,True
34,562,2888,3038,150,True
48,597,2888,2963,75,True
52,559,2888,,,False
56,574,2888,2973,85,True
63,603,2888,3006,118,True
65,574,2888,2973,85,True
67,550,2888,2973,85,True
68,586,2888,2973,85,True
69,610,2888,2973,85,True
76,590,2888,2998,110,True
86,577,2888,2973,85,True
87,555,2888,2973,85,True
88,598,2888,3015,127,True
90,586,2888,2973,85,True
95,583,2888,2998,110,True
97,559,2888,2973,85,True
1,578,2889,2963,74,True
4,584,2889,2963,74,True
22,603,2889,2963,74,True
26,566,2889,3038,149,True
27,587,2889,2963,74,True
28,583,2889,2963,74,True
30,593,2889,2963,74,True
35,583,2889,2963,74,True
36,588,2889,2963,74,True
38,558,2889,2963,74,True
44,598,2889,2963,74,True
46,577,2889,3038,149,True
56,575,2889,2973,84,True
63,604,2889,3006,117,True
67,551,2889,2973,84,True
74,588,2889,2998,109,True
81,527,2889,2973,84,True
84,581,2889,3006,117,True
88,599,2889,3015,126,True
93,565,2889,2998,109,True
98,566,2889,2973,84,True
2,599,2890,2963,73,True
13,583,2890,2963,73,True
18,569,2890,2963,73,True
27,588,2890,2963,73,True
31,599,2890,2963,73,True
36,589,2890,2963,73,True
39,558,2890,2963,73,True
40,642,2890,2963,73,True
52,560,2890,,,False
60,554,2890,2973,83,True
64,604,2890,2973,83,True
65,575,2890,2973,83,True
68,587,2890,3015,125,True
71,586,2890,2998,108,True
75,579,2890,3015,125,True
89,564,2890,2998,108,True
92,613,2890,2973,83,True
94,579,2890,2998,108,True
97,560,2890,2973,83,True
99,563,2890,3006,116,True
2,600,2891,2963,72,True
3,600,2891,2963,72,True
5,566,2891,2963,72,True
6,577,2891,2963,72,True
15,573,2891,2963,72,True
16,612,2891,2963,72,True
17,542,2891,2963,72,True
23,584,2891,3038,147,True
24,543,2891,2963,72,True
26,567,2891,3038,147,True
33,574,2891,2963,72,True
35,584,2891,2963,72,True
36,590,2891,2963,72,True
37,560,2891,2963,72,True
38,559,2891,2963,72,True
43,543,2891,2963,72,True
48,598,2891,2963,72,True
55,533,2891,3006,115,True
56,576,2891,2998,107,True
58,576,2891,2973,82,True
59,590,2891,2998,107,True
62,565,2891,2998,107,True
64,605,2891,2973,82,True
65,576,2891,2973,82,True
85,573,2891,2973,82,True
86,578,2891,2973,82,True
95,584,2891,2998,107,True
96,542,2891,3006,115,True
97,561,2891,2973,82,True
7,554,2892,2963,71,True
14,584,2892,3038,146,True
15,574,2892,2963,71,True
18,570,2892,2963,71,True
26,568,2892,3038,146,True
29,559,2892,2963,71,True
34,563,2892,3038,146,True
36,591,2892,2963,71,True
37,561,2892,2963,71,True
38,560,2892,2963,71,True
40,643,2892,2963,71,True
43,544,2892,2963,71,True
44,599,2892,2963,71,True
49,592,2892,2963,71,True
50,567,2892,2973,81,True
53,566,2892,3006,114,True
57,567,2892,2973,81,True
58,577,2892,2998,106,True
62,566,2892,2998,106,True
72,577,2892,2973,81,True
81,528,2892,2998,106,True
86,579,2892,2973,81,True
87,556,2892,2973,81,True
89,565,2892,2998,106,True
91,569,2892,3006,114,True
96,543,2892,3006,114,True
99,564,2892,3006,114,True
7,555,2893,2963,70,True
9,609,2893,2963,70,True
14,585,2893,3038,145,True
17,543,2893,2963,70,True
18,571,2893,2963,70,True
19,560,2893,2963,70,True
21,567,2893,3038,145,True
22,604,2893,2963,70,True
25,575,2893,2963,70,True
29,560,2893,2963,70,True
35,585,2893,2963,70,True
46,578,2893,3038,145,True
48,599,2893,2963,70,True
55,534,2893,3006,113,True
56,577,2893,2998,105,True
59,591,2893,2998,105,True
68,588,2893,3015,122,True
70,589,2893,2973,80,True
72,578,2893,2973,80,True
73,560,2893,2998,105,True
76,591,2893,2998,105,True
77,572,2893,2973,80,True
93,566,2893,2998,105,True
98,567,2893,2973,80,True
2,601,2894,2963,69,True
5,567,2894,2963,69,True
6,578,2894,2963,69,True
10,572,2894,2963,69,True
13,584,2894,2963,69,True
23,585,2894,3038,144,True
25,576,2894,2963,69,True
41,588,2894,2963,69,True
49,593,2894,2963,69,True
56,578,2894,2998,104,True
63,605,2894,3006,112,True
68,589,2894,3015,121,True
72,579,2894,2973,79,True
90,587,2894,3006,112,True
92,614,2894,3015,121,True
99,565,2894,3006,112,True
1,579,2895,2963,68,True
11,564,2895,2963,68,True
15,575,2895,2963,68,True
26,569,2895,3038,143,True
31,600,2895,2963,68,True
32,586,2895,2963,68,True
33,575,2895,3038,143,True
34,564,2895,3038,143,True
35,586,2895,2963,68,True
45,536,2895,2963,68,True
52,561,2895,,,False
56,579,2895,2998,103,True
61,585,2895,2973,78,True
63,606,2895,3006,111,True
67,552,2895,2998,103,True
72,580,2895,2973,78,True
73,561,2895,2998,103,True
77,573,2895,2998,103,True
79,531,2895,2973,78,True
86,580,2895,2973,78,True
89,566,2895,2998,103,True
92,615,2895,3015,120,True
96,544,2895,3006,111,True
0,622,2896,3038,142,True
3,601,2896,2963,67,True
5,568,2896,2963,67,True
9,610,2896,2963,67,True
11,565,2896,2963,67,True
14,586,2896,3038,142,True
15,576,2896,2963,67,True
17,544,2896,2963,67,True
22,605,2896,2963,67,True
25,577,2896,2963,67,True
27,589,2896,2963,67,True
30,594,2896,2963,67,True
39,559,2896,2963,67,True
41,589,2896,2963,67,True
45,537,2896,2963,67,True
52,562,2896,,,False
53,567,2896,3006,110,True
61,586,2896,2973,77,True
68,590,2896,3015,119,True
74,589,2896,3006,110,True
78,598,2896,2998,102,True
80,614,2896,2998,102,True
86,581,2896,2973,77,True
88,600,2896,3015,119,True
90,588,2896,3006,110,True
93,567,2896,2998,102,True
95,585,2896,2998,102,True
0,623,2897,3038,141,True
26,570,2897,3038,141,True
27,590,2897,2963,66,True
28,584,2897,2963,66,True
31,601,2897,2963,66,True
37,562,2897,2963,66,True
38,561,2897,2963,66,True
43,545,2897,3038,141,True
48,600,2897,2963,66,True
54,632,2897,3006,109,True
69,611,2897,2998,101,True
84,582,2897,3006,109,True
99,566,2897,3006,109,True
6,579,2898,2963,65,True
17,545,2898,2963,65,True
18,572,2898,2963,65,True
23,586,2898,3038,140,True
31,602,2898,2963,65,True
39,560,2898,2963,65,True
43,546,2898,3038,140,True
47,544,2898,3038,140,True
50,568,2898,2973,75,True
59,592,2898,3006,108,True
65,577,2898,2973,75,True
72,581,2898,2998,100,True
73,562,2898,2998,100,True
75,580,2898,3015,117,True
81,529,2898,2998,100,True
82,581,2898,3015,117,True
88,601,2898,3015,117,True
91,570,2898,3006,108,True
93,568,2898,3006,108,True
96,545,2898,3006,108,True
98,568,2898,2973,75,True
2,602,2899,2963,64,True
3,602,2899,2963,64,True
5,569,2899,3038,139,True
7,556,2899,3038,139,True
10,573,2899,2963,64,True
21,568,2899,3038,139,True
22,606,2899,2963,64,True
24,544,2899,2963,64,True
27,591,2899,2963,64,True
28,585,2899,2963,64,True
30,595,2899,2963,64,True
50,569,2899,2973,74,True
66,568,2899,3015,116,True
70,590,2899,2973,74,True
74,590,2899,3006,107,True
75,581,2899,3015,116,True
83,561,2899,3006,107,True
85,574,2899,2998,99,True
95,586,2899,2998,99,True
96,546,2899,3128,229,True
1,580,2900,3038,138,True
2,603,2900,3038,138,True
4,585,2900,2963,63,True
9,611,2900,2963,63,True
10,574,2900,2963,63,True
17,546,2900,2963,63,True
31,603,2900,3038,138,True
36,592,2900,3038,138,True
38,562,2900,2963,63,True
41,590,2900,2963,63,True
49,594,2900,2963,63,True
50,570,2900,2973,73,True
61,587,2900,2973,73,True
68,591,2900,3015,115,True
80,615,2900,3015,115,True
86,582,2900,2973,73,True
2,604,2901,3038,137,True
5,570,2901,3038,137,True
6,580,2901,2963,62,True
7,557,2901,3038,137,True
12,581,2901,2963,62,True
20,559,2901,2998,97,True
21,569,2901,3038,137,True
35,587,2901,2963,62,True
36,593,2901,3038,137,True
37,563,2901,2963,62,True
42,611,2901,2963,62,True
43,547,2901,3038,137,True
45,538,2901,2963,62,True
48,601,2901,3038,137,True
49,595,2901,2963,62,True
52,563,2901,,,False
53,568,2901,3006,105,True
62,567,2901,2998,97,True
63,607,2901,3006,105,True
71,587,2901,2998,97,True
76,592,2901,3006,105,True
79,532,2901,2998,97,True
84,583,2901,3006,105,True
87,557,2901,2998,97,True
92,616,2901,3015,114,True
1,581,2902,3038,136,True
4,586,2902,2963,61,True
11,566,2902,3038,136,True
14,587,2902,3038,136,True
15,577,2902,2963,61,True
23,587,2902,3038,136,True
25,578,2902,2963,61,True
26,571,2902,3038,136,True
35,588,2902,2963,61,True
54,633,2902,3006,104,True
60,555,2902,3006,104,True
62,568,2902,2998,96,True
63,608,2902,3006,104,True
68,592,2902,3015,113,True
75,582,2902,3015,113,True
76,593,2902,3006,104,True
77,574,2902,2998,96,True
80,616,2902,3015,113,True
82,582,2902,3015,113,True
84,584,2902,3006,104,True
92,617,2902,3015,113,True
95,587,2902,2998,96,True
1,582,2903,3038,135,True
6,581,2903,3038,135,True
9,612,2903,3038,135,True
17,547,2903,2963,60,True
26,572,2903,3038,135,True
32,587,2903,2963,60,True
35,589,2903,2963,60,True
36,594,2903,3038,135,True
40,644,2903,2963,60,True
41,591,2903,3038,135,True
50,571,2903,2973,70,True
51,578,2903,3015,112,True
53,569,2903,3006,103,True
55,535,2903,3015,112,True
56,580,2903,2998,95,True
58,578,2903,2998,95,True
64,606,2903,2973,70,True
74,591,2903,3006,103,True
75,583,2903,3015,112,True
79,533,2903,2998,95,True
82,583,2903,3015,112,True
84,585,2903,3006,103,True
92,618,2903,3015,112,True
1,583,2904,3038,134,True
2,605,2904,3038,134,True
8,570,2904,3038,134,True
13,585,2904,2963,59,True
20,560,2904,2998,94,True
27,592,2904,2963,59,True
31,604,2904,3038,134,True
33,576,2904,3038,134,True
36,595,2904,3038,134,True
43,548,2904,3038,134,True
47,545,2904,3038,134,True
50,572,2904,2973,69,True
60,556,2904,3006,102,True
64,607,2904,2973,69,True
67,553,2904,3006,102,True
71,588,2904,3006,102,True
75,584,2904,3015,111,True
76,594,2904,3006,102,True
83,562,2904,3015,111,True
86,583,2904,2973,69,True
89,567,2904,3006,102,True
91,571,2904,3015,111,True
95,588,2904,2998,94,True
99,567,2904,3006,102,True
1,584,2905,3038,133,True
3,603,2905,2963,58,True
4,587,2905,2963,58,True
8,571,2905,3038,133,True
12,582,2905,2963,58,True
18,573,2905,2963,58,True
20,561,2905,2998,93,True
26,573,2905,3038,133,True
27,593,2905,3038,133,True
31,605,2905,3038,133,True
38,563,2905,2963,58,True
41,592,2905,3038,133,True
44,600,2905,3038,133,True
45,539,2905,2963,58,True
51,579,2905,3015,110,True
63,609,2905,3006,101,True
67,554,2905,3006,101,True
70,591,2905,2973,68,True
74,592,2905,3006,101,True
91,572,2905,3015,110,True
92,619,2905,3015,110,True
93,569,2905,3006,101,True
94,580,2905,3015,110,True
95,589,2905,2998,93,True
99,568,2905,3006,101,True
8,572,2906,3038,132,True
18,574,2906,2963,57,True
32,588,2906,3038,132,True
41,593,2906,3038,132,True
42,612,2906,2963,57,True
48,602,2906,3038,132,True
52,564,2906,,,False
60,557,2906,3006,100,True
63,610,2906,3006,100,True
66,569,2906,3015,109,True
79,534,2906,2998,92,True
82,584,2906,3015,109,True
84,586,2906,3006,100,True
85,575,2906,2998,92,True
92,620,2906,3015,109,True
0,624,2907,3038,131,True
2,606,2907,3038,131,True
5,571,2907,3038,131,True
16,613,2907,3038,131,True
17,548,2907,3038,131,True
33,577,2907,3038,131,True
49,596,2907,3038,131,True
70,592,2907,2973,66,True
72,582,2907,2998,91,True
73,563,2907,2998,91,True
75,585,2907,3015,108,True
87,558,2907,3006,99,True
96,547,2907,3128,221,True
97,562,2907,3015,108,True
98,569,2907,2998,91,True
99,569,2907,3006,99,True
1,585,2908,3038,130,True
5,572,2908,3038,130,True
6,582,2908,3038,130,True
11,567,2908,3038,130,True
14,588,2908,3038,130,True
16,614,2908,3038,130,True
22,607,2908,3038,130,True
29,561,2908,3038,130,True
31,606,2908,3038,130,True
34,565,2908,3038,130,True
37,564,2908,3038,130,True
55,536,2908,3015,107,True
58,579,2908,2998,90,True
73,564,2908,2998,90,True
76,595,2908,3006,98,True
84,587,2908,3006,98,True
86,584,2908,2998,90,True
90,589,2908,3006,98,True
95,590,2908,2998,90,True
0,625,2909,3038,129,True
2,607,2909,3038,129,True
21,570,2909,3038,129,True
29,562,2909,3038,129,True
33,578,2909,3038,129,True
34,566,2909,3038,129,True
37,565,2909,3038,129,True
60,558,2909,3006,97,True
75,586,2909,3015,106,True
77,575,2909,3006,97,True
80,617,2909,3015,106,True
81,530,2909,3015,106,True
91,573,2909,3015,106,True
0,626,2910,3038,128,True
2,608,2910,3038,128,True
3,604,2910,3038,128,True
6,583,2910,3038,128,True
13,586,2910,2963,53,True
20,562,2910,2998,88,True
24,545,2910,3038,128,True
37,566,2910,3038,128,True
43,549,2910,3038,128,True
44,601,2910,3038,128,True
50,573,2910,2998,88,True
57,568,2910,2973,63,True
69,612,2910,3015,105,True
73,565,2910,3006,96,True
82,585,2910,3015,105,True
85,576,2910,2998,88,True
91,574,2910,3015,105,True
92,621,2910,3015,105,True
99,570,2910,3006,96,True
7,558,2911,3038,127,True
10,575,2911,3038,127,True
11,568,2911,3038,127,True
13,587,2911,2963,52,True
15,578,2911,2963,52,True
16,615,2911,3038,127,True
17,549,2911,3038,127,True
23,588,2911,3038,127,True
27,594,2911,3038,127,True
34,567,2911,3038,127,True
35,590,2911,2963,52,True
40,645,2911,3038,127,True
41,594,2911,3038,127,True
62,569,2911,3006,95,True
63,611,2911,3015,104,True
69,613,2911,3015,104,True
75,587,2911,3015,104,True
79,535,2911,2998,87,True
85,577,2911,2998,87,True
90,590,2911,3006,95,True
98,570,2911,2998,87,True
9,613,2912,3038,126,True
12,583,2912,3038,126,True
15,579,2912,2998,86,True
26,574,2912,3038,126,True
36,596,2912,3038,126,True
40,646,2912,3038,126,True
42,613,2912,2963,51,True
57,569,2912,3006,94,True
62,570,2912,3006,94,True
67,555,2912,3006,94,True
72,583,2912,2998,86,True
81,531,2912,3015,103,True
85,578,2912,2998,86,True
87,559,2912,3006,94,True
91,575,2912,3015,103,True
95,591,2912,2998,86,True
97,563,2912,3015,103,True
98,571,2912,2998,86,True
1,586,2913,3038,125,True
6,584,2913,3038,125,True
10,576,2913,3038,125,True
12,584,2913,3038,125,True
13,588,2913,2963,50,True
15,580,2913,2998,85,True
18,575,2913,3038,125,True
19,561,2913,3038,125,True
21,571,2913,3038,125,True
24,546,2913,3038,125,True
29,563,2913,3038,125,True
36,597,2913,3038,125,True
37,567,2913,3038,125,True
47,546,2913,3038,125,True
51,580,2913,3015,102,True
54,634,2913,3006,93,True
59,593,2913,3006,93,True
63,612,2913,3015,102,True
75,588,2913,3015,102,True
79,536,2913,2998,85,True
86,585,2913,2998,85,True
88,602,2913,3059,146,True
94,581,2913,3015,102,True
95,592,2913,2998,85,True
3,605,2914,3038,124,True
12,585,2914,3038,124,True
20,563,2914,2998,84,True
31,607,2914,3038,124,True
32,589,2914,3038,124,True
35,591,2914,2963,49,True
36,598,2914,3038,124,True
41,595,2914,3038,124,True
45,540,2914,2998,84,True
46,579,2914,3038,124,True
47,547,2914,3038,124,True
52,565,2914,,,False
60,559,2914,3006,92,True
66,570,2914,3015,101,True
67,556,2914,3006,92,True
72,584,2914,2998,84,True
77,576,2914,3006,92,True
78,599,2914,3015,101,True
82,586,2914,3015,101,True
83,563,2914,3015,101,True
87,560,2914,3006,92,True
95,593,2914,2998,84,True
98,572,2914,2998,84,True
1,587,2915,3038,123,True
6,585,2915,3038,123,True
10,577,2915,3038,123,True
11,569,2915,3038,123,True
17,550,2915,3038,123,True
24,547,2915,3038,123,True
25,579,2915,2963,48,True
29,564,2915,3038,123,True
33,579,2915,3038,123,True
34,568,2915,3038,123,True
36,599,2915,3038,123,True
52,566,2915,,,False
57,570,2915,3006,91,True
58,580,2915,3006,91,True
65,578,2915,3006,91,True
68,593,2915,3015,100,True
69,614,2915,3015,100,True
71,589,2915,3015,100,True
72,585,2915,2998,83,True
86,586,2915,2998,83,True
88,603,2915,3059,144,True
95,594,2915,2998,83,True
99,571,2915,3006,91,True
10,578,2916,3038,122,True
13,589,2916,3038,122,True
24,548,2916,3038,122,True
25,580,2916,3038,122,True
45,541,2916,2998,82,True
46,580,2916,3038,122,True
51,581,2916,3015,99,True
55,537,2916,3015,99,True
62,571,2916,3015,99,True
65,579,2916,3006,90,True
68,594,2916,3015,99,True
75,589,2916,3015,99,True
76,596,2916,3006,90,True
80,618,2916,3015,99,True
86,587,2916,2998,82,True
87,561,2916,3006,90,True
91,576,2916,3015,99,True
93,570,2916,3006,90,True
94,582,2916,3015,99,True
95,595,2916,2998,82,True
98,573,2916,2998,82,True
0,627,2917,3038,121,True
11,570,2917,3038,121,True
12,586,2917,3038,121,True
17,551,2917,3038,121,True
18,576,2917,3038,121,True
21,572,2917,3038,121,True
25,581,2917,3038,121,True
42,614,2917,3038,121,True
46,581,2917,3038,121,True
47,548,2917,3038,121,True
48,603,2917,3038,121,True
49,597,2917,3038,121,True
55,538,2917,3015,98,True
57,571,2917,3006,89,True
61,588,2917,2998,81,True
64,608,2917,2998,81,True
86,588,2917,2998,81,True
1,588,2918,3038,120,True
2,609,2918,3038,120,True
3,606,2918,3038,120,True
4,588,2918,3038,120,True
9,614,2918,3038,120,True
14,589,2918,3038,120,True
15,581,2918,3038,120,True
16,616,2918,3038,120,True
22,608,2918,3038,120,True
25,582,2918,3038,120,True
36,600,2918,3038,120,True
37,568,2918,3038,120,True
43,550,2918,3038,120,True
54,635,2918,3006,88,True
56,581,2918,3006,88,True
58,581,2918,3006,88,True
65,580,2918,3006,88,True
70,593,2918,3006,88,True
76,597,2918,3006,88,True
80,619,2918,3015,97,True
81,532,2918,3015,97,True
83,564,2918,3015,97,True
84,588,2918,3006,88,True
90,591,2918,3015,97,True
93,571,2918,3006,88,True
5,573,2919,3038,119,True
12,587,2919,3038,119,True
14,590,2919,3038,119,True
24,549,2919,3038,119,True
30,596,2919,3038,119,True
36,601,2919,3038,119,True
45,542,2919,2998,79,True
48,604,2919,3038,119,True
50,574,2919,2998,79,True
67,557,2919,3015,96,True
68,595,2919,3015,96,True
69,615,2919,3015,96,True
72,586,2919,2998,79,True
77,577,2919,3006,87,True
82,587,2919,3015,96,True
83,565,2919,3015,96,True
92,622,2919,3015,96,True
97,564,2919,3015,96,True
1,589,2920,3038,118,True
9,615,2920,3038,118,True
18,577,2920,3038,118,True
56,582,2920,3006,86,True
58,582,2920,3006,86,True
64,609,2920,2998,78,True
71,590,2920,3015,95,True
77,578,2920,3006,86,True
84,589,2920,3006,86,True
92,623,2920,3015,95,True
93,572,2920,3006,86,True
97,565,2920,3015,95,True
2,610,2921,3038,117,True
16,617,2921,3038,117,True
31,608,2921,3038,117,True
34,569,2921,3038,117,True
35,592,2921,3038,117,True
38,564,2921,3038,117,True
44,602,2921,3038,117,True
45,543,2921,2998,77,True
51,582,2921,3015,94,True
58,583,2921,3006,85,True
60,560,2921,3015,94,True
69,616,2921,3015,94,True
70,594,2921,3006,85,True
71,591,2921,3015,94,True
76,598,2921,3006,85,True
87,562,2921,3006,85,True
88,604,2921,3059,138,True
90,592,2921,3015,94,True
1,590,2922,3038,116,True
2,611,2922,3038,116,True
3,607,2922,3038,116,True
4,589,2922,3038,116,True
6,586,2922,3038,116,True
16,618,2922,3038,116,True
20,564,2922,2998,76,True
21,573,2922,3038,116,True
32,590,2922,3038,116,True
39,561,2922,3038,116,True
46,582,2922,3038,116,True
48,605,2922,3038,116,True
50,575,2922,3006,84,True
57,572,2922,3006,84,True
62,572,2922,3015,93,True
63,613,2922,3015,93,True
64,610,2922,2998,76,True
74,593,2922,3006,84,True
78,600,2922,3015,93,True
80,620,2922,3015,93,True
94,583,2922,3015,93,True
3,608,2923,3038,115,True
9,616,2923,3038,115,True
13,590,2923,3038,115,True
15,582,2923,3038,115,True
17,552,2923,3038,115,True
26,575,2923,3038,115,True
29,565,2923,3038,115,True
32,591,2923,3038,115,True
34,570,2923,3038,115,True
48,606,2923,3038,115,True
52,567,2923,,,False
54,636,2923,3015,92,True
63,614,2923,3015,92,True
66,571,2923,3015,92,True
73,566,2923,3006,83,True
86,589,2923,3006,83,True
88,605,2923,3059,136,True
89,568,2923,3015,92,True
93,573,2923,3059,136,True
95,596,2923,3015,92,True
3,609,2924,3038,114,True
4,590,2924,3038,114,True
5,574,2924,3038,114,True
9,617,2924,3038,114,True
15,583,2924,3038,114,True
16,619,2924,3038,114,True
24,550,2924,3038,114,True
29,566,2924,3038,114,True
34,571,2924,3038,114,True
41,596,2924,3038,114,True
44,603,2924,3038,114,True
51,583,2924,3015,91,True
55,539,2924,3015,91,True
60,561,2924,3015,91,True
63,615,2924,3015,91,True
73,567,2924,3006,82,True
75,590,2924,3015,91,True
80,621,2924,3015,91,True
81,533,2924,3015,91,True
93,574,2924,3059,135,True
94,584,2924,3015,91,True
96,548,2924,3128,204,True
97,566,2924,3015,91,True
99,572,2924,3006,82,True
3,610,2925,3038,113,True
4,591,2925,3038,113,True
6,587,2925,3038,113,True
8,573,2925,3038,113,True
12,588,2925,3038,113,True
23,589,2925,3038,113,True
26,576,2925,3038,113,True
28,586,2925,3038,113,True
31,609,2925,3038,113,True
33,580,2925,3038,113,True
34,572,2925,3038,113,True
38,565,2925,3038,113,True
40,647,2925,3038,113,True
49,598,2925,3038,113,True
52,568,2925,,,False
53,570,2925,3015,90,True
55,540,2925,3015,90,True
56,583,2925,3006,81,True
57,573,2925,3006,81,True
60,562,2925,3015,90,True
62,573,2925,3015,90,True
63,616,2925,3015,90,True
68,596,2925,3015,90,True
69,617,2925,3015,90,True
78,601,2925,3015,90,True
82,588,2925,3015,90,True
8,574,2926,3038,112,True
16,620,2926,3038,112,True
21,574,2926,3038,112,True
24,551,2926,3038,112,True
29,567,2926,3038,112,True
33,581,2926,3038,112,True
34,573,2926,3038,112,True
43,551,2926,3038,112,True
47,549,2926,3038,112,True
51,584,2926,3015,89,True
56,584,2926,3006,80,True
63,617,2926,3015,89,True
64,611,2926,3006,80,True
68,597,2926,3015,89,True
72,587,2926,3006,80,True
82,589,2926,3015,89,True
83,566,2926,3015,89,True
88,606,2926,3059,133,True
98,574,2926,2998,72,True
2,612,2927,3038,111,True
4,592,2927,3038,111,True
9,618,2927,3038,111,True
12,589,2927,3038,111,True
14,591,2927,3038,111,True
18,578,2927,3038,111,True
22,609,2927,3038,111,True
23,590,2927,3038,111,True
24,552,2927,3038,111,True
32,592,2927,3038,111,True
38,566,2927,3038,111,True
42,615,2927,3038,111,True
48,607,2927,3038,111,True
52,569,2927,,,False
58,584,2927,3006,79,True
59,594,2927,3015,88,True
65,581,2927,3006,79,True
68,598,2927,3015,88,True
69,618,2927,3015,88,True
70,595,2927,3006,79,True
76,599,2927,3006,79,True
81,534,2927,3015,88,True
89,569,2927,3015,88,True
93,575,2927,3059,132,True
3,611,2928,3038,110,True
7,559,2928,3038,110,True
9,619,2928,3038,110,True
10,579,2928,3038,110,True
15,584,2928,3038,110,True
18,579,2928,3038,110,True
24,553,2928,3038,110,True
25,583,2928,3038,110,True
27,595,2928,3038,110,True
31,610,2928,3038,110,True
32,593,2928,3038,110,True
39,562,2928,3038,110,True
40,648,2928,3038,110,True
41,597,2928,3038,110,True
44,604,2928,3038,110,True
47,550,2928,3038,110,True
57,574,2928,3006,78,True
59,595,2928,3015,87,True
66,572,2928,3015,87,True
70,596,2928,3006,78,True
74,594,2928,3059,131,True
75,591,2928,3015,87,True
78,602,2928,3015,87,True
79,537,2928,3006,78,True
80,622,2928,3015,87,True
86,590,2928,3006,78,True
99,573,2928,3015,87,True
4,593,2929,3038,109,True
17,553,2929,3038,109,True
19,562,2929,3038,109,True
23,591,2929,3038,109,True
31,611,2929,3038,109,True
44,605,2929,3038,109,True
45,544,2929,3038,109,True
49,599,2929,3038,109,True
61,589,2929,2998,69,True
66,573,2929,3015,86,True
67,558,2929,3059,130,True
68,599,2929,3015,86,True
72,588,2929,3006,77,True
74,595,2929,3059,130,True
88,607,2929,3059,130,True
90,593,2929,3015,86,True
96,549,2929,3128,199,True
99,574,2929,3015,86,True
0,628,2930,3038,108,True
2,613,2930,3038,108,True
5,575,2930,3038,108,True
13,591,2930,3038,108,True
19,563,2930,3038,108,True
20,565,2930,3038,108,True
21,575,2930,3038,108,True
38,567,2930,3038,108,True
43,552,2930,3038,108,True
48,608,2930,3038,108,True
50,576,2930,3006,76,True
53,571,2930,3015,85,True
57,575,2930,3006,76,True
69,619,2930,3015,85,True
75,592,2930,3015,85,True
78,603,2930,3015,85,True
86,591,2930,3006,76,True
90,594,2930,3015,85,True
11,571,2931,3038,107,True
12,590,2931,3038,107,True
23,592,2931,3038,107,True
24,554,2931,3038,107,True
29,568,2931,3038,107,True
31,612,2931,3038,107,True
32,594,2931,3038,107,True
34,574,2931,3038,107,True
46,583,2931,3038,107,True
49,600,2931,3038,107,True
51,585,2931,3015,84,True
53,572,2931,3015,84,True
56,585,2931,3015,84,True
57,576,2931,3006,75,True
63,618,2931,3015,84,True
66,574,2931,3015,84,True
68,600,2931,3015,84,True
73,568,2931,3006,75,True
74,596,2931,3059,128,True
86,592,2931,3006,75,True
87,563,2931,3057,126,True
89,570,2931,3059,128,True
97,567,2931,3015,84,True
99,575,2931,3015,84,True
0,629,2932,3038,106,True
2,614,2932,3038,106,True
12,591,2932,3038,106,True
15,585,2932,3038,106,True
26,577,2932,3038,106,True
34,575,2932,3038,106,True
39,563,2932,3038,106,True
40,649,2932,3038,106,True
42,616,2932,3038,106,True
56,586,2932,3015,83,True
57,577,2932,3006,74,True
60,563,2932,3015,83,True
71,592,2932,3015,83,True
81,535,2932,3015,83,True
85,579,2932,3006,74,True
90,595,2932,3015,83,True
91,577,2932,3015,83,True
92,624,2932,3015,83,True
1,591,2933,3038,105,True
8,575,2933,3038,105,True
11,572,2933,3038,105,True
30,597,2933,3038,105,True
38,568,2933,3038,105,True
44,606,2933,3061,128,True
45,545,2933,3038,105,True
59,596,2933,3015,82,True
62,574,2933,3015,82,True
66,575,2933,3015,82,True
67,559,2933,3059,126,True
68,601,2933,3015,82,True
70,597,2933,3006,73,True
72,589,2933,3006,73,True
75,593,2933,3015,82,True
76,600,2933,3006,73,True
77,579,2933,3128,195,True
86,593,2933,3006,73,True
94,585,2933,3015,82,True
95,597,2933,3015,82,True
97,568,2933,3015,82,True
1,592,2934,3038,104,True
4,594,2934,3038,104,True
12,592,2934,3038,104,True
21,576,2934,3038,104,True
22,610,2934,3038,104,True
29,569,2934,3061,127,True
33,582,2934,3038,104,True
35,593,2934,3038,104,True
43,553,2934,3038,104,True
48,609,2934,3038,104,True
49,601,2934,3038,104,True
53,573,2934,3015,81,True
54,637,2934,3015,81,True
59,597,2934,3015,81,True
60,564,2934,3015,81,True
71,593,2934,3015,81,True
88,608,2934,3059,125,True
89,571,2934,3059,125,True
91,578,2934,3015,81,True
92,625,2934,3015,81,True
99,576,2934,3015,81,True
6,588,2935,3038,103,True
16,621,2935,3038,103,True
32,595,2935,3038,103,True
33,583,2935,3038,103,True
40,650,2935,3038,103,True
44,607,2935,3061,126,True
64,612,2935,3006,71,True
73,569,2935,3057,122,True
75,594,2935,3015,80,True
77,580,2935,3128,193,True
79,538,2935,3006,71,True
94,586,2935,3015,80,True
98,575,2935,3015,80,True
4,595,2936,3038,102,True
7,560,2936,3038,102,True
20,566,2936,3038,102,True
22,611,2936,3038,102,True
26,578,2936,3038,102,True
34,576,2936,3038,102,True
38,569,2936,3038,102,True
40,651,2936,3038,102,True
43,554,2936,3038,102,True
54,638,2936,3015,79,True
55,541,2936,3015,79,True
56,587,2936,3015,79,True
64,613,2936,3006,70,True
65,582,2936,3006,70,True
77,581,2936,3128,192,True
82,590,2936,3015,79,True
84,590,2936,3015,79,True
90,596,2936,3015,79,True
94,587,2936,3015,79,True
4,596,2937,3038,101,True
10,580,2937,3038,101,True
18,580,2937,3038,101,True
21,577,2937,3038,101,True
22,612,2937,3038,101,True
27,596,2937,3038,101,True
29,570,2937,3061,124,True
30,598,2937,3038,101,True
41,598,2937,3038,101,True
43,555,2937,3038,101,True
44,608,2937,3061,124,True
53,574,2937,3015,78,True
54,639,2937,3015,78,True
66,576,2937,3015,78,True
69,620,2937,3015,78,True
70,598,2937,3006,69,True
77,582,2937,3128,191,True
78,604,2937,3015,78,True
81,536,2937,3015,78,True
87,564,2937,3057,120,True
92,626,2937,3015,78,True
99,577,2937,3015,78,True
14,592,2938,3038,100,True
17,554,2938,3038,100,True
25,584,2938,3038,100,True
27,597,2938,3038,100,True
29,571,2938,3061,123,True
33,584,2938,3038,100,True
37,569,2938,3038,100,True
39,564,2938,3038,100,True
46,584,2938,3038,100,True
49,602,2938,3038,100,True
53,575,2938,3015,77,True
57,578,2938,3006,68,True
61,590,2938,3038,100,True
63,619,2938,3015,77,True
64,614,2938,3006,68,True
71,594,2938,3015,77,True
87,565,2938,3057,119,True
88,609,2938,3059,121,True
94,588,2938,3015,77,True
97,569,2938,3015,77,True
98,576,2938,3015,77,True
24,555,2939,3038,99,True
30,599,2939,3038,99,True
32,596,2939,3038,99,True
35,594,2939,3038,99,True
47,551,2939,3038,99,True
50,577,2939,3006,67,True
53,576,2939,3015,76,True
54,640,2939,3015,76,True
55,542,2939,3015,76,True
60,565,2939,3015,76,True
61,591,2939,3038,99,True
65,583,2939,3006,67,True
72,590,2939,3006,67,True
77,583,2939,3128,189,True
84,591,2939,3015,76,True
85,580,2939,3057,118,True
87,566,2939,3057,118,True
91,579,2939,3015,76,True
92,627,2939,3015,76,True
3,612,2940,3038,98,True
4,597,2940,3038,98,True
8,576,2940,3038,98,True
14,593,2940,3038,98,True
18,581,2940,3038,98,True
21,578,2940,3038,98,True
26,579,2940,3038,98,True
27,598,2940,3038,98,True
28,587,2940,3038,98,True
29,572,2940,3061,121,True
30,600,2940,3038,98,True
31,613,2940,3038,98,True
41,599,2940,3038,98,True
42,617,2940,3038,98,True
46,585,2940,3038,98,True
62,575,2940,3015,75,True
65,584,2940,3006,66,True
66,577,2940,3015,75,True
72,591,2940,3006,66,True
76,601,2940,3057,117,True
85,581,2940,3057,117,True
91,580,2940,3015,75,True
0,630,2941,3061,120,True
6,589,2941,3038,97,True
8,577,2941,3038,97,True
9,620,2941,3038,97,True
11,573,2941,3038,97,True
14,594,2941,3038,97,True
15,586,2941,3038,97,True
23,593,2941,3038,97,True
27,599,2941,3038,97,True
39,565,2941,3038,97,True
40,652,2941,3038,97,True
64,615,2941,3006,65,True
67,560,2941,3059,118,True
73,570,2941,3057,116,True
74,597,2941,3059,118,True
85,582,2941,3057,116,True
86,594,2941,3006,65,True
94,589,2941,3015,74,True
1,593,2942,3038,96,True
4,598,2942,3038,96,True
15,587,2942,3038,96,True
22,613,2942,3038,96,True
33,585,2942,3038,96,True
51,586,2942,3015,73,True
57,579,2942,3038,96,True
60,566,2942,3015,73,True
63,620,2942,3015,73,True
73,571,2942,3057,115,True
90,597,2942,3015,73,True
91,581,2942,3015,73,True
93,576,2942,3059,117,True
96,550,2942,3128,186,True
4,599,2943,3038,95,True
21,579,2943,3061,118,True
33,586,2943,3038,95,True
45,546,2943,3038,95,True
59,598,2943,3015,72,True
68,602,2943,3015,72,True
70,599,2943,3006,63,True
72,592,2943,3006,63,True
74,598,2943,3059,116,True
88,610,2943,3059,116,True
92,628,2943,3015,72,True
98,577,2943,3015,72,True
21,580,2944,3061,117,True
32,597,2944,3038,94,True
33,587,2944,3038,94,True
36,602,2944,3038,94,True
37,570,2944,3038,94,True
55,543,2944,3015,71,True
69,621,2944,3015,71,True
72,593,2944,3006,62,True
75,595,2944,3057,113,True
78,605,2944,3015,71,True
97,570,2944,3015,71,True
0,631,2945,3061,116,True
1,594,2945,3038,93,True
6,590,2945,3097,152,True
8,578,2945,3038,93,True
10,581,2945,3038,93,True
12,593,2945,3038,93,True
14,595,2945,3038,93,True
21,581,2945,3061,116,True
22,614,2945,3038,93,True
25,585,2945,3038,93,True
28,588,2945,3038,93,True
35,595,2945,3038,93,True
44,609,2945,3061,116,True
47,552,2945,3038,93,True
58,585,2945,3057,112,True
65,585,2945,3006,61,True
78,606,2945,3015,70,True
80,623,2945,3038,93,True
86,595,2945,3006,61,True
88,611,2945,3059,114,True
0,632,2946,3061,115,True
1,595,2946,3038,92,True
9,621,2946,3038,92,True
16,622,2946,3038,92,True
20,567,2946,3038,92,True
30,601,2946,3038,92,True
36,603,2946,3038,92,True
38,570,2946,3038,92,True
40,653,2946,3038,92,True
42,618,2946,3038,92,True
43,556,2946,3038,92,True
45,547,2946,3086,140,True
47,553,2946,3038,92,True
55,544,2946,3015,69,True
62,576,2946,3059,113,True
65,586,2946,3006,60,True
68,603,2946,3015,69,True
69,622,2946,3059,113,True
70,600,2946,3006,60,True
76,602,2946,3057,111,True
82,591,2946,3015,69,True
85,583,2946,3057,111,True
87,567,2946,3059,113,True
99,578,2946,3059,113,True
2,615,2947,3038,91,True
10,582,2947,3038,91,True
17,555,2947,3038,91,True
18,582,2947,3038,91,True
19,564,2947,3038,91,True
26,580,2947,3038,91,True
27,600,2947,3038,91,True
28,589,2947,3038,91,True
34,577,2947,3038,91,True
35,596,2947,3038,91,True
43,557,2947,3038,91,True
47,554,2947,3038,91,True
52,570,2947,,,False
56,588,2947,3057,110,True
59,599,2947,3015,68,True
71,595,2947,3059,112,True
74,599,2947,3059,112,True
87,568,2947,3059,112,True
5,576,2948,3086,138,True
10,583,2948,3038,90,True
11,574,2948,3038,90,True
15,588,2948,3038,90,True
27,601,2948,3038,90,True
35,597,2948,3038,90,True
36,604,2948,3038,90,True
42,619,2948,3038,90,True
43,558,2948,3038,90,True
45,548,2948,3086,138,True
50,578,2948,3006,58,True
73,572,2948,3057,109,True
77,584,2948,3128,180,True
83,567,2948,3128,180,True
84,592,2948,3015,67,True
86,596,2948,3006,58,True
87,569,2948,3059,111,True
99,579,2948,3059,111,True
19,565,2949,3038,89,True
20,568,2949,3038,89,True
22,615,2949,3038,89,True
33,588,2949,3038,89,True
34,578,2949,3038,89,True
38,571,2949,3038,89,True
40,654,2949,3038,89,True
41,600,2949,3061,112,True
44,610,2949,3061,112,True
55,545,2949,3015,66,True
57,580,2949,3038,89,True
59,600,2949,3059,110,True
64,616,2949,3038,89,True
72,594,2949,3038,89,True
83,568,2949,3128,179,True
86,597,2949,3006,57,True
97,571,2949,3015,66,True
98,578,2949,3038,89,True
2,616,2950,3038,88,True
7,561,2950,3038,88,True
13,592,2950,3038,88,True
16,623,2950,3038,88,True
30,602,2950,3038,88,True
44,611,2950,3061,111,True
45,549,2950,3086,136,True
47,555,2950,3038,88,True
64,617,2950,3038,88,True
75,596,2950,3059,109,True
81,537,2950,3059,109,True
87,570,2950,3059,109,True
89,572,2950,3059,109,True
91,582,2950,3015,65,True
92,629,2950,3015,65,True
94,590,2950,3015,65,True
98,579,2950,3038,88,True
99,580,2950,3059,109,True
13,593,2951,3038,87,True
17,556,2951,3038,87,True
23,594,2951,3038,87,True
26,581,2951,3038,87,True
28,590,2951,3038,87,True
40,655,2951,3038,87,True
41,601,2951,3061,110,True
42,620,2951,3038,87,True
51,587,2951,3057,106,True
62,577,2951,3059,108,True
64,618,2951,3038,87,True
76,603,2951,3057,106,True
78,607,2951,3128,177,True
88,612,2951,3059,108,True
10,584,2952,3038,86,True
11,575,2952,3061,109,True
13,594,2952,3038,86,True
16,624,2952,3038,86,True
18,583,2952,3038,86,True
22,616,2952,3038,86,True
27,602,2952,3038,86,True
32,598,2952,3038,86,True
35,598,2952,3038,86,True
40,656,2952,3038,86,True
43,559,2952,3038,86,True
47,556,2952,3038,86,True
53,577,2952,3057,105,True
66,578,2952,3057,105,True
69,623,2952,3059,107,True
81,538,2952,3059,107,True
84,593,2952,3059,107,True
85,584,2952,3057,105,True
88,613,2952,3059,107,True
96,551,2952,3128,176,True
98,580,2952,3038,86,True
99,581,2952,3059,107,True
5,577,2953,3086,133,True
8,579,2953,3061,108,True
11,576,2953,3061,108,True
12,594,2953,3038,85,True
14,596,2953,3061,108,True
16,625,2953,3038,85,True
19,566,2953,3038,85,True
27,603,2953,3038,85,True
28,591,2953,3038,85,True
35,599,2953,3038,85,True
39,566,2953,3038,85,True
44,612,2953,3061,108,True
48,610,2953,3038,85,True
63,621,2953,3059,106,True
68,604,2953,3015,62,True
72,595,2953,3038,85,True
95,598,2953,3038,85,True
96,552,2953,3128,175,True
99,582,2953,3059,106,True
1,596,2954,3061,107,True
3,613,2954,3038,84,True
18,584,2954,3038,84,True
21,582,2954,3061,107,True
34,579,2954,3038,84,True
35,600,2954,3038,84,True
37,571,2954,3038,84,True
38,572,2954,3038,84,True
39,567,2954,3038,84,True
48,611,2954,3038,84,True
51,588,2954,3057,103,True
53,578,2954,3057,103,True
64,619,2954,3038,84,True
70,601,2954,3038,84,True
71,596,2954,3059,105,True
85,585,2954,3057,103,True
89,573,2954,3059,105,True
90,598,2954,3015,61,True
92,630,2954,3059,105,True
95,599,2954,3038,84,True
0,633,2955,3061,106,True
2,617,2955,3038,83,True
4,600,2955,3038,83,True
10,585,2955,3038,83,True
16,626,2955,3038,83,True
17,557,2955,3038,83,True
23,595,2955,3061,106,True
29,573,2955,3061,106,True
32,599,2955,3038,83,True
34,580,2955,3038,83,True
35,601,2955,3038,83,True
44,613,2955,3061,106,True
64,620,2955,3038,83,True
65,587,2955,3057,102,True
66,579,2955,3057,102,True
67,561,2955,3059,104,True
69,624,2955,3059,104,True
71,597,2955,3059,104,True
77,585,2955,3128,173,True
84,594,2955,3059,104,True
92,631,2955,3059,104,True
99,583,2955,3059,104,True
9,622,2956,3038,82,True
22,617,2956,3038,82,True
28,592,2956,3038,82,True
30,603,2956,3038,82,True
41,602,2956,3061,105,True
54,641,2956,3059,103,True
55,546,2956,3057,101,True
63,622,2956,3059,103,True
65,588,2956,3057,101,True
66,580,2956,3057,101,True
67,562,2956,3059,103,True
74,600,2956,3059,103,True
75,597,2956,3059,103,True
77,586,2956,3128,172,True
86,598,2956,3057,101,True
94,591,2956,3015,59,True
96,553,2956,3128,172,True
98,581,2956,3038,82,True
6,591,2957,3097,140,True
9,623,2957,3038,81,True
11,577,2957,3061,104,True
12,595,2957,3038,81,True
14,597,2957,3061,104,True
17,558,2957,3038,81,True
22,618,2957,3038,81,True
23,596,2957,3061,104,True
27,604,2957,3086,129,True
28,593,2957,3038,81,True
31,614,2957,3038,81,True
35,602,2957,3038,81,True
45,550,2957,3086,129,True
52,571,2957,,,False
54,642,2957,3059,102,True
57,581,2957,3038,81,True
67,563,2957,3059,102,True
74,601,2957,3059,102,True
75,598,2957,3059,102,True
76,604,2957,3057,100,True
82,592,2957,3057,100,True
86,599,2957,3057,100,True
88,614,2957,3059,102,True
92,632,2957,3059,102,True
95,600,2957,3038,81,True
99,584,2957,3059,102,True
2,618,2958,3086,128,True
16,627,2958,3038,80,True
18,585,2958,3038,80,True
32,600,2958,3038,80,True
35,603,2958,3038,80,True
42,621,2958,3038,80,True
44,614,2958,3061,103,True
45,551,2958,3086,128,True
49,603,2958,3038,80,True
52,572,2958,,,False
59,601,2958,3059,101,True
60,567,2958,3128,170,True
61,592,2958,3038,80,True
63,623,2958,3059,101,True
64,621,2958,3038,80,True
67,564,2958,3059,101,True
73,573,2958,3057,99,True
74,602,2958,3059,101,True
76,605,2958,3057,99,True
80,624,2958,3038,80,True
83,569,2958,3128,170,True
86,600,2958,3057,99,True
87,571,2958,3059,101,True
89,574,2958,3059,101,True
96,554,2958,3128,170,True
3,614,2959,3038,79,True
16,628,2959,3038,79,True
20,569,2959,3038,79,True
26,582,2959,3038,79,True
29,574,2959,3061,102,True
31,615,2959,3038,79,True
33,589,2959,3061,102,True
40,657,2959,3038,79,True
51,589,2959,3057,98,True
58,586,2959,3059,100,True
60,568,2959,3128,169,True
67,565,2959,3059,100,True
77,587,2959,3128,169,True
84,595,2959,3059,100,True
85,586,2959,3059,100,True
86,601,2959,3057,98,True
99,585,2959,3059,100,True
3,615,2960,3038,78,True
7,562,2960,3038,78,True
11,578,2960,3061,101,True
12,596,2960,3038,78,True
22,619,2960,3038,78,True
27,605,2960,3086,126,True
28,594,2960,3038,78,True
32,601,2960,3038,78,True
35,604,2960,3038,78,True
40,658,2960,3038,78,True
45,552,2960,3086,126,True
47,557,2960,3061,101,True
48,612,2960,3038,78,True
51,590,2960,3057,97,True
54,643,2960,3059,99,True
55,547,2960,3057,97,True
58,587,2960,3059,99,True
60,569,2960,3128,168,True
61,593,2960,3038,78,True
65,589,2960,3057,97,True
81,539,2960,3059,99,True
82,593,2960,3057,97,True
92,633,2960,3059,99,True
95,601,2960,3038,78,True
96,555,2960,3128,168,True
0,634,2961,3061,100,True
3,616,2961,3038,77,True
4,601,2961,3038,77,True
5,578,2961,3086,125,True
6,592,2961,3097,136,True
16,629,2961,3038,77,True
19,567,2961,3038,77,True
31,616,2961,3038,77,True
33,590,2961,3061,100,True
37,572,2961,3038,77,True
38,573,2961,3038,77,True
48,613,2961,3038,77,True
54,644,2961,3059,98,True
55,548,2961,3057,96,True
57,582,2961,3038,77,True
74,603,2961,3128,167,True
75,599,2961,3059,98,True
77,588,2961,3128,167,True
96,556,2961,3128,167,True
99,586,2961,3059,98,True
12,597,2962,3061,99,True
14,598,2962,3061,99,True
16,630,2962,3038,76,True
26,583,2962,3038,76,True
39,568,2962,3038,76,True
42,622,2962,3038,76,True
48,614,2962,3038,76,True
65,590,2962,3057,95,True
66,581,2962,3057,95,True
67,566,2962,3059,97,True
68,605,2962,3015,53,True
78,608,2962,3128,166,True
88,615,2962,3128,166,True
90,599,2962,3059,97,True
93,577,2962,3128,166,True
97,572,2962,3059,97,True
99,587,2962,3059,97,True
5,579,2963,3086,123,True
15,589,2963,3038,75,True
24,556,2963,3038,75,True
26,584,2963,3038,75,True
27,606,2963,3086,123,True
32,602,2963,3038,75,True
47,558,2963,3061,98,True
48,615,2963,3038,75,True
50,579,2963,3057,94,True
52,573,2963,,,False
53,579,2963,3128,165,True
66,582,2963,3057,94,True
70,602,2963,3057,94,True
73,574,2963,3057,94,True
74,604,2963,3128,165,True
80,625,2963,3038,75,True
88,616,2963,3128,165,True
96,557,2963,3128,165,True
1,597,2964,3061,97,True
2,619,2964,3086,122,True
14,599,2964,3061,97,True
21,583,2964,3061,97,True
24,557,2964,3038,74,True
28,595,2964,3038,74,True
29,575,2964,3061,97,True
36,605,2964,3038,74,True
38,574,2964,3038,74,True
46,586,2964,3038,74,True
56,589,2964,3059,95,True
58,588,2964,3059,95,True
59,602,2964,3059,95,True
61,594,2964,3038,74,True
63,624,2964,3059,95,True
66,583,2964,3057,93,True
68,606,2964,3038,74,True
69,625,2964,3059,95,True
71,598,2964,3059,95,True
74,605,2964,3128,164,True
75,600,2964,3059,95,True
80,626,2964,3057,93,True
88,617,2964,3128,164,True
89,575,2964,3059,95,True
93,578,2964,3128,164,True
97,573,2964,3059,95,True
1,598,2965,3061,96,True
2,620,2965,3086,121,True
25,586,2965,3086,121,True
26,585,2965,3061,96,True
28,596,2965,3038,73,True
30,604,2965,3086,121,True
34,581,2965,3038,73,True
41,603,2965,3061,96,True
47,559,2965,3061,96,True
50,580,2965,3057,92,True
55,549,2965,3057,92,True
58,589,2965,3059,94,True
60,570,2965,3128,163,True
62,578,2965,3059,94,True
63,625,2965,3059,94,True
64,622,2965,3038,73,True
73,575,2965,3057,92,True
76,606,2965,3057,92,True
89,576,2965,3059,94,True
96,558,2965,3128,163,True
97,574,2965,3059,94,True
5,580,2966,3086,120,True
10,586,2966,3086,120,True
11,579,2966,3123,157,True
13,595,2966,3038,72,True
27,607,2966,3086,120,True
29,576,2966,3061,95,True
32,603,2966,3038,72,True
38,575,2966,3038,72,True
47,560,2966,3061,95,True
48,616,2966,3038,72,True
49,604,2966,3061,95,True
51,591,2966,3057,91,True
55,550,2966,3057,91,True
56,590,2966,3059,93,True
62,579,2966,3059,93,True
63,626,2966,3059,93,True
64,623,2966,3038,72,True
67,567,2966,3059,93,True
68,607,2966,3038,72,True
70,603,2966,3057,91,True
73,576,2966,3057,91,True
74,606,2966,3128,162,True
75,601,2966,3059,93,True
77,589,2966,3128,162,True
78,609,2966,3128,162,True
91,583,2966,3059,93,True
92,634,2966,3059,93,True
93,579,2966,3128,162,True
95,602,2966,3059,93,True
2,621,2967,3086,119,True
4,602,2967,3061,94,True
5,581,2967,3086,119,True
10,587,2967,3086,119,True
11,580,2967,3123,156,True
38,576,2967,3038,71,True
39,569,2967,3038,71,True
44,615,2967,3061,94,True
63,627,2967,3059,92,True
65,591,2967,3057,90,True
82,594,2967,3057,90,True
89,577,2967,3128,161,True
94,592,2967,3059,92,True
98,582,2967,3038,71,True
4,603,2968,3061,93,True
10,588,2968,3086,118,True
29,577,2968,3061,93,True
45,553,2968,3086,118,True
48,617,2968,3086,118,True
52,574,2968,,,False
54,645,2968,3059,91,True
56,591,2968,3059,91,True
58,590,2968,3059,91,True
68,608,2968,3038,70,True
80,627,2968,3128,160,True
1,599,2969,3061,92,True
25,587,2969,3086,117,True
27,608,2969,3086,117,True
40,659,2969,3086,117,True
42,623,2969,3038,69,True
47,561,2969,3061,92,True
54,646,2969,3059,90,True
55,551,2969,3128,159,True
58,591,2969,3059,90,True
61,595,2969,3038,69,True
63,628,2969,3059,90,True
65,592,2969,3057,88,True
70,604,2969,3057,88,True
71,599,2969,3128,159,True
72,596,2969,3059,90,True
84,596,2969,3059,90,True
85,587,2969,3059,90,True
94,593,2969,3059,90,True
1,600,2970,3061,91,True
6,593,2970,3097,127,True
14,600,2970,3061,91,True
15,590,2970,3038,68,True
22,620,2970,3038,68,True
29,578,2970,3061,91,True
30,605,2970,3086,116,True
38,577,2970,3086,116,True
40,660,2970,3086,116,True
41,604,2970,3061,91,True
47,562,2970,3061,91,True
58,592,2970,3059,89,True
61,596,2970,3038,68,True
62,580,2970,3059,89,True
68,609,2970,3038,68,True
69,626,2970,3128,158,True
72,597,2970,3059,89,True
79,539,2970,3057,87,True
81,540,2970,3128,158,True
83,570,2970,3128,158,True
85,588,2970,3059,89,True
87,572,2970,3059,89,True
95,603,2970,3059,89,True
97,575,2970,3059,89,True
98,583,2970,3038,68,True
3,617,2971,3061,90,True
9,624,2971,3038,67,True
15,591,2971,3038,67,True
18,586,2971,3038,67,True
19,568,2971,3038,67,True
28,597,2971,3086,115,True
29,579,2971,3061,90,True
33,591,2971,3061,90,True
34,582,2971,3038,67,True
41,605,2971,3061,90,True
51,592,2971,3057,86,True
53,580,2971,3128,157,True
57,583,2971,3038,67,True
67,568,2971,3059,88,True
78,610,2971,3128,157,True
86,602,2971,3057,86,True
97,576,2971,3059,88,True
0,635,2972,3061,89,True
8,580,2972,3061,89,True
11,581,2972,3123,151,True
16,631,2972,3086,114,True
17,559,2972,3038,66,True
25,588,2972,3086,114,True
26,586,2972,3061,89,True
36,606,2972,3097,125,True
38,578,2972,3086,114,True
40,661,2972,3086,114,True
43,560,2972,3097,125,True
48,618,2972,3086,114,True
54,647,2972,3059,87,True
55,552,2972,3128,156,True
66,584,2972,3128,156,True
67,569,2972,3059,87,True
70,605,2972,3057,85,True
74,607,2972,3128,156,True
75,602,2972,3059,87,True
80,628,2972,3128,156,True
81,541,2972,3128,156,True
83,571,2972,3128,156,True
96,559,2972,3128,156,True
0,636,2973,3061,88,True
17,560,2973,3038,65,True
23,597,2973,3061,88,True
27,609,2973,3086,113,True
34,583,2973,3086,113,True
37,573,2973,3097,124,True
38,579,2973,3086,113,True
47,563,2973,3061,88,True
48,619,2973,3086,113,True
50,581,2973,3057,84,True
51,593,2973,3057,84,True
54,648,2973,3059,86,True
62,581,2973,3059,86,True
68,610,2973,3057,84,True
69,627,2973,3128,155,True
76,607,2973,3057,84,True
83,572,2973,3128,155,True
84,597,2973,3059,86,True
91,584,2973,3059,86,True
92,635,2973,3059,86,True
96,560,2973,3128,155,True
98,584,2973,3038,65,True
99,588,2973,3059,86,True
7,563,2974,3086,112,True
16,632,2974,3086,112,True
21,584,2974,3061,87,True
22,621,2974,3038,64,True
24,558,2974,3086,112,True
27,610,2974,3086,112,True
31,617,2974,3038,64,True
36,607,2974,3097,123,True
41,606,2974,3061,87,True
47,564,2974,3061,87,True
52,575,2974,,,False
59,603,2974,3059,85,True
60,571,2974,3128,154,True
68,611,2974,3057,83,True
73,577,2974,3059,85,True
77,590,2974,3128,154,True
81,542,2974,3128,154,True
85,589,2974,3059,85,True
93,580,2974,3128,154,True
98,585,2974,3057,83,True
99,589,2974,3059,85,True
18,587,2975,3038,63,True
25,589,2975,3086,111,True
40,662,2975,3086,111,True
53,581,2975,3128,153,True
54,649,2975,3059,84,True
71,600,2975,3128,153,True
73,578,2975,3059,84,True
78,611,2975,3128,153,True
79,540,2975,3057,82,True
86,603,2975,3057,82,True
87,573,2975,3059,84,True
88,618,2975,3167,192,True
89,578,2975,3128,153,True
91,585,2975,3059,84,True
96,561,2975,3128,153,True
3,618,2976,3061,85,True
5,582,2976,3086,110,True
9,625,2976,3086,110,True
18,588,2976,3038,62,True
20,570,2976,3038,62,True
24,559,2976,3086,110,True
26,587,2976,3061,85,True
41,607,2976,3061,85,True
43,561,2976,3097,121,True
50,582,2976,3059,83,True
62,582,2976,3128,152,True
63,629,2976,3128,152,True
71,601,2976,3128,152,True
82,595,2976,3128,152,True
90,600,2976,3059,83,True
92,636,2976,3059,83,True
98,586,2976,3057,81,True
0,637,2977,3061,84,True
1,601,2977,3061,84,True
16,633,2977,3097,120,True
21,585,2977,3061,84,True
31,618,2977,3038,61,True
33,592,2977,3123,146,True
35,605,2977,3038,61,True
39,570,2977,3097,120,True
44,616,2977,3097,120,True
46,587,2977,3086,109,True
57,584,2977,3059,82,True
59,604,2977,3059,82,True
75,603,2977,3059,82,True
76,608,2977,3059,82,True
80,629,2977,3128,151,True
85,590,2977,3059,82,True
8,581,2978,3061,83,True
10,589,2978,3097,119,True
11,582,2978,3123,145,True
15,592,2978,3038,60,True
20,571,2978,3038,60,True
26,588,2978,3061,83,True
28,598,2978,3086,108,True
29,580,2978,3061,83,True
42,624,2978,3061,83,True
47,565,2978,3061,83,True
51,594,2978,3059,81,True
52,576,2978,,,False
56,592,2978,3059,81,True
57,585,2978,3059,81,True
59,605,2978,3059,81,True
61,597,2978,3038,60,True
62,583,2978,3128,150,True
71,602,2978,3128,150,True
76,609,2978,3059,81,True
78,612,2978,3128,150,True
89,579,2978,3128,150,True
94,594,2978,3059,81,True
97,577,2978,3059,81,True
99,590,2978,3059,81,True
0,638,2979,3061,82,True
7,564,2979,3086,107,True
22,622,2979,3038,59,True
25,590,2979,3086,107,True
28,599,2979,3086,107,True
38,580,2979,3086,107,True
40,663,2979,3086,107,True
57,586,2979,3059,80,True
75,604,2979,3059,80,True
77,591,2979,3128,149,True
82,596,2979,3128,149,True
84,598,2979,3128,149,True
92,637,2979,3059,80,True
2,622,2980,3086,106,True
6,594,2980,3097,117,True
10,590,2980,3097,117,True
11,583,2980,3123,143,True
16,634,2980,3097,117,True
26,589,2980,3061,81,True
40,664,2980,3086,106,True
42,625,2980,3061,81,True
45,554,2980,3086,106,True
49,605,2980,3061,81,True
52,577,2980,,,False
57,587,2980,3059,79,True
59,606,2980,3059,79,True
65,593,2980,3057,77,True
66,585,2980,3128,148,True
68,612,2980,3059,79,True
74,608,2980,3128,148,True
80,630,2980,3128,148,True
90,601,2980,3059,79,True
92,638,2980,3059,79,True
95,604,2980,3059,79,True
99,591,2980,3128,148,True
1,602,2981,3061,80,True
8,582,2981,3061,80,True
11,584,2981,3123,142,True
30,606,2981,3086,105,True
43,562,2981,3097,116,True
68,613,2981,3059,78,True
80,631,2981,3128,147,True
84,599,2981,3128,147,True
97,578,2981,3059,78,True
1,603,2982,3061,79,True
3,619,2982,3086,104,True
9,626,2982,3086,104,True
12,598,2982,3061,79,True
19,569,2982,3086,104,True
22,623,2982,3038,56,True
25,591,2982,3086,104,True
28,600,2982,3086,104,True
31,619,2982,3038,56,True
48,620,2982,3086,104,True
55,553,2982,3128,146,True
58,593,2982,3059,77,True
63,630,2982,3128,146,True
64,624,2982,3057,75,True
81,543,2982,3128,146,True
83,573,2982,3128,146,True
86,604,2982,3059,77,True
97,579,2982,3059,77,True
6,595,2983,3097,114,True
9,627,2983,3086,103,True
11,585,2983,3123,140,True
19,570,2983,3086,103,True
21,586,2983,3061,78,True
23,598,2983,3061,78,True
25,592,2983,3086,103,True
26,590,2983,3061,78,True
34,584,2983,3086,103,True
35,606,2983,3038,55,True
37,574,2983,3097,114,True
42,626,2983,3061,78,True
45,555,2983,3086,103,True
52,578,2983,,,False
59,607,2983,3128,145,True
64,625,2983,3057,74,True
65,594,2983,3059,76,True
78,613,2983,3128,145,True
90,602,2983,3128,145,True
97,580,2983,3059,76,True
6,596,2984,3097,113,True
7,565,2984,3086,102,True
12,599,2984,3061,77,True
13,596,2984,3086,102,True
18,589,2984,3086,102,True
22,624,2984,3097,113,True
31,620,2984,3086,102,True
34,585,2984,3086,102,True
38,581,2984,3086,102,True
47,566,2984,3061,77,True
48,621,2984,3097,113,True
49,606,2984,3061,77,True
50,583,2984,3059,75,True
57,588,2984,3059,75,True
66,586,2984,3128,144,True
72,598,2984,3059,75,True
75,605,2984,3128,144,True
77,592,2984,3128,144,True
81,544,2984,3128,144,True
90,603,2984,3128,144,True
95,605,2984,3059,75,True
1,604,2985,3061,76,True
4,604,2985,3086,101,True
11,586,2985,3123,138,True
12,600,2985,3061,76,True
14,601,2985,3061,76,True
18,590,2985,3086,101,True
23,599,2985,3061,76,True
24,560,2985,3097,112,True
26,591,2985,3061,76,True
27,611,2985,3086,101,True
35,607,2985,3086,101,True
39,571,2985,3097,112,True
60,572,2985,3128,143,True
69,628,2985,3128,143,True
71,603,2985,3128,143,True
74,609,2985,3128,143,True
86,605,2985,3059,74,True
96,562,2985,3128,143,True
97,581,2985,3059,74,True
1,605,2986,3061,75,True
12,601,2986,3061,75,True
17,561,2986,3097,111,True
20,572,2986,3038,52,True
21,587,2986,3061,75,True
24,561,2986,3097,111,True
40,665,2986,3097,111,True
41,608,2986,3061,75,True
50,584,2986,3059,73,True
53,582,2986,3128,142,True
55,554,2986,3128,142,True
56,593,2986,3059,73,True
65,595,2986,3059,73,True
70,606,2986,3057,71,True
78,614,2986,3128,142,True
81,545,2986,3128,142,True
90,604,2986,3128,142,True
93,581,2986,3128,142,True
94,595,2986,3128,142,True
95,606,2986,3128,142,True
98,587,2986,3059,73,True
1,606,2987,3061,74,True
16,635,2987,3097,110,True
17,562,2987,3097,110,True
19,571,2987,3086,99,True
25,593,2987,3086,99,True
31,621,2987,3086,99,True
40,666,2987,3097,110,True
42,627,2987,3097,110,True
46,588,2987,3086,99,True
58,594,2987,3059,72,True
60,573,2987,3128,141,True
63,631,2987,3128,141,True
72,599,2987,3059,72,True
81,546,2987,3128,141,True
82,597,2987,3128,141,True
89,580,2987,3128,141,True
6,597,2988,3097,109,True
17,563,2988,3097,109,True
26,592,2988,3086,98,True
29,581,2988,3061,73,True
36,608,2988,3097,109,True
38,582,2988,3086,98,True
44,617,2988,3097,109,True
50,585,2988,3059,71,True
51,595,2988,3059,71,True
53,583,2988,3128,140,True
54,650,2988,3128,140,True
64,626,2988,3057,69,True
68,614,2988,3059,71,True
73,579,2988,3059,71,True
86,606,2988,3059,71,True
90,605,2988,3128,140,True
93,582,2988,3167,179,True
96,563,2988,3128,140,True
98,588,2988,3059,71,True
0,639,2989,3061,72,True
2,623,2989,3086,97,True
14,602,2989,3061,72,True
16,636,2989,3097,108,True
17,564,2989,3097,108,True
18,591,2989,3097,108,True
22,625,2989,3097,108,True
42,628,2989,3097,108,True
44,618,2989,3097,108,True
55,555,2989,3128,139,True
59,608,2989,3128,139,True
60,574,2989,3128,139,True
69,629,2989,3128,139,True
82,598,2989,3128,139,True
89,581,2989,3128,139,True
96,564,2989,3128,139,True
4,605,2990,3086,96,True
6,598,2990,3097,107,True
8,583,2990,3061,71,True
9,628,2990,3086,96,True
10,591,2990,3097,107,True
11,587,2990,3123,133,True
15,593,2990,3086,96,True
16,637,2990,3097,107,True
20,573,2990,3086,96,True
24,562,2990,3097,107,True
45,556,2990,3086,96,True
47,567,2990,3061,71,True
67,570,2990,3128,138,True
69,630,2990,3128,138,True
74,610,2990,3128,138,True
79,541,2990,3059,69,True
83,574,2990,3128,138,True
91,586,2990,3128,138,True
92,639,2990,3128,138,True
4,606,2991,3086,95,True
19,572,2991,3086,95,True
24,563,2991,3097,106,True
25,594,2991,3086,95,True
27,612,2991,3154,163,True
28,601,2991,3097,106,True
33,593,2991,3123,132,True
36,609,2991,3097,106,True
45,557,2991,3086,95,True
47,568,2991,3061,70,True
52,579,2991,,,False
53,584,2991,3128,137,True
54,651,2991,3128,137,True
55,556,2991,3167,176,True
59,609,2991,3128,137,True
82,599,2991,3128,137,True
86,607,2991,3059,68,True
89,582,2991,3128,137,True
92,640,2991,3128,137,True
93,583,2991,3167,176,True
98,589,2991,3059,68,True
2,624,2992,3086,94,True
9,629,2992,3086,94,True
13,597,2992,3086,94,True
22,626,2992,3097,105,True
28,602,2992,3097,105,True
38,583,2992,3086,94,True
40,667,2992,3097,105,True
43,563,2992,3097,105,True
53,585,2992,3128,136,True
60,575,2992,3128,136,True
86,608,2992,3059,67,True
98,590,2992,3059,67,True
0,640,2993,3061,68,True
7,566,2993,3097,104,True
9,630,2993,3086,93,True
12,602,2993,3061,68,True
13,598,2993,3086,93,True
14,603,2993,3061,68,True
16,638,2993,3097,104,True
21,588,2993,3123,130,True
32,604,2993,3097,104,True
39,572,2993,3097,104,True
40,668,2993,3097,104,True
47,569,2993,3097,104,True
51,596,2993,3128,135,True
54,652,2993,3128,135,True
61,598,2993,3057,64,True
73,580,2993,3059,66,True
76,610,2993,3063,70,True
8,584,2994,3061,67,True
11,588,2994,3123,129,True
14,604,2994,3061,67,True
19,573,2994,3086,92,True
20,574,2994,3086,92,True
21,589,2994,3123,129,True
23,600,2994,3086,92,True
29,582,2994,3123,129,True
31,622,2994,3097,103,True
37,575,2994,3097,103,True
43,564,2994,3097,103,True
44,619,2994,3097,103,True
46,589,2994,3086,92,True
47,570,2994,3097,103,True
49,607,2994,3061,67,True
54,653,2994,3128,134,True
55,557,2994,3167,173,True
60,576,2994,3128,134,True
66,587,2994,3128,134,True
69,631,2994,3128,134,True
72,600,2994,3059,65,True
74,611,2994,3128,134,True
82,600,2994,3128,134,True
83,575,2994,3128,134,True
84,600,2994,3128,134,True
90,606,2994,3128,134,True
97,582,2994,3128,134,True
98,591,2994,3059,65,True
1,607,2995,3061,66,True
10,592,2995,3097,102,True
14,605,2995,3061,66,True
20,575,2995,3086,91,True
30,607,2995,3086,91,True
32,605,2995,3097,102,True
41,609,2995,3097,102,True
45,558,2995,3086,91,True
62,584,2995,3128,133,True
75,606,2995,3128,133,True
77,593,2995,3128,133,True
84,601,2995,3128,133,True
86,609,2995,3059,64,True
88,619,2995,3167,172,True
89,583,2995,3128,133,True
90,607,2995,3128,133,True
2,625,2996,3086,90,True
4,607,2996,3086,90,True
5,583,2996,3097,101,True
18,592,2996,3097,101,True
19,574,2996,3097,101,True
23,601,2996,3097,101,True
28,603,2996,3097,101,True
30,608,2996,3086,90,True
35,608,2996,3086,90,True
41,610,2996,3097,101,True
43,565,2996,3097,101,True
45,559,2996,3086,90,True
48,622,2996,3097,101,True
53,586,2996,3128,132,True
56,594,2996,3128,132,True
59,610,2996,3128,132,True
68,615,2996,3128,132,True
69,632,2996,3128,132,True
74,612,2996,3128,132,True
79,542,2996,3059,63,True
82,601,2996,3128,132,True
87,574,2996,3128,132,True
90,608,2996,3128,132,True
92,641,2996,3128,132,True
8,585,2997,3061,64,True
23,602,2997,3097,100,True
32,606,2997,3097,100,True
42,629,2997,3097,100,True
43,566,2997,3097,100,True
53,587,2997,3128,131,True
62,585,2997,3128,131,True
63,632,2997,3128,131,True
67,571,2997,3128,131,True
76,611,2997,3063,66,True
81,547,2997,3128,131,True
84,602,2997,3128,131,True
86,610,2997,3059,62,True
89,584,2997,3128,131,True
1,608,2998,3061,63,True
4,608,2998,3086,88,True
7,567,2998,3097,99,True
11,589,2998,3123,125,True
12,603,2998,3097,99,True
26,593,2998,3097,99,True
36,610,2998,3097,99,True
38,584,2998,3097,99,True
39,573,2998,3097,99,True
44,620,2998,3097,99,True
48,623,2998,3097,99,True
51,597,2998,3128,130,True
58,595,2998,3128,130,True
73,581,2998,3059,61,True
76,612,2998,3063,65,True
78,615,2998,3167,169,True
84,603,2998,3128,130,True
0,641,2999,3061,62,True
2,626,2999,3086,87,True
7,568,2999,3097,98,True
15,594,2999,3086,87,True
24,564,2999,3097,98,True
25,595,2999,3097,98,True
32,607,2999,3097,98,True
37,576,2999,3097,98,True
39,574,2999,3097,98,True
42,630,2999,3097,98,True
49,608,2999,3097,98,True
55,558,2999,3167,168,True
56,595,2999,3128,129,True
60,577,2999,3128,129,True
71,604,2999,3128,129,True
79,543,2999,3059,60,True
80,632,2999,3128,129,True
85,591,2999,3059,60,True
87,575,2999,3128,129,True
89,585,2999,3128,129,True
90,609,2999,3128,129,True
94,596,2999,3128,129,True
95,607,2999,3128,129,True
98,592,2999,3059,60,True
99,592,2999,3128,129,True
2,627,3000,3086,86,True
3,620,3000,3097,97,True
5,584,3000,3097,97,True
8,586,3000,3097,97,True
23,603,3000,3097,97,True
31,623,3000,3097,97,True
41,611,3000,3097,97,True
53,588,3000,3128,128,True
59,611,3000,3128,128,True
63,633,3000,3128,128,True
72,601,3000,3059,59,True
74,613,3000,3128,128,True
75,607,3000,3128,128,True
77,594,3000,3128,128,True
80,633,3000,3128,128,True
83,576,3000,3128,128,True
89,586,3000,3128,128,True
92,642,3000,3128,128,True
99,593,3000,3128,128,True
1,609,3001,3061,60,True
3,621,3001,3097,96,True
6,599,3001,3097,96,True
8,587,3001,3097,96,True
11,590,3001,3123,122,True
14,606,3001,3061,60,True
35,609,3001,3086,85,True
39,575,3001,3097,96,True
41,612,3001,3097,96,True
45,560,3001,3086,85,True
46,590,3001,3097,96,True
47,571,3001,3097,96,True
48,624,3001,3097,96,True
49,609,3001,3097,96,True
51,598,3001,3128,127,True
56,596,3001,3128,127,True
57,589,3001,3061,60,True
62,586,3001,3128,127,True
66,588,3001,3128,127,True
72,602,3001,3059,58,True
77,595,3001,3128,127,True
78,616,3001,3167,166,True
81,548,3001,3128,127,True
82,602,3001,3128,127,True
85,592,3001,3059,58,True
87,576,3001,3128,127,True
96,565,3001,3128,127,True
99,594,3001,3128,127,True
3,622,3002,3097,95,True
13,599,3002,3097,95,True
14,607,3002,3061,59,True
25,596,3002,3097,95,True
26,594,3002,3097,95,True
27,613,3002,3154,152,True
35,610,3002,3086,84,True
40,669,3002,3097,95,True
41,613,3002,3097,95,True
44,621,3002,3097,95,True
50,586,3002,3059,57,True
52,580,3002,,,False
55,559,3002,3167,165,True
72,603,3002,3059,57,True
78,617,3002,3167,165,True
82,603,3002,3128,126,True
85,593,3002,3059,57,True
87,577,3002,3128,126,True
89,587,3002,3128,126,True
4,609,3003,3086,83,True
8,588,3003,3097,94,True
9,631,3003,3097,94,True
28,604,3003,3097,94,True
29,583,3003,3123,120,True
32,608,3003,3097,94,True
41,614,3003,3097,94,True
45,561,3003,3086,83,True
47,572,3003,3097,94,True
49,610,3003,3097,94,True
54,654,3003,3128,125,True
55,560,3003,3167,164,True
56,597,3003,3128,125,True
64,627,3003,3059,56,True
65,596,3003,3128,125,True
66,589,3003,3128,125,True
67,572,3003,3128,125,True
71,605,3003,3128,125,True
74,614,3003,3128,125,True
75,608,3003,3128,125,True
85,594,3003,3059,56,True
87,578,3003,3128,125,True
91,587,3003,3128,125,True
95,608,3003,3128,125,True
17,565,3004,3097,93,True
27,614,3004,3154,150,True
36,611,3004,3097,93,True
38,585,3004,3097,93,True
40,670,3004,3097,93,True
44,622,3004,3097,93,True
57,590,3004,3061,57,True
64,628,3004,3059,55,True
68,616,3004,3128,124,True
69,633,3004,3128,124,True
74,615,3004,3128,124,True
75,609,3004,3128,124,True
81,549,3004,3128,124,True
82,604,3004,3128,124,True
84,604,3004,3128,124,True
96,566,3004,3128,124,True
9,632,3005,3097,92,True
17,566,3005,3097,92,True
20,576,3005,3086,81,True
21,590,3005,3123,118,True
23,604,3005,3097,92,True
47,573,3005,3097,92,True
50,587,3005,3128,123,True
51,599,3005,3128,123,True
68,617,3005,3128,123,True
78,618,3005,3167,162,True
81,550,3005,3128,123,True
85,595,3005,3128,123,True
91,588,3005,3128,123,True
93,584,3005,3167,162,True
97,583,3005,3128,123,True
4,610,3006,3097,91,True
5,585,3006,3097,91,True
10,593,3006,3097,91,True
12,604,3006,3097,91,True
13,600,3006,3097,91,True
14,608,3006,3061,55,True
16,639,3006,3097,91,True
17,567,3006,3097,91,True
23,605,3006,3097,91,True
35,611,3006,3086,80,True
47,574,3006,3097,91,True
48,625,3006,3097,91,True
56,598,3006,3128,122,True
59,612,3006,3128,122,True
60,578,3006,3128,122,True
70,607,3006,3059,53,True
76,613,3006,3063,57,True
81,551,3006,3128,122,True
82,605,3006,3128,122,True
83,577,3006,3128,122,True
85,596,3006,3128,122,True
89,588,3006,3128,122,True
92,643,3006,3128,122,True
93,585,3006,3167,161,True
99,595,3006,3128,122,True
7,569,3007,3097,90,True
9,633,3007,3097,90,True
12,605,3007,3097,90,True
15,595,3007,3086,79,True
16,640,3007,3097,90,True
17,568,3007,3097,90,True
21,591,3007,3123,116,True
25,597,3007,3097,90,True
29,584,3007,3123,116,True
35,612,3007,3086,79,True
37,577,3007,3097,90,True
43,567,3007,3097,90,True
49,611,3007,3097,90,True
51,600,3007,3128,121,True
64,629,3007,3059,52,True
74,616,3007,3128,121,True
76,614,3007,3128,121,True
79,544,3007,3128,121,True
81,552,3007,3128,121,True
86,611,3007,3063,56,True
98,593,3007,3059,52,True
0,642,3008,3097,89,True
2,628,3008,3097,89,True
3,623,3008,3097,89,True
5,586,3008,3097,89,True
12,606,3008,3097,89,True
17,569,3008,3097,89,True
23,606,3008,3097,89,True
26,595,3008,3097,89,True
31,624,3008,3097,89,True
33,594,3008,3123,115,True
41,615,3008,3097,89,True
42,631,3008,3097,89,True
43,568,3008,3097,89,True
48,626,3008,3097,89,True
69,634,3008,3128,120,True
80,634,3008,3128,120,True
83,578,3008,3167,159,True
84,605,3008,3128,120,True
90,610,3008,3128,120,True
93,586,3008,3167,159,True
5,587,3009,3097,88,True
8,589,3009,3097,88,True
12,607,3009,3097,88,True
17,570,3009,3097,88,True
20,577,3009,3086,77,True
22,627,3009,3097,88,True
24,565,3009,3097,88,True
42,632,3009,3097,88,True
45,562,3009,3086,77,True
49,612,3009,3097,88,True
50,588,3009,3128,119,True
54,655,3009,3128,119,True
59,613,3009,3128,119,True
66,590,3009,3128,119,True
71,606,3009,3128,119,True
75,610,3009,3128,119,True
77,596,3009,3128,119,True
78,619,3009,3167,158,True
85,597,3009,3128,119,True
86,612,3009,3063,54,True
88,620,3009,3167,158,True
91,589,3009,3128,119,True
6,600,3010,3097,87,True
13,601,3010,3097,87,True
28,605,3010,3097,87,True
29,585,3010,3123,113,True
30,609,3010,3097,87,True
36,612,3010,3097,87,True
39,576,3010,3097,87,True
41,616,3010,3097,87,True
44,623,3010,3097,87,True
50,589,3010,3128,118,True
51,601,3010,3128,118,True
67,573,3010,3128,118,True
68,618,3010,3128,118,True
72,604,3010,3059,49,True
79,545,3010,3128,118,True
80,635,3010,3128,118,True
82,606,3010,3128,118,True
8,590,3011,3097,86,True
10,594,3011,3097,86,True
11,591,3011,3123,112,True
12,608,3011,3097,86,True
14,609,3011,3097,86,True
21,592,3011,3123,112,True
31,625,3011,3097,86,True
32,609,3011,3097,86,True
34,586,3011,3086,75,True
36,613,3011,3097,86,True
40,671,3011,3097,86,True
50,590,3011,3128,117,True
58,596,3011,3128,117,True
60,579,3011,3128,117,True
61,599,3011,3063,52,True
62,587,3011,3128,117,True
72,605,3011,3063,52,True
74,617,3011,3128,117,True
75,611,3011,3128,117,True
84,606,3011,3128,117,True
88,621,3011,3167,156,True
89,589,3011,3128,117,True
97,584,3011,3128,117,True
98,594,3011,3128,117,True
6,601,3012,3097,85,True
7,570,3012,3097,85,True
13,602,3012,3097,85,True
16,641,3012,3097,85,True
17,571,3012,3097,85,True
20,578,3012,3086,74,True
25,598,3012,3097,85,True
31,626,3012,3097,85,True
34,587,3012,3086,74,True
37,578,3012,3097,85,True
47,575,3012,3123,111,True
49,613,3012,3097,85,True
53,589,3012,3167,155,True
54,656,3012,3128,116,True
66,591,3012,3128,116,True
70,608,3012,3063,51,True
74,618,3012,3128,116,True
76,615,3012,3128,116,True
82,607,3012,3128,116,True
85,598,3012,3128,116,True
92,644,3012,3128,116,True
94,597,3012,3128,116,True
95,609,3012,3128,116,True
99,596,3012,3128,116,True
5,588,3013,3097,84,True
14,610,3013,3097,84,True
16,642,3013,3097,84,True
19,575,3013,3097,84,True
27,615,3013,3154,141,True
30,610,3013,3097,84,True
33,595,3013,3123,110,True
38,586,3013,3097,84,True
39,577,3013,3097,84,True
41,617,3013,3097,84,True
52,581,3013,,,False
59,614,3013,3128,115,True
69,635,3013,3128,115,True
73,582,3013,3128,115,True
79,546,3013,3128,115,True
86,613,3013,3128,115,True
88,622,3013,3167,154,True
91,590,3013,3128,115,True
94,598,3013,3128,115,True
1,610,3014,3097,83,True
2,629,3014,3097,83,True
3,624,3014,3097,83,True
7,571,3014,3097,83,True
9,634,3014,3097,83,True
10,595,3014,3097,83,True
21,593,3014,3123,109,True
29,586,3014,3123,109,True
34,588,3014,3086,72,True
36,614,3014,3097,83,True
38,587,3014,3097,83,True
40,672,3014,3097,83,True
41,618,3014,3097,83,True
43,569,3014,3154,140,True
47,576,3014,3123,109,True
48,627,3014,3097,83,True
56,599,3014,3128,114,True
61,600,3014,3063,49,True
62,588,3014,3128,114,True
65,597,3014,3128,114,True
67,574,3014,3128,114,True
75,612,3014,3167,153,True
91,591,3014,3128,114,True
99,597,3014,3128,114,True
2,630,3015,3097,82,True
14,611,3015,3123,108,True
23,607,3015,3123,108,True
29,587,3015,3123,108,True
32,610,3015,3097,82,True
34,589,3015,3086,71,True
38,588,3015,3097,82,True
42,633,3015,3097,82,True
44,624,3015,3097,82,True
52,582,3015,,,False
59,615,3015,3128,113,True
70,609,3015,3128,113,True
72,606,3015,3063,48,True
82,608,3015,3128,113,True
86,614,3015,3128,113,True
2,631,3016,3097,81,True
6,602,3016,3097,81,True
9,635,3016,3097,81,True
17,572,3016,3097,81,True
18,593,3016,3154,138,True
25,599,3016,3097,81,True
33,596,3016,3123,107,True
40,673,3016,3097,81,True
50,591,3016,3128,112,True
62,589,3016,3128,112,True
64,630,3016,3063,47,True
65,598,3016,3128,112,True
68,619,3016,3128,112,True
70,610,3016,3128,112,True
83,579,3016,3167,151,True
84,607,3016,3128,112,True
89,590,3016,3128,112,True
92,645,3016,3128,112,True
95,610,3016,3128,112,True
5,589,3017,3097,80,True
8,591,3017,3123,106,True
17,573,3017,3097,80,True
23,608,3017,3123,106,True
32,611,3017,3097,80,True
38,589,3017,3097,80,True
46,591,3017,3097,80,True
47,577,3017,3123,106,True
64,631,3017,3063,46,True
73,583,3017,3128,111,True
93,587,3017,3167,150,True
97,585,3017,3128,111,True
0,643,3018,3123,105,True
4,611,3018,3123,105,True
12,609,3018,3097,79,True
25,600,3018,3154,136,True
36,615,3018,3097,79,True
40,674,3018,3097,79,True
45,563,3018,3154,136,True
66,592,3018,3167,149,True
78,620,3018,3167,149,True
79,547,3018,3128,110,True
84,608,3018,3128,110,True
85,599,3018,3128,110,True
88,623,3018,3167,149,True
90,611,3018,3128,110,True
93,588,3018,3167,149,True
96,567,3018,3220,202,True
97,586,3018,3128,110,True
4,612,3019,3123,104,True
8,592,3019,3123,104,True
17,574,3019,3097,78,True
25,601,3019,3154,135,True
30,611,3019,3097,78,True
37,579,3019,3097,78,True
47,578,3019,3123,104,True
57,591,3019,3061,42,True
58,597,3019,3128,109,True
64,632,3019,3063,44,True
66,593,3019,3167,148,True
67,575,3019,3167,148,True
69,636,3019,3128,109,True
70,611,3019,3128,109,True
74,619,3019,3128,109,True
81,553,3019,3128,109,True
82,609,3019,3128,109,True
83,580,3019,3167,148,True
86,615,3019,3128,109,True
88,624,3019,3167,148,True
97,587,3019,3128,109,True
9,636,3020,3097,77,True
11,592,3020,3123,103,True
12,610,3020,3097,77,True
13,603,3020,3097,77,True
15,596,3020,3097,77,True
26,596,3020,3154,134,True
30,612,3020,3097,77,True
37,580,3020,3097,77,True
39,578,3020,3097,77,True
41,619,3020,3097,77,True
56,600,3020,3128,108,True
60,580,3020,3128,108,True
61,601,3020,3063,43,True
67,576,3020,3167,147,True
78,621,3020,3167,147,True
94,599,3020,3128,108,True
99,598,3020,3128,108,True
2,632,3021,3097,76,True
3,625,3021,3097,76,True
4,613,3021,3123,102,True
6,603,3021,3097,76,True
9,637,3021,3097,76,True
18,594,3021,3154,133,True
23,609,3021,3123,102,True
25,602,3021,3154,133,True
28,606,3021,3097,76,True
44,625,3021,3097,76,True
53,590,3021,3167,146,True
66,594,3021,3167,146,True
72,607,3021,3128,107,True
74,620,3021,3128,107,True
80,636,3021,3128,107,True
81,554,3021,3128,107,True
90,612,3021,3128,107,True
92,646,3021,3128,107,True
93,589,3021,3167,146,True
96,568,3021,3220,199,True
0,644,3022,3123,101,True
4,614,3022,3123,101,True
6,604,3022,3097,75,True
9,638,3022,3097,75,True
10,596,3022,3154,132,True
14,612,3022,3123,101,True
17,575,3022,3097,75,True
20,579,3022,3086,64,True
22,628,3022,3097,75,True
25,603,3022,3154,132,True
30,613,3022,3097,75,True
37,581,3022,3154,132,True
42,634,3022,3097,75,True
47,579,3022,3123,101,True
49,614,3022,3123,101,True
54,657,3022,3128,106,True
56,601,3022,3128,106,True
57,592,3022,3128,106,True
63,634,3022,3167,145,True
64,633,3022,3128,106,True
77,597,3022,3128,106,True
84,609,3022,3128,106,True
87,579,3022,3128,106,True
89,591,3022,3128,106,True
94,600,3022,3128,106,True
96,569,3022,3220,198,True
99,599,3022,3128,106,True
1,611,3023,3123,100,True
4,615,3023,3123,100,True
13,604,3023,3097,74,True
18,595,3023,3154,131,True
26,597,3023,3154,131,True
27,616,3023,3154,131,True
28,607,3023,3097,74,True
30,614,3023,3097,74,True
33,597,3023,3123,100,True
37,582,3023,3154,131,True
49,615,3023,3123,100,True
53,591,3023,3167,144,True
54,658,3023,3128,105,True
55,561,3023,3167,144,True
57,593,3023,3128,105,True
60,581,3023,3128,105,True
61,602,3023,3063,40,True
65,599,3023,3128,105,True
67,577,3023,3167,144,True
68,620,3023,3128,105,True
69,637,3023,3128,105,True
71,607,3023,3128,105,True
72,608,3023,3128,105,True
73,584,3023,3128,105,True
74,621,3023,3128,105,True
75,613,3023,3167,144,True
78,622,3023,3167,144,True
80,637,3023,3128,105,True
81,555,3023,3128,105,True
85,600,3023,3128,105,True
93,590,3023,3167,144,True
95,611,3023,3128,105,True
1,612,3024,3123,99,True
2,633,3024,3097,73,True
4,616,3024,3123,99,True
5,590,3024,3123,99,True
6,605,3024,3097,73,True
23,610,3024,3123,99,True
31,627,3024,3097,73,True
33,598,3024,3123,99,True
38,590,3024,3097,73,True
43,570,3024,3154,130,True
46,592,3024,3097,73,True
48,628,3024,3097,73,True
49,616,3024,3123,99,True
52,583,3024,,,False
53,592,3024,3167,143,True
60,582,3024,3128,104,True
61,603,3024,3128,104,True
62,590,3024,3128,104,True
64,634,3024,3128,104,True
66,595,3024,3167,143,True
67,578,3024,3167,143,True
76,616,3024,3128,104,True
83,581,3024,3167,143,True
88,625,3024,3167,143,True
90,613,3024,3167,143,True
95,612,3024,3128,104,True
98,595,3024,3128,104,True
4,617,3025,3123,98,True
7,572,3025,3097,72,True
8,593,3025,3123,98,True
13,605,3025,3097,72,True
14,613,3025,3123,98,True
23,611,3025,3123,98,True
26,598,3025,3154,129,True
29,588,3025,3123,98,True
32,612,3025,3097,72,True
34,590,3025,3097,72,True
35,613,3025,3097,72,True
38,591,3025,3154,129,True
41,620,3025,3123,98,True
56,602,3025,3128,103,True
59,616,3025,3128,103,True
68,621,3025,3128,103,True
71,608,3025,3167,142,True
81,556,3025,3128,103,True
82,610,3025,3167,142,True
83,582,3025,3167,142,True
87,580,3025,3128,103,True
88,626,3025,3167,142,True
89,592,3025,3128,103,True
90,614,3025,3167,142,True
91,592,3025,3128,103,True
1,613,3026,3123,97,True
4,618,3026,3123,97,True
9,639,3026,3097,71,True
13,606,3026,3097,71,True
20,580,3026,3086,60,True
27,617,3026,3154,128,True
32,613,3026,3097,71,True
35,614,3026,3097,71,True
56,603,3026,3128,102,True
63,635,3026,3167,141,True
64,635,3026,3128,102,True
66,596,3026,3167,141,True
73,585,3026,3128,102,True
76,617,3026,3128,102,True
79,548,3026,3128,102,True
86,616,3026,3128,102,True
89,593,3026,3167,141,True
91,593,3026,3128,102,True
99,600,3026,3128,102,True
5,591,3027,3123,96,True
7,573,3027,3097,70,True
23,612,3027,3123,96,True
26,599,3027,3154,127,True
28,608,3027,3097,70,True
38,592,3027,3154,127,True
42,635,3027,3097,70,True
46,593,3027,3097,70,True
51,602,3027,3128,101,True
60,583,3027,3128,101,True
68,622,3027,3128,101,True
70,612,3027,3128,101,True
80,638,3027,3128,101,True
81,557,3027,3128,101,True
88,627,3027,3167,140,True
9,640,3028,3097,69,True
12,611,3028,3123,95,True
16,643,3028,3123,95,True
21,594,3028,3123,95,True
29,589,3028,3123,95,True
32,614,3028,3154,126,True
45,564,3028,3154,126,True
54,659,3028,3167,139,True
58,598,3028,3128,100,True
77,598,3028,3128,100,True
89,594,3028,3167,139,True
96,570,3028,3220,192,True
99,601,3028,3128,100,True
3,626,3029,3154,125,True
9,641,3029,3097,68,True
14,614,3029,3123,94,True
15,597,3029,3097,68,True
16,644,3029,3154,125,True
28,609,3029,3154,125,True
32,615,3029,3154,125,True
41,621,3029,3123,94,True
49,617,3029,3123,94,True
52,584,3029,,,False
53,593,3029,3167,138,True
54,660,3029,3167,138,True
56,604,3029,3128,99,True
59,617,3029,3128,99,True
63,636,3029,3167,138,True
67,579,3029,3167,138,True
70,613,3029,3128,99,True
72,609,3029,3128,99,True
74,622,3029,3128,99,True
76,618,3029,3128,99,True
77,599,3029,3128,99,True
90,615,3029,3167,138,True
94,601,3029,3128,99,True
97,588,3029,3128,99,True
6,606,3030,3154,124,True
9,642,3030,3097,67,True
19,576,3030,3154,124,True
20,581,3030,3097,67,True
37,583,3030,3154,124,True
39,579,3030,3154,124,True
48,629,3030,3154,124,True
54,661,3030,3167,137,True
59,618,3030,3128,98,True
61,604,3030,3128,98,True
65,600,3030,3128,98,True
68,623,3030,3128,98,True
69,638,3030,3167,137,True
70,614,3030,3128,98,True
71,609,3030,3167,137,True
73,586,3030,3128,98,True
83,583,3030,3167,137,True
85,601,3030,3128,98,True
92,647,3030,3167,137,True
0,645,3031,3123,92,True
2,634,3031,3097,66,True
3,627,3031,3154,123,True
6,607,3031,3154,123,True
12,612,3031,3154,123,True
20,582,3031,3097,66,True
22,629,3031,3154,123,True
25,604,3031,3154,123,True
27,618,3031,3154,123,True
36,616,3031,3154,123,True
39,580,3031,3154,123,True
45,565,3031,3154,123,True
48,630,3031,3154,123,True
54,662,3031,3167,136,True
65,601,3031,3128,97,True
68,624,3031,3128,97,True
72,610,3031,3128,97,True
77,600,3031,3128,97,True
79,549,3031,3128,97,True
84,610,3031,3167,136,True
86,617,3031,3128,97,True
95,613,3031,3128,97,True
98,596,3031,3128,97,True
19,577,3032,3154,122,True
28,610,3032,3154,122,True
35,615,3032,3097,65,True
36,617,3032,3154,122,True
46,594,3032,3123,91,True
48,631,3032,3154,122,True
64,636,3032,3128,96,True
66,597,3032,3167,135,True
70,615,3032,3128,96,True
74,623,3032,3128,96,True
77,601,3032,3128,96,True
80,639,3032,3128,96,True
82,611,3032,3167,135,True
86,618,3032,3128,96,True
96,571,3032,3220,188,True
98,597,3032,3128,96,True
1,614,3033,3123,90,True
2,635,3033,3154,121,True
27,619,3033,3154,121,True
28,611,3033,3154,121,True
30,615,3033,3097,64,True
36,618,3033,3154,121,True
43,571,3033,3154,121,True
44,626,3033,3123,90,True
58,599,3033,3128,95,True
62,591,3033,3167,134,True
63,637,3033,3167,134,True
78,623,3033,3167,134,True
96,572,3033,3220,187,True
0,646,3034,3123,89,True
1,615,3034,3123,89,True
5,592,3034,3123,89,True
6,608,3034,3154,120,True
12,613,3034,3154,120,True
13,607,3034,3097,63,True
18,596,3034,3154,120,True
19,578,3034,3154,120,True
20,583,3034,3097,63,True
22,630,3034,3154,120,True
25,605,3034,3154,120,True
46,595,3034,3123,89,True
55,562,3034,3167,133,True
57,594,3034,3128,94,True
60,584,3034,3167,133,True
67,580,3034,3167,133,True
68,625,3034,3167,133,True
72,611,3034,3128,94,True
80,640,3034,3128,94,True
85,602,3034,3128,94,True
86,619,3034,3128,94,True
87,581,3034,3128,94,True
89,595,3034,3167,133,True
94,602,3034,3128,94,True
95,614,3034,3128,94,True
1,616,3035,3123,88,True
16,645,3035,3154,119,True
20,584,3035,3097,62,True
29,590,3035,3123,88,True
33,599,3035,3123,88,True
36,619,3035,3154,119,True
39,581,3035,3154,119,True
42,636,3035,3123,88,True
44,627,3035,3123,88,True
48,632,3035,3154,119,True
57,595,3035,3128,93,True
58,600,3035,3167,132,True
61,605,3035,3128,93,True
75,614,3035,3167,132,True
80,641,3035,3128,93,True
90,616,3035,3167,132,True
0,647,3036,3123,87,True
7,574,3036,3154,118,True
10,597,3036,3154,118,True
13,608,3036,3097,61,True
21,595,3036,3123,87,True
22,631,3036,3154,118,True
23,613,3036,3123,87,True
36,620,3036,3154,118,True
37,584,3036,3154,118,True
42,637,3036,3123,87,True
43,572,3036,3154,118,True
45,566,3036,3154,118,True
56,605,3036,3220,184,True
64,637,3036,3128,92,True
68,626,3036,3167,131,True
79,550,3036,3128,92,True
82,612,3036,3167,131,True
86,620,3036,3128,92,True
87,582,3036,3128,92,True
89,596,3036,3167,131,True
92,648,3036,3167,131,True
95,615,3036,3128,92,True
96,573,3036,3220,184,True
3,628,3037,3154,117,True
4,619,3037,3123,86,True
6,609,3037,3154,117,True
18,597,3037,3154,117,True
19,579,3037,3154,117,True
29,591,3037,3123,86,True
33,600,3037,3123,86,True
36,621,3037,3154,117,True
48,633,3037,3154,117,True
49,618,3037,3123,86,True
54,663,3037,3167,130,True
55,563,3037,3167,130,True
59,619,3037,3167,130,True
60,585,3037,3167,130,True
61,606,3037,3128,91,True
64,638,3037,3128,91,True
69,639,3037,3167,130,True
81,558,3037,3167,130,True
91,594,3037,3167,130,True
94,603,3037,3128,91,True
99,602,3037,3167,130,True
1,617,3038,3123,85,True
15,598,3038,3154,116,True
22,632,3038,3154,116,True
23,614,3038,3123,85,True
29,592,3038,3123,85,True
35,616,3038,3097,59,True
49,619,3038,3123,85,True
55,564,3038,3167,129,True
62,592,3038,3167,129,True
68,627,3038,3167,129,True
76,619,3038,3167,129,True
85,603,3038,3128,90,True
87,583,3038,3128,90,True
88,628,3038,3167,129,True
89,597,3038,3167,129,True
92,649,3038,3167,129,True
93,591,3038,3167,129,True
97,589,3038,3128,90,True
98,598,3038,3128,90,True
1,618,3039,3123,84,True
3,629,3039,3154,115,True
7,575,3039,3154,115,True
15,599,3039,3154,115,True
16,646,3039,3154,115,True
21,596,3039,3154,115,True
25,606,3039,3154,115,True
30,616,3039,3097,58,True
35,617,3039,3097,58,True
43,573,3039,3154,115,True
44,628,3039,3123,84,True
45,567,3039,3154,115,True
50,592,3039,3128,89,True
52,585,3039,,,False
54,664,3039,3167,128,True
55,565,3039,3167,128,True
57,596,3039,3128,89,True
65,602,3039,3128,89,True
71,610,3039,3220,181,True
74,624,3039,3167,128,True
79,551,3039,3128,89,True
85,604,3039,3128,89,True
88,629,3039,3167,128,True
91,595,3039,3167,128,True
96,574,3039,3220,181,True
8,594,3040,3123,83,True
9,643,3040,3154,114,True
13,609,3040,3154,114,True
19,580,3040,3154,114,True
21,597,3040,3154,114,True
25,607,3040,3154,114,True
27,620,3040,3154,114,True
28,612,3040,3154,114,True
29,593,3040,3123,83,True
32,616,3040,3154,114,True
34,591,3040,3097,57,True
35,618,3040,3097,57,True
37,585,3040,3154,114,True
46,596,3040,3123,83,True
49,620,3040,3123,83,True
51,603,3040,3128,88,True
52,586,3040,,,False
54,665,3040,3167,127,True
59,620,3040,3167,127,True
63,638,3040,3167,127,True
66,598,3040,3167,127,True
68,628,3040,3167,127,True
72,612,3040,3128,88,True
80,642,3040,3128,88,True
84,611,3040,3167,127,True
85,605,3040,3128,88,True
88,630,3040,3167,127,True
89,598,3040,3167,127,True
98,599,3040,3128,88,True
2,636,3041,3154,113,True
3,630,3041,3154,113,True
22,633,3041,3154,113,True
25,608,3041,3154,113,True
29,594,3041,3123,82,True
41,622,3041,3123,82,True
47,580,3041,3154,113,True
50,593,3041,3128,87,True
51,604,3041,3128,87,True
54,666,3041,3167,126,True
60,586,3041,3167,126,True
63,639,3041,3167,126,True
70,616,3041,3128,87,True
75,615,3041,3167,126,True
7,576,3042,3154,112,True
15,600,3042,3154,112,True
23,615,3042,3123,81,True
26,600,3042,3154,112,True
38,593,3042,3154,112,True
44,629,3042,3123,81,True
47,581,3042,3154,112,True
52,587,3042,,,False
53,594,3042,3167,125,True
54,667,3042,3167,125,True
64,639,3042,3128,86,True
66,599,3042,3167,125,True
68,629,3042,3167,125,True
81,559,3042,3167,125,True
83,584,3042,3167,125,True
88,631,3042,3167,125,True
91,596,3042,3167,125,True
97,590,3042,3128,86,True
0,648,3043,3123,80,True
10,598,3043,3154,111,True
16,647,3043,3154,111,True
18,598,3043,3154,111,True
28,613,3043,3154,111,True
31,628,3043,3154,111,True
40,675,3043,3154,111,True
41,623,3043,3154,111,True
52,588,3043,,,False
53,595,3043,3167,124,True
54,668,3043,3167,124,True
56,606,3043,3220,177,True
60,587,3043,3167,124,True
71,611,3043,3220,177,True
77,602,3043,3167,124,True
82,613,3043,3167,124,True
86,621,3043,3128,85,True
88,632,3043,3167,124,True
89,599,3043,3167,124,True
93,592,3043,3167,124,True
96,575,3043,3220,177,True
99,603,3043,3167,124,True
9,644,3044,3154,110,True
11,593,3044,3154,110,True
16,648,3044,3154,110,True
18,599,3044,3154,110,True
21,598,3044,3154,110,True
31,629,3044,3154,110,True
41,624,3044,3154,110,True
46,597,3044,3123,79,True
51,605,3044,3167,123,True
52,589,3044,,,False
53,596,3044,3167,123,True
57,597,3044,3128,84,True
67,581,3044,3167,123,True
76,620,3044,3167,123,True
84,612,3044,3167,123,True
98,600,3044,3128,84,True
99,604,3044,3167,123,True
1,619,3045,3123,78,True
12,614,3045,3154,109,True
16,649,3045,3154,109,True
18,600,3045,3154,109,True
30,617,3045,3154,109,True
34,592,3045,3154,109,True
35,619,3045,3154,109,True
36,622,3045,3154,109,True
39,582,3045,3154,109,True
43,574,3045,3154,109,True
63,640,3045,3167,122,True
64,640,3045,3128,83,True
67,582,3045,3167,122,True
74,625,3045,3167,122,True
79,552,3045,3167,122,True
83,585,3045,3167,122,True
90,617,3045,3167,122,True
2,637,3046,3154,108,True
4,620,3046,3123,77,True
9,645,3046,3154,108,True
12,615,3046,3154,108,True
17,576,3046,3154,108,True
23,616,3046,3123,77,True
34,593,3046,3154,108,True
35,620,3046,3154,108,True
43,575,3046,3154,108,True
44,630,3046,3205,159,True
48,634,3046,3154,108,True
53,597,3046,3167,121,True
62,593,3046,3167,121,True
63,641,3046,3167,121,True
66,600,3046,3167,121,True
67,583,3046,3167,121,True
72,613,3046,3128,82,True
76,621,3046,3167,121,True
79,553,3046,3167,121,True
85,606,3046,3128,82,True
96,576,3046,3220,174,True
3,631,3047,3154,107,True
5,593,3047,3154,107,True
8,595,3047,3154,107,True
10,599,3047,3154,107,True
12,616,3047,3154,107,True
17,577,3047,3154,107,True
25,609,3047,3154,107,True
40,676,3047,3154,107,True
42,638,3047,3154,107,True
46,598,3047,3123,76,True
48,635,3047,3154,107,True
61,607,3047,3128,81,True
68,630,3047,3167,120,True
71,612,3047,3220,173,True
74,626,3047,3167,120,True
83,586,3047,3167,120,True
84,613,3047,3167,120,True
85,607,3047,3128,81,True
90,618,3047,3167,120,True
99,605,3047,3167,120,True
6,610,3048,3154,106,True
10,600,3048,3154,106,True
14,615,3048,3123,75,True
20,585,3048,3167,119,True
26,601,3048,3154,106,True
29,595,3048,3123,75,True
41,625,3048,3154,106,True
45,568,3048,3154,106,True
48,636,3048,3154,106,True
56,607,3048,3220,172,True
57,598,3048,3128,80,True
64,641,3048,3128,80,True
69,640,3048,3167,119,True
71,613,3048,3220,172,True
74,627,3048,3167,119,True
75,616,3048,3167,119,True
78,624,3048,3167,119,True
79,554,3048,3167,119,True
80,643,3048,3167,119,True
81,560,3048,3167,119,True
85,608,3048,3167,119,True
87,584,3048,3167,119,True
88,633,3048,3167,119,True
91,597,3048,3167,119,True
92,650,3048,3167,119,True
96,577,3048,3220,172,True
14,616,3049,3123,74,True
20,586,3049,3167,118,True
24,566,3049,3123,74,True
34,594,3049,3167,118,True
39,583,3049,3154,105,True
41,626,3049,3154,105,True
52,590,3049,,,False
60,588,3049,3167,118,True
63,642,3049,3167,118,True
73,587,3049,3167,118,True
75,617,3049,3167,118,True
77,603,3049,3167,118,True
82,614,3049,3167,118,True
83,587,3049,3167,118,True
84,614,3049,3220,171,True
98,601,3049,3128,79,True
3,632,3050,3154,104,True
5,594,3050,3154,104,True
7,577,3050,3154,104,True
8,596,3050,3154,104,True
10,601,3050,3154,104,True
11,594,3050,3154,104,True
17,578,3050,3154,104,True
21,599,3050,3154,104,True
22,634,3050,3154,104,True
33,601,3050,3205,155,True
40,677,3050,3154,104,True
45,569,3050,3154,104,True
46,599,3050,3154,104,True
48,637,3050,3154,104,True
53,598,3050,3167,117,True
59,621,3050,3167,117,True
64,642,3050,3128,78,True
69,641,3050,3167,117,True
82,615,3050,3167,117,True
84,615,3050,3220,170,True
88,634,3050,3167,117,True
92,651,3050,3167,117,True
2,638,3051,3154,103,True
3,633,3051,3154,103,True
11,595,3051,3154,103,True
13,610,3051,3154,103,True
21,600,3051,3154,103,True
50,594,3051,3128,77,True
51,606,3051,3167,116,True
55,566,3051,3167,116,True
59,622,3051,3167,116,True
62,594,3051,3167,116,True
63,643,3051,3167,116,True
69,642,3051,3167,116,True
78,625,3051,3167,116,True
81,561,3051,3167,116,True
91,598,3051,3167,116,True
97,591,3051,3167,116,True
2,639,3052,3154,102,True
9,646,3052,3154,102,True
11,596,3052,3154,102,True
12,617,3052,3154,102,True
13,611,3052,3154,102,True
15,601,3052,3154,102,True
22,635,3052,3154,102,True
26,602,3052,3154,102,True
33,602,3052,3205,153,True
38,594,3052,3154,102,True
44,631,3052,3205,153,True
62,595,3052,3167,115,True
69,643,3052,3167,115,True
82,616,3052,3167,115,True
84,616,3052,3220,168,True
85,609,3052,3167,115,True
90,619,3052,3167,115,True
94,604,3052,3167,115,True
1,620,3053,3123,70,True
4,621,3053,3123,70,True
24,567,3053,3154,101,True
28,614,3053,3154,101,True
34,595,3053,3167,114,True
46,600,3053,3154,101,True
56,608,3053,3220,167,True
91,599,3053,3167,114,True
95,616,3053,3128,75,True
98,602,3053,3128,75,True
1,621,3054,3123,69,True
3,634,3054,3154,100,True
10,602,3054,3154,100,True
19,581,3054,3154,100,True
26,603,3054,3154,100,True
27,621,3054,3154,100,True
31,630,3054,3154,100,True
43,576,3054,3154,100,True
49,621,3054,3123,69,True
52,591,3054,,,False
53,599,3054,3167,113,True
55,567,3054,3167,113,True
58,601,3054,3167,113,True
62,596,3054,3167,113,True
63,644,3054,3167,113,True
67,584,3054,3167,113,True
69,644,3054,3167,113,True
70,617,3054,3128,74,True
74,628,3054,3167,113,True
77,604,3054,3167,113,True
79,555,3054,3167,113,True
85,610,3054,3167,113,True
89,600,3054,3167,113,True
94,605,3054,3167,113,True
98,603,3054,3128,74,True
6,611,3055,3154,99,True
9,647,3055,3154,99,True
16,650,3055,3154,99,True
20,587,3055,3167,112,True
22,636,3055,3154,99,True
27,622,3055,3154,99,True
31,631,3055,3154,99,True
35,621,3055,3154,99,True
52,592,3055,,,False
57,599,3055,3128,73,True
66,601,3055,3167,112,True
70,618,3055,3128,73,True
82,617,3055,3167,112,True
87,585,3055,3167,112,True
94,606,3055,3167,112,True
96,578,3055,3220,165,True
0,649,3056,3154,98,True
12,618,3056,3154,98,True
13,612,3056,3154,98,True
17,579,3056,3154,98,True
20,588,3056,3167,111,True
23,617,3056,3205,149,True
30,618,3056,3154,98,True
33,603,3056,3205,149,True
37,586,3056,3154,98,True
38,595,3056,3154,98,True
42,639,3056,3154,98,True
51,607,3056,3167,111,True
59,623,3056,3167,111,True
63,645,3056,3167,111,True
64,643,3056,3128,72,True
65,603,3056,3128,72,True
78,626,3056,3167,111,True
87,586,3056,3167,111,True
93,593,3056,3220,164,True
3,635,3057,3154,97,True
6,612,3057,3154,97,True
8,597,3057,3154,97,True
16,651,3057,3154,97,True
19,582,3057,3154,97,True
23,618,3057,3205,148,True
35,622,3057,3154,97,True
47,582,3057,3205,148,True
49,622,3057,3154,97,True
63,646,3057,3167,110,True
64,644,3057,3128,71,True
79,556,3057,3167,110,True
80,644,3057,3167,110,True
89,601,3057,3220,163,True
91,600,3057,3167,110,True
94,607,3057,3167,110,True
96,579,3057,3220,163,True
98,604,3057,3167,110,True
6,613,3058,3154,96,True
8,598,3058,3154,96,True
16,652,3058,3154,96,True
17,580,3058,3154,96,True
19,583,3058,3154,96,True
23,619,3058,3205,147,True
26,604,3058,3154,96,True
32,617,3058,3154,96,True
33,604,3058,3205,147,True
34,596,3058,3167,109,True
37,587,3058,3154,96,True
38,596,3058,3154,96,True
42,640,3058,3154,96,True
48,638,3058,3154,96,True
59,624,3058,3167,109,True
62,597,3058,3167,109,True
75,618,3058,3167,109,True
76,622,3058,3167,109,True
79,557,3058,3167,109,True
86,622,3058,3128,70,True
88,635,3058,3220,162,True
99,606,3058,3167,109,True
2,640,3059,3154,95,True
6,614,3059,3154,95,True
7,578,3059,3154,95,True
9,648,3059,3154,95,True
19,584,3059,3154,95,True
28,615,3059,3154,95,True
45,570,3059,3154,95,True
46,601,3059,3154,95,True
49,623,3059,3154,95,True
55,568,3059,3220,161,True
56,609,3059,3220,161,True
59,625,3059,3167,108,True
61,608,3059,3128,69,True
62,598,3059,3167,108,True
64,645,3059,3128,69,True
68,631,3059,3167,108,True
69,645,3059,3167,108,True
75,619,3059,3167,108,True
78,627,3059,3167,108,True
85,611,3059,3167,108,True
90,620,3059,3167,108,True
91,601,3059,3167,108,True
98,605,3059,3167,108,True
9,649,3060,3154,94,True
12,619,3060,3154,94,True
16,653,3060,3154,94,True
22,637,3060,3154,94,True
29,596,3060,3154,94,True
33,605,3060,3205,145,True
34,597,3060,3167,107,True
60,589,3060,3167,107,True
66,602,3060,3167,107,True
75,620,3060,3167,107,True
77,605,3060,3167,107,True
80,645,3060,3167,107,True
86,623,3060,3128,68,True
95,617,3060,3167,107,True
98,606,3060,3167,107,True
0,650,3061,3154,93,True
3,636,3061,3154,93,True
5,595,3061,3154,93,True
12,620,3061,3154,93,True
22,638,3061,3154,93,True
24,568,3061,3154,93,True
42,641,3061,3154,93,True
43,577,3061,3154,93,True
45,571,3061,3154,93,True
49,624,3061,3154,93,True
52,593,3061,,,False
62,599,3061,3167,106,True
70,619,3061,3128,67,True
77,606,3061,3167,106,True
80,646,3061,3167,106,True
93,594,3061,3220,159,True
94,608,3061,3167,106,True
95,618,3061,3167,106,True
2,641,3062,3154,92,True
9,650,3062,3205,143,True
12,621,3062,3154,92,True
16,654,3062,3154,92,True
35,623,3062,3154,92,True
39,584,3062,3154,92,True
45,572,3062,3154,92,True
52,594,3062,,,False
57,600,3062,3128,66,True
58,602,3062,3304,242,True
59,626,3062,3167,105,True
62,600,3062,3167,105,True
63,647,3062,3167,105,True
76,623,3062,3167,105,True
80,647,3062,3167,105,True
86,624,3062,3128,66,True
89,602,3062,3220,158,True
94,609,3062,3167,105,True
97,592,3062,3167,105,True
1,622,3063,3154,91,True
7,579,3063,3154,91,True
19,585,3063,3154,91,True
20,589,3063,3167,104,True
36,623,3063,3154,91,True
38,597,3063,3154,91,True
46,602,3063,3154,91,True
47,583,3063,3205,142,True
48,639,3063,3154,91,True
54,669,3063,3220,157,True
55,569,3063,3220,157,True
57,601,3063,3128,65,True
59,627,3063,3167,104,True
63,648,3063,3167,104,True
64,646,3063,3128,65,True
67,585,3063,3167,104,True
74,629,3063,3220,157,True
84,617,3063,3220,157,True
85,612,3063,3167,104,True
94,610,3063,3167,104,True
98,607,3063,3167,104,True
10,603,3064,3154,90,True
16,655,3064,3154,90,True
18,601,3064,3154,90,True
25,610,3064,3154,90,True
29,597,3064,3154,90,True
35,624,3064,3154,90,True
36,624,3064,3154,90,True
37,588,3064,3154,90,True
41,627,3064,3154,90,True
49,625,3064,3154,90,True
51,608,3064,3167,103,True
67,586,3064,3167,103,True
71,614,3064,3220,156,True
76,624,3064,3167,103,True
80,648,3064,3167,103,True
83,588,3064,3167,103,True
84,618,3064,3220,156,True
85,613,3064,3167,103,True
94,611,3064,3167,103,True
97,593,3064,3167,103,True
3,637,3065,3154,89,True
13,613,3065,3154,89,True
15,602,3065,3154,89,True
16,656,3065,3154,89,True
23,620,3065,3205,140,True
25,611,3065,3154,89,True
26,605,3065,3154,89,True
28,616,3065,3154,89,True
33,606,3065,3205,140,True
34,598,3065,3167,102,True
40,678,3065,3154,89,True
41,628,3065,3154,89,True
42,642,3065,3154,89,True
43,578,3065,3154,89,True
45,573,3065,3154,89,True
49,626,3065,3154,89,True
55,570,3065,3220,155,True
57,602,3065,3128,63,True
60,590,3065,3220,155,True
61,609,3065,3128,63,True
62,601,3065,3220,155,True
66,603,3065,3167,102,True
75,621,3065,3167,102,True
78,628,3065,3220,155,True
84,619,3065,3220,155,True
96,580,3065,3220,155,True
99,607,3065,3220,155,True
0,651,3066,3205,139,True
5,596,3066,3154,88,True
8,599,3066,3154,88,True
9,651,3066,3205,139,True
18,602,3066,3154,88,True
21,601,3066,3154,88,True
22,639,3066,3154,88,True
24,569,3066,3154,88,True
25,612,3066,3154,88,True
26,606,3066,3154,88,True
27,623,3066,3154,88,True
30,619,3066,3154,88,True
38,598,3066,3154,88,True
43,579,3066,3154,88,True
47,584,3066,3205,139,True
49,627,3066,3154,88,True
58,603,3066,3304,238,True
64,647,3066,3128,62,True
66,604,3066,3167,101,True
68,632,3066,3167,101,True
69,646,3066,3220,154,True
84,620,3066,3220,154,True
86,625,3066,3167,101,True
99,608,3066,3220,154,True
7,580,3067,3154,87,True
10,604,3067,3154,87,True
31,632,3067,3154,87,True
41,629,3067,3154,87,True
47,585,3067,3205,138,True
49,628,3067,3154,87,True
54,670,3067,3220,153,True
56,610,3067,3220,153,True
63,649,3067,3167,100,True
66,605,3067,3167,100,True
69,647,3067,3220,153,True
70,620,3067,3128,61,True
94,612,3067,3220,153,True
4,622,3068,3205,137,True
17,581,3068,3154,86,True
23,621,3068,3205,137,True
26,607,3068,3154,86,True
29,598,3068,3205,137,True
32,618,3068,3154,86,True
35,625,3068,3167,99,True
48,640,3068,3154,86,True
55,571,3068,3220,152,True
58,604,3068,3304,236,True
66,606,3068,3167,99,True
68,633,3068,3167,99,True
69,648,3068,3220,152,True
70,621,3068,3128,60,True
97,594,3068,3167,99,True
98,608,3068,3167,99,True
1,623,3069,3154,85,True
18,603,3069,3154,85,True
19,586,3069,3154,85,True
24,570,3069,3154,85,True
28,617,3069,3154,85,True
32,619,3069,3154,85,True
36,625,3069,3154,85,True
40,679,3069,3154,85,True
50,595,3069,3167,98,True
51,609,3069,3167,98,True
54,671,3069,3220,151,True
67,587,3069,3167,98,True
83,589,3069,3167,98,True
84,621,3069,3220,151,True
93,595,3069,3220,151,True
96,581,3069,3220,151,True
97,595,3069,3167,98,True
0,652,3070,3205,135,True
7,581,3070,3154,84,True
10,605,3070,3154,84,True
15,603,3070,3167,97,True
18,604,3070,3154,84,True
19,587,3070,3154,84,True
20,590,3070,3167,97,True
21,602,3070,3154,84,True
22,640,3070,3154,84,True
24,571,3070,3154,84,True
25,613,3070,3154,84,True
26,608,3070,3154,84,True
34,599,3070,3167,97,True
35,626,3070,3167,97,True
40,680,3070,3154,84,True
42,643,3070,3154,84,True
46,603,3070,3154,84,True
47,586,3070,3205,135,True
65,604,3070,3167,97,True
67,588,3070,3167,97,True
70,622,3070,3167,97,True
85,614,3070,3167,97,True
91,602,3070,3167,97,True
0,653,3071,3205,134,True
4,623,3071,3205,134,True
5,597,3071,3154,83,True
7,582,3071,3154,83,True
10,606,3071,3154,83,True
15,604,3071,3167,96,True
17,582,3071,3154,83,True
18,605,3071,3154,83,True
28,618,3071,3154,83,True
31,633,3071,3154,83,True
32,620,3071,3154,83,True
39,585,3071,3154,83,True
40,681,3071,3154,83,True
50,596,3071,3167,96,True
53,600,3071,3220,149,True
54,672,3071,3220,149,True
58,605,3071,3304,233,True
62,602,3071,3220,149,True
65,605,3071,3167,96,True
66,607,3071,3167,96,True
75,622,3071,3220,149,True
79,558,3071,3167,96,True
81,562,3071,3220,149,True
92,652,3071,3167,96,True
0,654,3072,3205,133,True
18,606,3072,3154,82,True
21,603,3072,3154,82,True
22,641,3072,3154,82,True
23,622,3072,3205,133,True
30,620,3072,3154,82,True
36,626,3072,3154,82,True
37,589,3072,3154,82,True
38,599,3072,3154,82,True
44,632,3072,3205,133,True
50,597,3072,3167,95,True
56,611,3072,3220,148,True
61,610,3072,3167,95,True
66,608,3072,3167,95,True
68,634,3072,3167,95,True
69,649,3072,3220,148,True
70,623,3072,3167,95,True
71,615,3072,3220,148,True
81,563,3072,3220,148,True
88,636,3072,3304,232,True
92,653,3072,3167,95,True
97,596,3072,3167,95,True
99,609,3072,3220,148,True
1,624,3073,3205,132,True
3,638,3073,3154,81,True
5,598,3073,3154,81,True
6,615,3073,3154,81,True
9,652,3073,3205,132,True
15,605,3073,3167,94,True
20,591,3073,3167,94,True
22,642,3073,3154,81,True
28,619,3073,3154,81,True
35,627,3073,3167,94,True
49,629,3073,3154,81,True
52,595,3073,,,False
55,572,3073,3220,147,True
59,628,3073,3220,147,True
61,611,3073,3167,94,True
64,648,3073,3128,55,True
65,606,3073,3167,94,True
68,635,3073,3167,94,True
70,624,3073,3167,94,True
76,625,3073,3167,94,True
78,629,3073,3220,147,True
82,618,3073,3167,94,True
96,582,3073,3220,147,True
99,610,3073,3220,147,True
1,625,3074,3205,131,True
7,583,3074,3154,80,True
10,607,3074,3154,80,True
29,599,3074,3205,131,True
32,621,3074,3154,80,True
34,600,3074,3167,93,True
38,600,3074,3154,80,True
40,682,3074,3154,80,True
48,641,3074,3154,80,True
49,630,3074,3154,80,True
50,598,3074,3167,93,True
67,589,3074,3167,93,True
68,636,3074,3167,93,True
75,623,3074,3220,146,True
89,603,3074,3220,146,True
91,603,3074,3167,93,True
99,611,3074,3220,146,True
3,639,3075,3154,79,True
10,608,3075,3154,79,True
19,588,3075,3154,79,True
22,643,3075,3154,79,True
23,623,3075,3205,130,True
24,572,3075,3154,79,True
27,624,3075,3154,79,True
28,620,3075,3154,79,True
32,622,3075,3154,79,True
47,587,3075,3205,130,True
48,642,3075,3154,79,True
54,673,3075,3220,145,True
65,607,3075,3167,92,True
67,590,3075,3167,92,True
68,637,3075,3167,92,True
70,625,3075,3167,92,True
83,590,3075,3220,145,True
85,615,3075,3167,92,True
99,612,3075,3220,145,True
6,616,3076,3154,78,True
7,584,3076,3154,78,True
8,600,3076,3205,129,True
14,617,3076,3205,129,True
17,583,3076,3154,78,True
20,592,3076,3167,91,True
21,604,3076,3154,78,True
27,625,3076,3154,78,True
28,621,3076,3154,78,True
31,634,3076,3154,78,True
32,623,3076,3154,78,True
37,590,3076,3154,78,True
47,588,3076,3205,129,True
49,631,3076,3154,78,True
50,599,3076,3167,91,True
53,601,3076,3220,144,True
55,573,3076,3220,144,True
57,603,3076,3139,63,True
63,650,3076,3220,144,True
68,638,3076,3167,91,True
70,626,3076,3167,91,True
78,630,3076,3220,144,True
80,649,3076,3167,91,True
84,622,3076,3220,144,True
89,604,3076,3220,144,True
91,604,3076,3167,91,True
96,583,3076,3220,144,True
98,609,3076,3167,91,True
7,585,3077,3154,77,True
10,609,3077,3154,77,True
12,622,3077,3154,77,True
17,584,3077,3268,191,True
18,607,3077,3205,128,True
20,593,3077,3167,90,True
21,605,3077,3205,128,True
22,644,3077,3154,77,True
24,573,3077,3154,77,True
30,621,3077,3154,77,True
32,624,3077,3154,77,True
33,607,3077,3205,128,True
35,628,3077,3167,90,True
43,580,3077,3154,77,True
48,643,3077,3205,128,True
49,632,3077,3154,77,True
51,610,3077,3167,90,True
55,574,3077,3220,143,True
63,651,3077,3220,143,True
77,607,3077,3220,143,True
89,605,3077,3220,143,True
93,596,3077,3220,143,True
2,642,3078,3154,76,True
4,624,3078,3205,127,True
5,599,3078,3154,76,True
8,601,3078,3205,127,True
20,594,3078,3167,89,True
23,624,3078,3205,127,True
25,614,3078,3154,76,True
26,609,3078,3154,76,True
37,591,3078,3154,76,True
40,683,3078,3205,127,True
45,574,3078,3167,89,True
56,612,3078,3220,142,True
59,629,3078,3220,142,True
66,609,3078,3220,142,True
68,639,3078,3167,89,True
69,650,3078,3220,142,True
70,627,3078,3167,89,True
80,650,3078,3167,89,True
81,564,3078,3220,142,True
84,623,3078,3220,142,True
86,626,3078,3167,89,True
87,587,3078,3220,142,True
98,610,3078,3167,89,True
1,626,3079,3205,126,True
3,640,3079,3154,75,True
9,653,3079,3205,126,True
20,595,3079,3167,88,True
28,622,3079,3154,75,True
32,625,3079,3154,75,True
39,586,3079,3154,75,True
41,630,3079,3154,75,True
52,596,3079,,,False
55,575,3079,3220,141,True
70,628,3079,3167,88,True
75,624,3079,3220,141,True
77,608,3079,3220,141,True
80,651,3079,3167,88,True
83,591,3079,3220,141,True
89,606,3079,3220,141,True
90,621,3079,3304,225,True
10,610,3080,3205,125,True
11,597,3080,3205,125,True
15,606,3080,3167,87,True
20,596,3080,3167,87,True
39,587,3080,3154,74,True
40,684,3080,3205,125,True
42,644,3080,3154,74,True
45,575,3080,3167,87,True
51,611,3080,3167,87,True
57,604,3080,3139,59,True
59,630,3080,3220,140,True
60,591,3080,3220,140,True
66,610,3080,3220,140,True
72,614,3080,3220,140,True
73,588,3080,3167,87,True
75,625,3080,3220,140,True
83,592,3080,3220,140,True
84,624,3080,3220,140,True
93,597,3080,3220,140,True
95,619,3080,3167,87,True
1,627,3081,3205,124,True
3,641,3081,3154,73,True
4,625,3081,3205,124,True
7,586,3081,3154,73,True
10,611,3081,3205,124,True
18,608,3081,3205,124,True
22,645,3081,3205,124,True
27,626,3081,3154,73,True
31,635,3081,3154,73,True
34,601,3081,3167,86,True
35,629,3081,3167,86,True
40,685,3081,3205,124,True
43,581,3081,3154,73,True
46,604,3081,3154,73,True
48,644,3081,3205,124,True
65,608,3081,3167,86,True
69,651,3081,3220,139,True
87,588,3081,3220,139,True
2,643,3082,3154,72,True
6,617,3082,3154,72,True
7,587,3082,3154,72,True
12,623,3082,3154,72,True
14,618,3082,3205,123,True
18,609,3082,3205,123,True
29,600,3082,3205,123,True
31,636,3082,3154,72,True
32,626,3082,3154,72,True
38,601,3082,3154,72,True
48,645,3082,3205,123,True
49,633,3082,3205,123,True
50,600,3082,3167,85,True
61,612,3082,3167,85,True
74,630,3082,3220,138,True
83,593,3082,3220,138,True
12,624,3083,3205,122,True
20,597,3083,3167,84,True
26,610,3083,3154,71,True
31,637,3083,3154,71,True
45,576,3083,3167,84,True
46,605,3083,3154,71,True
50,601,3083,3167,84,True
52,597,3083,,,False
55,576,3083,3220,137,True
58,606,3083,3304,221,True
59,631,3083,3220,137,True
62,603,3083,3220,137,True
64,649,3083,3167,84,True
76,626,3083,3167,84,True
83,594,3083,3220,137,True
85,616,3083,3304,221,True
86,627,3083,3167,84,True
89,607,3083,3220,137,True
93,598,3083,3220,137,True
5,600,3084,3205,121,True
7,588,3084,3154,70,True
13,614,3084,3154,70,True
16,657,3084,3205,121,True
19,589,3084,3268,184,True
22,646,3084,3205,121,True
25,615,3084,3154,70,True
31,638,3084,3154,70,True
34,602,3084,3167,83,True
35,630,3084,3167,83,True
37,592,3084,3154,70,True
43,582,3084,3154,70,True
46,606,3084,3154,70,True
51,612,3084,3167,83,True
52,598,3084,,,False
64,650,3084,3167,83,True
72,615,3084,3220,136,True
76,627,3084,3220,136,True
79,559,3084,3167,83,True
81,565,3084,3220,136,True
84,625,3084,3220,136,True
89,608,3084,3220,136,True
92,654,3084,3220,136,True
3,642,3085,3154,69,True
4,626,3085,3205,120,True
10,612,3085,3205,120,True
19,590,3085,3268,183,True
28,623,3085,3154,69,True
38,602,3085,3154,69,True
40,686,3085,3205,120,True
41,631,3085,3154,69,True
44,633,3085,3205,120,True
48,646,3085,3205,120,True
49,634,3085,3205,120,True
54,674,3085,3304,219,True
64,651,3085,3167,82,True
65,609,3085,3167,82,True
66,611,3085,3220,135,True
67,591,3085,3220,135,True
73,589,3085,3167,82,True
77,609,3085,3220,135,True
83,595,3085,3220,135,True
86,628,3085,3167,82,True
91,605,3085,3220,135,True
93,599,3085,3304,219,True
97,597,3085,3167,82,True
7,589,3086,3205,119,True
8,602,3086,3205,119,True
9,654,3086,3205,119,True
12,625,3086,3205,119,True
13,615,3086,3154,68,True
17,585,3086,3268,182,True
18,610,3086,3205,119,True
19,591,3086,3268,182,True
21,606,3086,3205,119,True
22,647,3086,3205,119,True
23,625,3086,3205,119,True
24,574,3086,3154,68,True
36,627,3086,3205,119,True
39,588,3086,3205,119,True
45,577,3086,3167,81,True
48,647,3086,3205,119,True
52,599,3086,,,False
59,632,3086,3220,134,True
60,592,3086,3220,134,True
61,613,3086,3167,81,True
63,652,3086,3220,134,True
65,610,3086,3167,81,True
67,592,3086,3220,134,True
76,628,3086,3220,134,True
77,610,3086,3220,134,True
90,622,3086,3304,218,True
91,606,3086,3220,134,True
25,616,3087,3154,67,True
32,627,3087,3205,118,True
33,608,3087,3205,118,True
65,611,3087,3167,80,True
70,629,3087,3167,80,True
71,616,3087,3220,133,True
76,629,3087,3220,133,True
87,589,3087,3220,133,True
95,620,3087,3167,80,True
96,584,3087,3220,133,True
1,628,3088,3205,117,True
19,592,3088,3268,180,True
24,575,3088,3154,66,True
25,617,3088,3154,66,True
32,628,3088,3205,117,True
40,687,3088,3205,117,True
46,607,3088,3154,66,True
47,589,3088,3205,117,True
50,602,3088,3220,132,True
52,600,3088,,,False
55,577,3088,3220,132,True
57,605,3088,3220,132,True
70,630,3088,3167,79,True
72,616,3088,3220,132,True
73,590,3088,3220,132,True
77,611,3088,3220,132,True
78,631,3088,3304,216,True
85,617,3088,3304,216,True
86,629,3088,3167,79,True
93,600,3088,3304,216,True
95,621,3088,3167,79,True
8,603,3089,3205,116,True
19,593,3089,3268,179,True
27,627,3089,3205,116,True
29,601,3089,3205,116,True
32,629,3089,3205,116,True
36,628,3089,3205,116,True
37,593,3089,3205,116,True
42,645,3089,3154,65,True
47,590,3089,3205,116,True
48,648,3089,3205,116,True
53,602,3089,3220,131,True
60,593,3089,3220,131,True
64,652,3089,3167,78,True
75,626,3089,3220,131,True
76,630,3089,3220,131,True
77,612,3089,3220,131,True
83,596,3089,3220,131,True
85,618,3089,3304,215,True
86,630,3089,3167,78,True
96,585,3089,3220,131,True
97,598,3089,3220,131,True
4,627,3090,3268,178,True
5,601,3090,3205,115,True
13,616,3090,3154,64,True
15,607,3090,3268,178,True
22,648,3090,3205,115,True
33,609,3090,3205,115,True
35,631,3090,3167,77,True
37,594,3090,3205,115,True
39,589,3090,3205,115,True
40,688,3090,3205,115,True
47,591,3090,3205,115,True
54,675,3090,3304,214,True
57,606,3090,3220,130,True
58,607,3090,3304,214,True
66,612,3090,3220,130,True
68,640,3090,3167,77,True
82,619,3090,3220,130,True
83,597,3090,3220,130,True
86,631,3090,3167,77,True
97,599,3090,3220,130,True
0,655,3091,3205,114,True
1,629,3091,3205,114,True
14,619,3091,3205,114,True
15,608,3091,3268,177,True
21,607,3091,3205,114,True
29,602,3091,3205,114,True
39,590,3091,3205,114,True
47,592,3091,3205,114,True
48,649,3091,3205,114,True
50,603,3091,3220,129,True
53,603,3091,3220,129,True
54,676,3091,3304,213,True
60,594,3091,3220,129,True
62,604,3091,3220,129,True
65,612,3091,3167,76,True
68,641,3091,3167,76,True
69,652,3091,3220,129,True
78,632,3091,3304,213,True
82,620,3091,3220,129,True
90,623,3091,3304,213,True
91,607,3091,3220,129,True
96,586,3091,3220,129,True
2,644,3092,3205,113,True
8,604,3092,3205,113,True
9,655,3092,3205,113,True
13,617,3092,3154,62,True
31,639,3092,3154,62,True
39,591,3092,3205,113,True
41,632,3092,3205,113,True
43,583,3092,3205,113,True
46,608,3092,3205,113,True
47,593,3092,3205,113,True
51,613,3092,3167,75,True
55,578,3092,3220,128,True
56,613,3092,3220,128,True
67,593,3092,3220,128,True
71,617,3092,3220,128,True
74,631,3092,3220,128,True
86,632,3092,3167,75,True
88,637,3092,3304,212,True
94,613,3092,3220,128,True
95,622,3092,3220,128,True
97,600,3092,3220,128,True
1,630,3093,3205,112,True
3,643,3093,3205,112,True
5,602,3093,3205,112,True
16,658,3093,3205,112,True
17,586,3093,3268,175,True
20,598,3093,3167,74,True
24,576,3093,3205,112,True
36,629,3093,3205,112,True
37,595,3093,3205,112,True
39,592,3093,3205,112,True
40,689,3093,3205,112,True
53,604,3093,3220,127,True
58,608,3093,3304,211,True
64,653,3093,3220,127,True
67,594,3093,3220,127,True
69,653,3093,3220,127,True
80,652,3093,3220,127,True
84,626,3093,3220,127,True
89,609,3093,3220,127,True
93,601,3093,3304,211,True
97,601,3093,3220,127,True
1,631,3094,3205,111,True
3,644,3094,3205,111,True
20,599,3094,3167,73,True
29,603,3094,3205,111,True
32,630,3094,3205,111,True
44,634,3094,3205,111,True
45,578,3094,3167,73,True
51,614,3094,3167,73,True
69,654,3094,3220,126,True
80,653,3094,3220,126,True
87,590,3094,3220,126,True
92,655,3094,3220,126,True
93,602,3094,3304,210,True
3,645,3095,3205,110,True
7,590,3095,3205,110,True
11,598,3095,3205,110,True
14,620,3095,3205,110,True
18,611,3095,3205,110,True
24,577,3095,3205,110,True
26,611,3095,3205,110,True
29,604,3095,3205,110,True
30,622,3095,3167,72,True
36,630,3095,3205,110,True
43,584,3095,3205,110,True
45,579,3095,3167,72,True
50,604,3095,3220,125,True
51,615,3095,3167,72,True
56,614,3095,3220,125,True
57,607,3095,3220,125,True
60,595,3095,3304,209,True
61,614,3095,3167,72,True
62,605,3095,3220,125,True
72,617,3095,3220,125,True
73,591,3095,3220,125,True
75,627,3095,3220,125,True
82,621,3095,3220,125,True
85,619,3095,3304,209,True
89,610,3095,3220,125,True
90,624,3095,3304,209,True
93,603,3095,3304,209,True
96,587,3095,3220,125,True
99,613,3095,3220,125,True
5,603,3096,3205,109,True
12,626,3096,3205,109,True
15,609,3096,3268,172,True
27,628,3096,3205,109,True
34,603,3096,3167,71,True
38,603,3096,3205,109,True
41,633,3096,3205,109,True
54,677,3096,3304,208,True
57,608,3096,3220,124,True
59,633,3096,3220,124,True
66,613,3096,3220,124,True
69,655,3096,3220,124,True
74,632,3096,3220,124,True
80,654,3096,3220,124,True
96,588,3096,3220,124,True
97,602,3096,3220,124,True
98,611,3096,3167,71,True
0,656,3097,3205,108,True
1,632,3097,3268,171,True
4,628,3097,3268,171,True
5,604,3097,3205,108,True
12,627,3097,3205,108,True
22,649,3097,3205,108,True
26,612,3097,3205,108,True
30,623,3097,3167,70,True
31,640,3097,3205,108,True
33,610,3097,3205,108,True
34,604,3097,3167,70,True
40,690,3097,3205,108,True
41,634,3097,3205,108,True
49,635,3097,3205,108,True
54,678,3097,3304,207,True
60,596,3097,3304,207,True
64,654,3097,3220,123,True
67,595,3097,3220,123,True
69,656,3097,3304,207,True
70,631,3097,3167,70,True
75,628,3097,3220,123,True
76,631,3097,3220,123,True
78,633,3097,3304,207,True
83,598,3097,3220,123,True
84,627,3097,3220,123,True
89,611,3097,3220,123,True
91,608,3097,3220,123,True
92,656,3097,3220,123,True
93,604,3097,3304,207,True
1,633,3098,3268,170,True
2,645,3098,3205,107,True
3,646,3098,3205,107,True
7,591,3098,3205,107,True
11,599,3098,3205,107,True
12,628,3098,3205,107,True
15,610,3098,3268,170,True
18,612,3098,3205,107,True
19,594,3098,3268,170,True
22,650,3098,3205,107,True
37,596,3098,3205,107,True
51,616,3098,3220,122,True
53,605,3098,3220,122,True
57,609,3098,3220,122,True
77,613,3098,3220,122,True
78,634,3098,3304,206,True
83,599,3098,3220,122,True
84,628,3098,3220,122,True
90,625,3098,3304,206,True
91,609,3098,3220,122,True
93,605,3098,3304,206,True
1,634,3099,3268,169,True
3,647,3099,3205,106,True
20,600,3099,3167,68,True
22,651,3099,3205,106,True
26,613,3099,3205,106,True
30,624,3099,3167,68,True
33,611,3099,3205,106,True
36,631,3099,3205,106,True
37,597,3099,3205,106,True
44,635,3099,3205,106,True
54,679,3099,3304,205,True
58,609,3099,3304,205,True
62,606,3099,3220,121,True
68,642,3099,3220,121,True
86,633,3099,3167,68,True
91,610,3099,3304,205,True
96,589,3099,3304,205,True
3,648,3100,3205,105,True
8,605,3100,3205,105,True
14,621,3100,3205,105,True
16,659,3100,3205,105,True
17,587,3100,3268,168,True
24,578,3100,3205,105,True
29,605,3100,3205,105,True
32,631,3100,3205,105,True
36,632,3100,3205,105,True
41,635,3100,3268,168,True
48,650,3100,3205,105,True
53,606,3100,3220,120,True
54,680,3100,3304,204,True
61,615,3100,3167,67,True
62,607,3100,3220,120,True
69,657,3100,3304,204,True
70,632,3100,3167,67,True
71,618,3100,3304,204,True
74,633,3100,3220,120,True
76,632,3100,3220,120,True
79,560,3100,3167,67,True
82,622,3100,3220,120,True
89,612,3100,3304,204,True
90,626,3100,3304,204,True
99,614,3100,3220,120,True
1,635,3101,3268,167,True
5,605,3101,3268,167,True
11,600,3101,3205,104,True
23,626,3101,3205,104,True
24,579,3101,3205,104,True
30,625,3101,3167,66,True
42,646,3101,3268,167,True
51,617,3101,3220,119,True
52,601,3101,,,False
54,681,3101,3304,203,True
59,634,3101,3220,119,True
61,616,3101,3167,66,True
69,658,3101,3304,203,True
72,618,3101,3220,119,True
84,629,3101,3220,119,True
86,634,3101,3167,66,True
89,613,3101,3304,203,True
91,611,3101,3304,203,True
92,657,3101,3220,119,True
1,636,3102,3268,166,True
2,646,3102,3205,103,True
3,649,3102,3205,103,True
11,601,3102,3205,103,True
18,613,3102,3205,103,True
29,606,3102,3205,103,True
34,605,3102,3167,65,True
36,633,3102,3205,103,True
53,607,3102,3220,118,True
54,682,3102,3304,202,True
61,617,3102,3167,65,True
63,653,3102,3304,202,True
65,613,3102,3220,118,True
67,596,3102,3220,118,True
71,619,3102,3304,202,True
75,629,3102,3220,118,True
78,635,3102,3304,202,True
79,561,3102,3167,65,True
82,623,3102,3220,118,True
83,600,3102,3220,118,True
84,630,3102,3220,118,True
90,627,3102,3304,202,True
95,623,3102,3220,118,True
97,603,3102,3220,118,True
98,612,3102,3167,65,True
0,657,3103,3205,102,True
1,637,3103,3268,165,True
2,647,3103,3205,102,True
4,629,3103,3268,165,True
11,602,3103,3205,102,True
16,660,3103,3205,102,True
20,601,3103,3167,64,True
23,627,3103,3205,102,True
24,580,3103,3205,102,True
34,606,3103,3167,64,True
46,609,3103,3205,102,True
53,608,3103,3220,117,True
56,615,3103,3220,117,True
65,614,3103,3220,117,True
67,597,3103,3304,201,True
68,643,3103,3220,117,True
75,630,3103,3220,117,True
82,624,3103,3220,117,True
91,612,3103,3304,201,True
2,648,3104,3205,101,True
18,614,3104,3205,101,True
22,652,3104,3205,101,True
23,628,3104,3205,101,True
29,607,3104,3205,101,True
34,607,3104,3167,63,True
41,636,3104,3268,164,True
42,647,3104,3268,164,True
46,610,3104,3205,101,True
58,610,3104,3304,200,True
63,654,3104,3304,200,True
71,620,3104,3304,200,True
72,619,3104,3220,116,True
85,620,3104,3304,200,True
88,638,3104,3304,200,True
91,613,3104,3304,200,True
95,624,3104,3220,116,True
98,613,3104,3167,63,True
10,613,3105,3268,163,True
15,611,3105,3268,163,True
23,629,3105,3205,100,True
29,608,3105,3205,100,True
32,632,3105,3205,100,True
33,612,3105,3205,100,True
34,608,3105,3167,62,True
37,598,3105,3205,100,True
57,610,3105,3220,115,True
58,611,3105,3304,199,True
65,615,3105,3220,115,True
67,598,3105,3304,199,True
69,659,3105,3304,199,True
70,633,3105,3167,62,True
75,631,3105,3220,115,True
80,655,3105,3220,115,True
94,614,3105,3220,115,True
95,625,3105,3220,115,True
99,615,3105,3304,199,True
7,592,3106,3205,99,True
8,606,3106,3205,99,True
9,656,3106,3205,99,True
11,603,3106,3205,99,True
12,629,3106,3205,99,True
14,622,3106,3205,99,True
25,618,3106,3268,162,True
27,629,3106,3268,162,True
32,633,3106,3205,99,True
34,609,3106,3167,61,True
38,604,3106,3205,99,True
41,637,3106,3268,162,True
45,580,3106,3205,99,True
46,611,3106,3268,162,True
51,618,3106,3220,114,True
57,611,3106,3220,114,True
62,608,3106,3220,114,True
63,655,3106,3304,198,True
65,616,3106,3220,114,True
69,660,3106,3304,198,True
70,634,3106,3167,61,True
73,592,3106,3220,114,True
77,614,3106,3220,114,True
82,625,3106,3220,114,True
91,614,3106,3304,198,True
93,606,3106,3304,198,True
98,614,3106,3167,61,True
1,638,3107,3268,161,True
3,650,3107,3205,98,True
9,657,3107,3205,98,True
16,661,3107,3205,98,True
20,602,3107,3167,60,True
28,624,3107,3205,98,True
35,632,3107,3167,60,True
40,691,3107,3205,98,True
43,585,3107,3205,98,True
46,612,3107,3268,161,True
47,594,3107,3268,161,True
50,605,3107,3220,113,True
61,618,3107,3167,60,True
68,644,3107,3220,113,True
76,633,3107,3220,113,True
79,562,3107,3167,60,True
81,566,3107,3304,197,True
83,601,3107,3220,113,True
90,628,3107,3304,197,True
92,658,3107,3304,197,True
11,604,3108,3205,97,True
15,612,3108,3268,160,True
17,588,3108,3268,160,True
18,615,3108,3205,97,True
22,653,3108,3205,97,True
23,630,3108,3205,97,True
31,641,3108,3205,97,True
32,634,3108,3205,97,True
38,605,3108,3205,97,True
41,638,3108,3268,160,True
51,619,3108,3220,112,True
55,579,3108,3220,112,True
57,612,3108,3220,112,True
59,635,3108,3220,112,True
74,634,3108,3304,196,True
79,563,3108,3167,59,True
81,567,3108,3304,196,True
88,639,3108,3304,196,True
91,615,3108,3304,196,True
92,659,3108,3304,196,True
95,626,3108,3220,112,True
13,618,3109,3205,96,True
18,616,3109,3205,96,True
30,626,3109,3167,58,True
33,613,3109,3205,96,True
36,634,3109,3268,159,True
43,586,3109,3205,96,True
48,651,3109,3205,96,True
52,602,3109,,,False
56,616,3109,3220,111,True
57,613,3109,3220,111,True
66,614,3109,3304,195,True
76,634,3109,3220,111,True
78,636,3109,3304,195,True
84,631,3109,3220,111,True
88,640,3109,3304,195,True
92,660,3109,3304,195,True
93,607,3109,3304,195,True
95,627,3109,3220,111,True
96,590,3109,3304,195,True
1,639,3110,3268,158,True
6,618,3110,3268,158,True
14,623,3110,3205,95,True
23,631,3110,3205,95,True
24,581,3110,3205,95,True
30,627,3110,3167,57,True
33,614,3110,3205,95,True
40,692,3110,3205,95,True
54,683,3110,3304,194,True
56,617,3110,3220,110,True
74,635,3110,3304,194,True
75,632,3110,3220,110,True
91,616,3110,3304,194,True
98,615,3110,3220,110,True
1,640,3111,3268,157,True
2,649,3111,3205,94,True
14,624,3111,3205,94,True
17,589,3111,3268,157,True
25,619,3111,3268,157,True
39,593,3111,3268,157,True
44,636,3111,3268,157,True
52,603,3111,,,False
62,609,3111,3220,109,True
64,655,3111,3220,109,True
69,661,3111,3304,193,True
70,635,3111,3167,56,True
74,636,3111,3304,193,True
84,632,3111,3220,109,True
90,629,3111,3304,193,True
91,617,3111,3304,193,True
92,661,3111,3304,193,True
93,608,3111,3304,193,True
4,630,3112,3268,156,True
13,619,3112,3268,156,True
15,613,3112,3268,156,True
18,617,3112,3205,93,True
22,654,3112,3205,93,True
25,620,3112,3268,156,True
27,630,3112,3268,156,True
37,599,3112,3268,156,True
47,595,3112,3268,156,True
76,635,3112,3220,108,True
83,602,3112,3220,108,True
92,662,3112,3304,192,True
96,591,3112,3304,192,True
1,641,3113,3268,155,True
3,651,3113,3268,155,True
4,631,3113,3268,155,True
10,614,3113,3268,155,True
13,620,3113,3268,155,True
25,621,3113,3268,155,True
26,614,3113,3205,92,True
37,600,3113,3268,155,True
38,606,3113,3205,92,True
45,581,3113,3205,92,True
51,620,3113,3220,107,True
55,580,3113,3220,107,True
62,610,3113,3304,191,True
64,656,3113,3220,107,True
67,599,3113,3304,191,True
69,662,3113,3304,191,True
70,636,3113,3220,107,True
76,636,3113,3220,107,True
77,615,3113,3304,191,True
79,564,3113,3220,107,True
81,568,3113,3304,191,True
4,632,3114,3268,154,True
5,606,3114,3268,154,True
14,625,3114,3205,91,True
17,590,3114,3268,154,True
21,608,3114,3205,91,True
22,655,3114,3205,91,True
23,632,3114,3268,154,True
24,582,3114,3268,154,True
28,625,3114,3205,91,True
31,642,3114,3205,91,True
32,635,3114,3268,154,True
33,615,3114,3205,91,True
42,648,3114,3268,154,True
53,609,3114,3304,190,True
55,581,3114,3220,106,True
58,612,3114,3304,190,True
59,636,3114,3304,190,True
61,619,3114,3167,53,True
63,656,3114,3304,190,True
67,600,3114,3304,190,True
77,616,3114,3304,190,True
80,656,3114,3220,106,True
92,663,3114,3304,190,True
93,609,3114,3304,190,True
97,604,3114,3220,106,True
3,652,3115,3268,153,True
6,619,3115,3268,153,True
12,630,3115,3268,153,True
34,610,3115,3205,90,True
39,594,3115,3268,153,True
53,610,3115,3304,189,True
54,684,3115,3304,189,True
63,657,3115,3304,189,True
64,657,3115,3220,105,True
68,645,3115,3220,105,True
70,637,3115,3220,105,True
76,637,3115,3220,105,True
79,565,3115,3220,105,True
81,569,3115,3304,189,True
86,635,3115,3220,105,True
98,616,3115,3220,105,True
99,616,3115,3304,189,True
1,642,3116,3268,152,True
4,633,3116,3268,152,True
14,626,3116,3205,89,True
17,591,3116,3268,152,True
23,633,3116,3268,152,True
33,616,3116,3205,89,True
39,595,3116,3268,152,True
45,582,3116,3205,89,True
47,596,3116,3268,152,True
49,636,3116,3205,89,True
50,606,3116,3220,104,True
51,621,3116,3220,104,True
52,604,3116,,,False
57,614,3116,3220,104,True
67,601,3116,3304,188,True
77,617,3116,3304,188,True
85,621,3116,3304,188,True
86,636,3116,3220,104,True
88,641,3116,3304,188,True
89,614,3116,3304,188,True
0,658,3117,3268,151,True
3,653,3117,3268,151,True
4,634,3117,3268,151,True
9,658,3117,3268,151,True
14,627,3117,3205,88,True
23,634,3117,3268,151,True
24,583,3117,3268,151,True
25,622,3117,3268,151,True
30,628,3117,3268,151,True
37,601,3117,3268,151,True
53,611,3117,3304,187,True
60,597,3117,3304,187,True
63,658,3117,3304,187,True
73,593,3117,3220,103,True
81,570,3117,3304,187,True
90,630,3117,3304,187,True
92,664,3117,3304,187,True
0,659,3118,3268,150,True
5,607,3118,3268,150,True
9,659,3118,3268,150,True
15,614,3118,3268,150,True
24,584,3118,3268,150,True
29,609,3118,3268,150,True
31,643,3118,3205,87,True
41,639,3118,3268,150,True
45,583,3118,3205,87,True
51,622,3118,3220,102,True
64,658,3118,3220,102,True
71,621,3118,3304,186,True
72,620,3118,3220,102,True
88,642,3118,3304,186,True
97,605,3118,3304,186,True
5,608,3119,3268,149,True
9,660,3119,3268,149,True
10,615,3119,3268,149,True
15,615,3119,3268,149,True
20,603,3119,3205,86,True
28,626,3119,3268,149,True
32,636,3119,3268,149,True
41,640,3119,3268,149,True
45,584,3119,3205,86,True
47,597,3119,3268,149,True
48,652,3119,3205,86,True
52,605,3119,,,False
53,612,3119,3304,185,True
57,615,3119,3220,101,True
63,659,3119,3304,185,True
68,646,3119,3220,101,True
77,618,3119,3304,185,True
79,566,3119,3220,101,True
80,657,3119,3220,101,True
99,617,3119,3304,185,True
2,650,3120,3205,85,True
4,635,3120,3268,148,True
10,616,3120,3268,148,True
13,621,3120,3268,148,True
17,592,3120,3268,148,True
18,618,3120,3268,148,True
24,585,3120,3268,148,True
26,615,3120,3268,148,True
30,629,3120,3268,148,True
37,602,3120,3268,148,True
38,607,3120,3205,85,True
49,637,3120,3268,148,True
54,685,3120,3304,184,True
56,618,3120,3304,184,True
67,602,3120,3304,184,True
68,647,3120,3220,100,True
72,621,3120,3220,100,True
74,637,3120,3304,184,True
75,633,3120,3304,184,True
81,571,3120,3304,184,True
87,591,3120,3304,184,True
93,610,3120,3304,184,True
3,654,3121,3268,147,True
4,636,3121,3268,147,True
9,661,3121,3268,147,True
13,622,3121,3268,147,True
14,628,3121,3205,84,True
20,604,3121,3205,84,True
23,635,3121,3268,147,True
25,623,3121,3268,147,True
37,603,3121,3268,147,True
43,587,3121,3205,84,True
66,615,3121,3304,183,True
75,634,3121,3304,183,True
77,619,3121,3304,183,True
86,637,3121,3220,99,True
94,615,3121,3220,99,True
97,606,3121,3304,183,True
98,617,3121,3220,99,True
2,651,3122,3268,146,True
4,637,3122,3268,146,True
8,607,3122,3268,146,True
15,616,3122,3268,146,True
29,610,3122,3268,146,True
32,637,3122,3268,146,True
33,617,3122,3268,146,True
37,604,3122,3268,146,True
41,641,3122,3268,146,True
42,649,3122,3268,146,True
49,638,3122,3268,146,True
50,607,3122,3220,98,True
52,606,3122,,,False
53,613,3122,3304,182,True
54,686,3122,3304,182,True
65,617,3122,3220,98,True
68,648,3122,3220,98,True
76,638,3122,3220,98,True
83,603,3122,3304,182,True
84,633,3122,3304,182,True
99,618,3122,3304,182,True
0,660,3123,3268,145,True
4,638,3123,3268,145,True
7,593,3123,3268,145,True
13,623,3123,3268,145,True
15,617,3123,3268,145,True
19,595,3123,3268,145,True
20,605,3123,3205,82,True
44,637,3123,3268,145,True
48,653,3123,3268,145,True
66,616,3123,3304,181,True
67,603,3123,3304,181,True
68,649,3123,3220,97,True
70,638,3123,3220,97,True
80,658,3123,3220,97,True
85,622,3123,3304,181,True
88,643,3123,3304,181,True
94,616,3123,3220,97,True
99,619,3123,3304,181,True
3,655,3124,3268,144,True
4,639,3124,3268,144,True
6,620,3124,3268,144,True
15,618,3124,3268,144,True
20,606,3124,3205,81,True
38,608,3124,3205,81,True
39,596,3124,3268,144,True
47,598,3124,3268,144,True
51,623,3124,3220,96,True
55,582,3124,3304,180,True
68,650,3124,3220,96,True
71,622,3124,3304,180,True
74,638,3124,3304,180,True
80,659,3124,3220,96,True
85,623,3124,3304,180,True
86,638,3124,3220,96,True
90,631,3124,3304,180,True
92,665,3124,3304,180,True
93,611,3124,3304,180,True
5,609,3125,3268,143,True
8,608,3125,3268,143,True
11,605,3125,3268,143,True
12,631,3125,3268,143,True
18,619,3125,3268,143,True
22,656,3125,3205,80,True
26,616,3125,3268,143,True
34,611,3125,3205,80,True
37,605,3125,3268,143,True
39,597,3125,3268,143,True
41,642,3125,3268,143,True
43,588,3125,3205,80,True
44,638,3125,3268,143,True
49,639,3125,3268,143,True
58,613,3125,3304,179,True
74,639,3125,3304,179,True
82,626,3125,3304,179,True
89,615,3125,3304,179,True
90,632,3125,3304,179,True
96,592,3125,3304,179,True
0,661,3126,3268,142,True
1,643,3126,3268,142,True
4,640,3126,3268,142,True
6,621,3126,3268,142,True
7,594,3126,3268,142,True
8,609,3126,3268,142,True
17,593,3126,3268,142,True
22,657,3126,3205,79,True
26,617,3126,3268,142,True
30,630,3126,3268,142,True
34,612,3126,3205,79,True
45,585,3126,3205,79,True
52,607,3126,,,False
61,620,3126,3220,94,True
62,611,3126,3304,178,True
65,618,3126,3220,94,True
67,604,3126,3304,178,True
72,622,3126,3220,94,True
9,662,3127,3268,141,True
12,632,3127,3268,141,True
13,624,3127,3268,141,True
17,594,3127,3268,141,True
19,596,3127,3268,141,True
22,658,3127,3205,78,True
23,636,3127,3268,141,True
33,618,3127,3268,141,True
35,633,3127,3205,78,True
39,598,3127,3268,141,True
42,650,3127,3268,141,True
54,687,3127,3304,177,True
64,659,3127,3220,93,True
70,639,3127,3220,93,True
74,640,3127,3304,177,True
75,635,3127,3304,177,True
86,639,3127,3220,93,True
93,612,3127,3304,177,True
95,628,3127,3220,93,True
1,644,3128,3268,140,True
2,652,3128,3268,140,True
7,595,3128,3268,140,True
8,610,3128,3268,140,True
16,662,3128,3268,140,True
18,620,3128,3268,140,True
29,611,3128,3268,140,True
37,606,3128,3268,140,True
61,621,3128,3220,92,True
62,612,3128,3304,176,True
63,660,3128,3304,176,True
76,639,3128,3220,92,True
78,637,3128,3304,176,True
82,627,3128,3304,176,True
92,666,3128,3304,176,True
93,613,3128,3304,176,True
97,607,3128,3304,176,True
98,618,3128,3220,92,True
99,620,3128,3304,176,True
3,656,3129,3268,139,True
4,641,3129,3268,139,True
6,622,3129,3268,139,True
8,611,3129,3268,139,True
9,663,3129,3268,139,True
15,619,3129,3268,139,True
20,607,3129,3205,76,True
24,586,3129,3268,139,True
28,627,3129,3268,139,True
30,631,3129,3268,139,True
34,613,3129,3205,76,True
43,589,3129,3268,139,True
45,586,3129,3205,76,True
53,614,3129,3304,175,True
62,613,3129,3304,175,True
63,661,3129,3304,175,True
64,660,3129,3220,91,True
67,605,3129,3304,175,True
68,651,3129,3220,91,True
78,638,3129,3304,175,True
85,624,3129,3304,175,True
86,640,3129,3220,91,True
98,619,3129,3220,91,True
0,662,3130,3268,138,True
4,642,3130,3268,138,True
11,606,3130,3268,138,True
13,625,3130,3268,138,True
17,595,3130,3268,138,True
21,609,3130,3268,138,True
26,618,3130,3268,138,True
36,635,3130,3268,138,True
46,613,3130,3268,138,True
56,619,3130,3304,174,True
57,616,3130,3220,90,True
60,598,3130,3304,174,True
61,622,3130,3220,90,True
63,662,3130,3304,174,True
73,594,3130,3220,90,True
1,645,3131,3268,137,True
4,643,3131,3268,137,True
10,617,3131,3268,137,True
12,633,3131,3268,137,True
16,663,3131,3268,137,True
17,596,3131,3268,137,True
27,631,3131,3268,137,True
35,634,3131,3205,74,True
36,636,3131,3268,137,True
37,607,3131,3268,137,True
41,643,3131,3268,137,True
52,608,3131,,,False
53,615,3131,3304,173,True
56,620,3131,3304,173,True
59,637,3131,3304,173,True
64,661,3131,3220,89,True
68,652,3131,3304,173,True
72,623,3131,3220,89,True
73,595,3131,3220,89,True
82,628,3131,3304,173,True
97,608,3131,3304,173,True
98,620,3131,3220,89,True
99,621,3131,3304,173,True
1,646,3132,3268,136,True
8,612,3132,3268,136,True
11,607,3132,3268,136,True
13,626,3132,3268,136,True
18,621,3132,3268,136,True
20,608,3132,3205,73,True
28,628,3132,3268,136,True
29,612,3132,3268,136,True
32,638,3132,3268,136,True
49,640,3132,3268,136,True
60,599,3132,3304,172,True
65,619,3132,3220,88,True
68,653,3132,3304,172,True
72,624,3132,3220,88,True
73,596,3132,3220,88,True
76,640,3132,3220,88,True
80,660,3132,3304,172,True
81,572,3132,3304,172,True
89,616,3132,3304,172,True
95,629,3132,3220,88,True
3,657,3133,3268,135,True
20,609,3133,3205,72,True
21,610,3133,3268,135,True
22,659,3133,3268,135,True
30,632,3133,3268,135,True
32,639,3133,3268,135,True
41,644,3133,3268,135,True
43,590,3133,3268,135,True
45,587,3133,3268,135,True
48,654,3133,3268,135,True
50,608,3133,3220,87,True
52,609,3133,,,False
54,688,3133,3304,171,True
59,638,3133,3304,171,True
62,614,3133,3304,171,True
67,606,3133,3304,171,True
68,654,3133,3304,171,True
73,597,3133,3220,87,True
95,630,3133,3220,87,True
96,593,3133,3304,171,True
97,609,3133,3304,171,True
0,663,3134,3268,134,True
5,610,3134,3268,134,True
10,618,3134,3268,134,True
12,634,3134,3268,134,True
13,627,3134,3268,134,True
15,620,3134,3268,134,True
18,622,3134,3268,134,True
25,624,3134,3268,134,True
29,613,3134,3268,134,True
34,614,3134,3268,134,True
36,637,3134,3268,134,True
39,599,3134,3268,134,True
42,651,3134,3268,134,True
44,639,3134,3268,134,True
45,588,3134,3268,134,True
49,641,3134,3268,134,True
51,624,3134,3304,170,True
57,617,3134,3220,86,True
59,639,3134,3304,170,True
67,607,3134,3304,170,True
68,655,3134,3304,170,True
81,573,3134,3304,170,True
82,629,3134,3304,170,True
83,604,3134,3304,170,True
85,625,3134,3304,170,True
93,614,3134,3304,170,True
99,622,3134,3304,170,True
9,664,3135,3268,133,True
12,635,3135,3268,133,True
15,621,3135,3268,133,True
21,611,3135,3268,133,True
28,629,3135,3268,133,True
30,633,3135,3268,133,True
31,644,3135,3268,133,True
33,619,3135,3268,133,True
37,608,3135,3268,133,True
52,610,3135,,,False
54,689,3135,3304,169,True
60,600,3135,3304,169,True
68,656,3135,3304,169,True
69,663,3135,3304,169,True
71,623,3135,3304,169,True
82,630,3135,3304,169,True
89,617,3135,3304,169,True
97,610,3135,3304,169,True
99,623,3135,3304,169,True
0,664,3136,3268,132,True
1,647,3136,3268,132,True
12,636,3136,3268,132,True
13,628,3136,3268,132,True
14,629,3136,3268,132,True
17,597,3136,3268,132,True
19,597,3136,3268,132,True
22,660,3136,3268,132,True
29,614,3136,3268,132,True
30,634,3136,3268,132,True
33,620,3136,3268,132,True
34,615,3136,3268,132,True
40,693,3136,3268,132,True
44,640,3136,3268,132,True
48,655,3136,3268,132,True
50,609,3136,3220,84,True
57,618,3136,3220,84,True
58,614,3136,3304,168,True
60,601,3136,3304,168,True
62,615,3136,3304,168,True
68,657,3136,3304,168,True
73,598,3136,3220,84,True
82,631,3136,3304,168,True
83,605,3136,3304,168,True
89,618,3136,3304,168,True
90,633,3136,3304,168,True
91,618,3136,3304,168,True
95,631,3136,3304,168,True
3,658,3137,3268,131,True
8,613,3137,3268,131,True
24,587,3137,3268,131,True
27,632,3137,3268,131,True
35,635,3137,3268,131,True
36,638,3137,3268,131,True
48,656,3137,3268,131,True
49,642,3137,3268,131,True
71,624,3137,3304,167,True
76,641,3137,3304,167,True
79,567,3137,3248,111,True
82,632,3137,3304,167,True
87,592,3137,3304,167,True
93,615,3137,3304,167,True
96,594,3137,3304,167,True
97,611,3137,3304,167,True
3,659,3138,3268,130,True
10,619,3138,3268,130,True
24,588,3138,3268,130,True
28,630,3138,3268,130,True
34,616,3138,3268,130,True
37,609,3138,3268,130,True
40,694,3138,3268,130,True
56,621,3138,3304,166,True
58,615,3138,3304,166,True
61,623,3138,3220,82,True
63,663,3138,3304,166,True
64,662,3138,3248,110,True
67,608,3138,3304,166,True
68,658,3138,3304,166,True
69,664,3138,3304,166,True
77,620,3138,3304,166,True
80,661,3138,3304,166,True
82,633,3138,3304,166,True
84,634,3138,3304,166,True
88,644,3138,3304,166,True
92,667,3138,3304,166,True
94,617,3138,3304,166,True
97,612,3138,3304,166,True
0,665,3139,3268,129,True
2,653,3139,3268,129,True
10,620,3139,3268,129,True
12,637,3139,3268,129,True
15,622,3139,3268,129,True
18,623,3139,3268,129,True
21,612,3139,3268,129,True
32,640,3139,3268,129,True
34,617,3139,3268,129,True
39,600,3139,3268,129,True
44,641,3139,3268,129,True
47,599,3139,3268,129,True
56,622,3139,3304,165,True
59,640,3139,3304,165,True
63,664,3139,3304,165,True
67,609,3139,3304,165,True
68,659,3139,3304,165,True
71,625,3139,3304,165,True
91,619,3139,3304,165,True
92,668,3139,3304,165,True
94,618,3139,3304,165,True
0,666,3140,3268,128,True
2,654,3140,3268,128,True
3,660,3140,3268,128,True
5,611,3140,3268,128,True
8,614,3140,3268,128,True
9,665,3140,3268,128,True
18,624,3140,3268,128,True
22,661,3140,3268,128,True
25,625,3140,3268,128,True
28,631,3140,3268,128,True
59,641,3140,3304,164,True
60,602,3140,3304,164,True
65,620,3140,3304,164,True
82,634,3140,3304,164,True
87,593,3140,3304,164,True
94,619,3140,3304,164,True
95,632,3140,3304,164,True
97,613,3140,3304,164,True
8,615,3141,3313,172,True
9,666,3141,3268,127,True
15,623,3141,3268,127,True
28,632,3141,3268,127,True
33,621,3141,3268,127,True
37,610,3141,3268,127,True
40,695,3141,3268,127,True
43,591,3141,3268,127,True
73,599,3141,3304,163,True
1,648,3142,3268,126,True
4,644,3142,3313,171,True
16,664,3142,3268,126,True
20,610,3142,3268,126,True
28,633,3142,3268,126,True
34,618,3142,3268,126,True
40,696,3142,3268,126,True
67,610,3142,3304,162,True
71,626,3142,3304,162,True
72,625,3142,3248,106,True
74,641,3142,3304,162,True
77,621,3142,3304,162,True
80,662,3142,3304,162,True
88,645,3142,3304,162,True
96,595,3142,3304,162,True
0,667,3143,3268,125,True
3,661,3143,3268,125,True
17,598,3143,3268,125,True
20,611,3143,3268,125,True
26,619,3143,3268,125,True
31,645,3143,3268,125,True
36,639,3143,3268,125,True
37,611,3143,3268,125,True
39,601,3143,3268,125,True
45,589,3143,3268,125,True
57,619,3143,3248,105,True
62,616,3143,3304,161,True
63,665,3143,3304,161,True
64,663,3143,3248,105,True
65,621,3143,3304,161,True
68,660,3143,3304,161,True
70,640,3143,3220,77,True
72,626,3143,3248,105,True
79,568,3143,3248,105,True
83,606,3143,3304,161,True
84,635,3143,3304,161,True
93,616,3143,3304,161,True
99,624,3143,3304,161,True
1,649,3144,3268,124,True
7,596,3144,3268,124,True
8,616,3144,3313,169,True
11,608,3144,3268,124,True
17,599,3144,3268,124,True
20,612,3144,3268,124,True
25,626,3144,3268,124,True
28,634,3144,3268,124,True
34,619,3144,3268,124,True
35,636,3144,3268,124,True
37,612,3144,3268,124,True
40,697,3144,3268,124,True
45,590,3144,3268,124,True
46,614,3144,3268,124,True
48,657,3144,3268,124,True
56,623,3144,3304,160,True
67,611,3144,3304,160,True
73,600,3144,3304,160,True
80,663,3144,3304,160,True
81,574,3144,3304,160,True
84,636,3144,3304,160,True
85,626,3144,3304,160,True
86,641,3144,3304,160,True
87,594,3144,3304,160,True
93,617,3144,3304,160,True
95,633,3144,3304,160,True
98,621,3144,3304,160,True
99,625,3144,3304,160,True
0,668,3145,3268,123,True
13,629,3145,3268,123,True
16,665,3145,3268,123,True
17,600,3145,3268,123,True
18,625,3145,3268,123,True
21,613,3145,3268,123,True
24,589,3145,3268,123,True
25,627,3145,3268,123,True
49,643,3145,3268,123,True
57,620,3145,3248,103,True
61,624,3145,3220,75,True
79,569,3145,3248,103,True
90,634,3145,3304,159,True
97,614,3145,3304,159,True
0,669,3146,3313,167,True
1,650,3146,3313,167,True
5,612,3146,3268,122,True
12,638,3146,3268,122,True
15,624,3146,3268,122,True
20,613,3146,3268,122,True
27,633,3146,3268,122,True
35,637,3146,3268,122,True
45,591,3146,3268,122,True
49,644,3146,3268,122,True
51,625,3146,3304,158,True
58,616,3146,3304,158,True
60,603,3146,3304,158,True
63,666,3146,3304,158,True
67,612,3146,3304,158,True
70,641,3146,3248,102,True
71,627,3146,3304,158,True
82,635,3146,3304,158,True
83,607,3146,3304,158,True
86,642,3146,3304,158,True
89,619,3146,3304,158,True
91,620,3146,3304,158,True
92,669,3146,3304,158,True
94,620,3146,3304,158,True
97,615,3146,3304,158,True
8,617,3147,3313,166,True
12,639,3147,3268,121,True
14,630,3147,3268,121,True
19,598,3147,3268,121,True
22,662,3147,3268,121,True
25,628,3147,3268,121,True
29,615,3147,3268,121,True
31,646,3147,3268,121,True
34,620,3147,3268,121,True
40,698,3147,3268,121,True
41,645,3147,3268,121,True
46,615,3147,3268,121,True
48,658,3147,3268,121,True
50,610,3147,3304,157,True
55,583,3147,3304,157,True
59,642,3147,3304,157,True
67,613,3147,3304,157,True
82,636,3147,3304,157,True
89,620,3147,3304,157,True
92,670,3147,3304,157,True
4,645,3148,3313,165,True
7,597,3148,3268,120,True
15,625,3148,3268,120,True
18,626,3148,3268,120,True
21,614,3148,3268,120,True
25,629,3148,3268,120,True
26,620,3148,3268,120,True
45,592,3148,3268,120,True
46,616,3148,3268,120,True
47,600,3148,3268,120,True
59,643,3148,3304,156,True
60,604,3148,3304,156,True
66,617,3148,3304,156,True
69,665,3148,3304,156,True
75,636,3148,3304,156,True
76,642,3148,3304,156,True
78,639,3148,3304,156,True
79,570,3148,3304,156,True
80,664,3148,3304,156,True
88,646,3148,3304,156,True
99,626,3148,3304,156,True
5,613,3149,3268,119,True
11,609,3149,3268,119,True
18,627,3149,3268,119,True
22,663,3149,3268,119,True
23,637,3149,3268,119,True
32,641,3149,3268,119,True
49,645,3149,3268,119,True
51,626,3149,3304,155,True
53,616,3149,3304,155,True
54,690,3149,3304,155,True
55,584,3149,3304,155,True
57,621,3149,3248,99,True
59,644,3149,3304,155,True
66,618,3149,3304,155,True
69,666,3149,3304,155,True
71,628,3149,3304,155,True
72,627,3149,3248,99,True
73,601,3149,3304,155,True
78,640,3149,3304,155,True
82,637,3149,3304,155,True
83,608,3149,3304,155,True
5,614,3150,3268,118,True
21,615,3150,3268,118,True
25,630,3150,3268,118,True
26,621,3150,3268,118,True
34,621,3150,3268,118,True
36,640,3150,3268,118,True
53,617,3150,3304,154,True
69,667,3150,3304,154,True
71,629,3150,3304,154,True
75,637,3150,3304,154,True
79,571,3150,3304,154,True
82,638,3150,3304,154,True
96,596,3150,3304,154,True
5,615,3151,3268,117,True
9,667,3151,3268,117,True
13,630,3151,3268,117,True
23,638,3151,3268,117,True
24,590,3151,3268,117,True
34,622,3151,3268,117,True
40,699,3151,3268,117,True
49,646,3151,3268,117,True
52,611,3151,,,False
59,645,3151,3304,153,True
60,605,3151,3304,153,True
62,617,3151,3304,153,True
66,619,3151,3304,153,True
74,642,3151,3304,153,True
84,637,3151,3304,153,True
85,627,3151,3304,153,True
89,621,3151,3304,153,True
92,671,3151,3304,153,True
93,618,3151,3304,153,True
2,655,3152,3268,116,True
5,616,3152,3268,116,True
13,631,3152,3268,116,True
23,639,3152,3268,116,True
29,616,3152,3268,116,True
33,622,3152,3268,116,True
34,623,3152,3268,116,True
41,646,3152,3268,116,True
45,593,3152,3268,116,True
51,627,3152,3304,152,True
52,612,3152,,,False
57,622,3152,3248,96,True
71,630,3152,3304,152,True
84,638,3152,3304,152,True
94,621,3152,3304,152,True
98,622,3152,3304,152,True
3,662,3153,3268,115,True
4,646,3153,3313,160,True
12,640,3153,3313,160,True
13,632,3153,3268,115,True
14,631,3153,3268,115,True
17,601,3153,3268,115,True
19,599,3153,3268,115,True
26,622,3153,3268,115,True
27,634,3153,3268,115,True
31,647,3153,3268,115,True
33,623,3153,3268,115,True
36,641,3153,3268,115,True
43,592,3153,3268,115,True
44,642,3153,3268,115,True
64,664,3153,3248,95,True
70,642,3153,3248,95,True
74,643,3153,3304,151,True
75,638,3153,3304,151,True
82,639,3153,3304,151,True
83,609,3153,3304,151,True
88,647,3153,3304,151,True
89,622,3153,3304,151,True
92,672,3153,3304,151,True
98,623,3153,3304,151,True
15,626,3154,3268,114,True
19,600,3154,3268,114,True
20,614,3154,3268,114,True
25,631,3154,3268,114,True
30,635,3154,3268,114,True
32,642,3154,3268,114,True
37,613,3154,3268,114,True
47,601,3154,3268,114,True
50,611,3154,3304,150,True
58,617,3154,3304,150,True
63,667,3154,3304,150,True
72,628,3154,3248,94,True
75,639,3154,3304,150,True
87,595,3154,3304,150,True
95,634,3154,3304,150,True
97,616,3154,3304,150,True
3,663,3155,3268,113,True
6,623,3155,3268,113,True
10,621,3155,3268,113,True
11,610,3155,3313,158,True
16,666,3155,3268,113,True
18,628,3155,3268,113,True
23,640,3155,3268,113,True
24,591,3155,3268,113,True
27,635,3155,3268,113,True
31,648,3155,3268,113,True
38,609,3155,3268,113,True
42,652,3155,3268,113,True
49,647,3155,3268,113,True
50,612,3155,3304,149,True
53,618,3155,3304,149,True
64,665,3155,3248,93,True
66,620,3155,3304,149,True
68,661,3155,3304,149,True
70,643,3155,3248,93,True
73,602,3155,3304,149,True
75,640,3155,3304,149,True
78,641,3155,3304,149,True
84,639,3155,3304,149,True
88,648,3155,3304,149,True
89,623,3155,3304,149,True
98,624,3155,3304,149,True
7,598,3156,3268,112,True
10,622,3156,3268,112,True
13,633,3156,3268,112,True
15,627,3156,3268,112,True
23,641,3156,3268,112,True
33,624,3156,3268,112,True
38,610,3156,3268,112,True
40,700,3156,3268,112,True
50,613,3156,3304,148,True
52,613,3156,,,False
54,691,3156,3304,148,True
58,618,3156,3304,148,True
61,625,3156,3248,92,True
64,666,3156,3248,92,True
71,631,3156,3304,148,True
73,603,3156,3304,148,True
83,610,3156,3304,148,True
85,628,3156,3304,148,True
92,673,3156,3304,148,True
10,623,3157,3268,111,True
14,632,3157,3268,111,True
25,632,3157,3268,111,True
31,649,3157,3268,111,True
34,624,3157,3268,111,True
39,602,3157,3268,111,True
43,593,3157,3268,111,True
44,643,3157,3268,111,True
56,624,3157,3304,147,True
66,621,3157,3304,147,True
71,632,3157,3304,147,True
96,597,3157,3304,147,True
1,651,3158,3313,155,True
2,656,3158,3268,110,True
6,624,3158,3268,110,True
10,624,3158,3268,110,True
15,628,3158,3268,110,True
19,601,3158,3268,110,True
21,616,3158,3268,110,True
22,664,3158,3268,110,True
27,636,3158,3268,110,True
31,650,3158,3268,110,True
36,642,3158,3268,110,True
39,603,3158,3268,110,True
65,622,3158,3304,146,True
75,641,3158,3304,146,True
76,643,3158,3304,146,True
86,643,3158,3304,146,True
87,596,3158,3304,146,True
88,649,3158,3304,146,True
94,622,3158,3304,146,True
98,625,3158,3304,146,True
4,647,3159,3313,154,True
7,599,3159,3268,109,True
8,618,3159,3313,154,True
15,629,3159,3268,109,True
17,602,3159,3268,109,True
19,602,3159,3268,109,True
21,617,3159,3268,109,True
23,642,3159,3268,109,True
27,637,3159,3268,109,True
32,643,3159,3268,109,True
39,604,3159,3268,109,True
44,644,3159,3268,109,True
45,594,3159,3268,109,True
50,614,3159,3304,145,True
52,614,3159,,,False
57,623,3159,3248,89,True
62,618,3159,3304,145,True
75,642,3159,3304,145,True
81,575,3159,3304,145,True
84,640,3159,3304,145,True
88,650,3159,3304,145,True
95,635,3159,3304,145,True
96,598,3159,3304,145,True
97,617,3159,3304,145,True
3,664,3160,3268,108,True
6,625,3160,3268,108,True
9,668,3160,3268,108,True
14,633,3160,3268,108,True
16,667,3160,3268,108,True
17,603,3160,3268,108,True
23,643,3160,3268,108,True
26,623,3160,3268,108,True
28,635,3160,3268,108,True
32,644,3160,3268,108,True
35,638,3160,3268,108,True
36,643,3160,3268,108,True
42,653,3160,3268,108,True
44,645,3160,3268,108,True
46,617,3160,3268,108,True
62,619,3160,3304,144,True
64,667,3160,3248,88,True
66,622,3160,3304,144,True
67,614,3160,3304,144,True
70,644,3160,3248,88,True
81,576,3160,3304,144,True
95,636,3160,3304,144,True
3,665,3161,3268,107,True
6,626,3161,3268,107,True
12,641,3161,3313,152,True
19,603,3161,3268,107,True
22,665,3161,3268,107,True
23,644,3161,3268,107,True
24,592,3161,3268,107,True
27,638,3161,3268,107,True
30,636,3161,3268,107,True
34,625,3161,3268,107,True
38,611,3161,3268,107,True
44,646,3161,3268,107,True
52,615,3161,,,False
56,625,3161,3304,143,True
57,624,3161,3248,87,True
58,619,3161,3304,143,True
64,668,3161,3248,87,True
86,644,3161,3304,143,True
87,597,3161,3304,143,True
98,626,3161,3304,143,True
99,627,3161,3304,143,True
3,666,3162,3268,106,True
8,619,3162,3313,151,True
9,669,3162,3268,106,True
10,625,3162,3268,106,True
17,604,3162,3268,106,True
20,615,3162,3268,106,True
29,617,3162,3313,151,True
33,625,3162,3268,106,True
34,626,3162,3268,106,True
37,614,3162,3268,106,True
42,654,3162,3268,106,True
43,594,3162,3268,106,True
53,619,3162,3304,142,True
64,669,3162,3248,86,True
68,662,3162,3304,142,True
69,668,3162,3304,142,True
72,629,3162,3248,86,True
78,642,3162,3304,142,True
84,641,3162,3304,142,True
89,624,3162,3304,142,True
90,635,3162,3304,142,True
94,623,3162,3304,142,True
0,670,3163,3313,150,True
3,667,3163,3268,105,True
4,648,3163,3313,150,True
6,627,3163,3268,105,True
10,626,3163,3268,105,True
14,634,3163,3268,105,True
18,629,3163,3268,105,True
24,593,3163,3268,105,True
26,624,3163,3268,105,True
31,651,3163,3268,105,True
37,615,3163,3268,105,True
44,647,3163,3268,105,True
45,595,3163,3268,105,True
48,659,3163,3268,105,True
49,648,3163,3268,105,True
50,615,3163,3304,141,True
57,625,3163,3248,85,True
59,646,3163,3304,141,True
64,670,3163,3248,85,True
69,669,3163,3304,141,True
78,643,3163,3304,141,True
79,572,3163,3304,141,True
84,642,3163,3304,141,True
91,621,3163,3304,141,True
93,619,3163,3304,141,True
96,599,3163,3304,141,True
99,628,3163,3304,141,True
12,642,3164,3313,149,True
15,630,3164,3268,104,True
16,668,3164,3268,104,True
18,630,3164,3268,104,True
24,594,3164,3268,104,True
29,618,3164,3313,149,True
30,637,3164,3268,104,True
34,627,3164,3268,104,True
36,644,3164,3268,104,True
37,616,3164,3268,104,True
38,612,3164,3268,104,True
41,647,3164,3268,104,True
49,649,3164,3268,104,True
51,628,3164,3304,140,True
53,620,3164,3304,140,True
59,647,3164,3304,140,True
64,671,3164,3248,84,True
67,615,3164,3304,140,True
68,663,3164,3304,140,True
70,645,3164,3248,84,True
80,665,3164,3304,140,True
89,625,3164,3304,140,True
96,600,3164,3304,140,True
98,627,3164,3304,140,True
0,671,3165,3313,148,True
4,649,3165,3313,148,True
5,617,3165,3268,103,True
7,600,3165,3268,103,True
12,643,3165,3313,148,True
15,631,3165,3268,103,True
23,645,3165,3268,103,True
28,636,3165,3268,103,True
32,645,3165,3268,103,True
41,648,3165,3268,103,True
43,595,3165,3268,103,True
47,602,3165,3313,148,True
50,616,3165,3304,139,True
65,623,3165,3304,139,True
68,664,3165,3304,139,True
86,645,3165,3304,139,True
89,626,3165,3304,139,True
90,636,3165,3304,139,True
19,604,3166,3268,102,True
29,619,3166,3313,147,True
30,638,3166,3268,102,True
38,613,3166,3268,102,True
40,701,3166,3268,102,True
44,648,3166,3268,102,True
45,596,3166,3268,102,True
55,585,3166,3304,138,True
59,648,3166,3304,138,True
61,626,3166,3248,82,True
62,620,3166,3304,138,True
67,616,3166,3304,138,True
83,611,3166,3304,138,True
84,643,3166,3304,138,True
85,629,3166,3304,138,True
3,668,3167,3268,101,True
5,618,3167,3268,101,True
6,628,3167,3268,101,True
9,670,3167,3268,101,True
10,627,3167,3268,101,True
11,611,3167,3313,146,True
12,644,3167,3313,146,True
13,634,3167,3268,101,True
17,605,3167,3268,101,True
20,616,3167,3268,101,True
26,625,3167,3268,101,True
33,626,3167,3268,101,True
42,655,3167,3268,101,True
44,649,3167,3268,101,True
46,618,3167,3268,101,True
49,650,3167,3268,101,True
52,616,3167,,,False
54,692,3167,3304,137,True
56,626,3167,3304,137,True
70,646,3167,3248,81,True
75,643,3167,3304,137,True
80,666,3167,3304,137,True
82,640,3167,3304,137,True
86,646,3167,3304,137,True
89,627,3167,3304,137,True
93,620,3167,3304,137,True
98,628,3167,3304,137,True
1,652,3168,3313,145,True
2,657,3168,3268,100,True
8,620,3168,3313,145,True
10,628,3168,3268,100,True
12,645,3168,3313,145,True
14,635,3168,3313,145,True
15,632,3168,3268,100,True
19,605,3168,3268,100,True
35,639,3168,3268,100,True
40,702,3168,3268,100,True
41,649,3168,3268,100,True
57,626,3168,3248,80,True
64,672,3168,3248,80,True
66,623,3168,3304,136,True
67,617,3168,3304,136,True
71,633,3168,3304,136,True
73,604,3168,3304,136,True
77,622,3168,3304,136,True
80,667,3168,3304,136,True
85,630,3168,3304,136,True
90,637,3168,3304,136,True
93,621,3168,3304,136,True
99,629,3168,3304,136,True
0,672,3169,3313,144,True
1,653,3169,3313,144,True
2,658,3169,3268,99,True
5,619,3169,3268,99,True
12,646,3169,3313,144,True
20,617,3169,3268,99,True
27,639,3169,3268,99,True
42,656,3169,3268,99,True
43,596,3169,3268,99,True
44,650,3169,3268,99,True
57,627,3169,3248,79,True
64,673,3169,3248,79,True
65,624,3169,3304,135,True
72,630,3169,3248,79,True
76,644,3169,3304,135,True
77,623,3169,3304,135,True
81,577,3169,3304,135,True
86,647,3169,3304,135,True
93,622,3169,3304,135,True
0,673,3170,3313,143,True
3,669,3170,3268,98,True
4,650,3170,3313,143,True
5,620,3170,3268,98,True
12,647,3170,3313,143,True
16,669,3170,3268,98,True
17,606,3170,3268,98,True
28,637,3170,3268,98,True
31,652,3170,3268,98,True
51,629,3170,3304,134,True
53,621,3170,3304,134,True
63,668,3170,3304,134,True
67,618,3170,3304,134,True
75,644,3170,3304,134,True
78,644,3170,3304,134,True
85,631,3170,3304,134,True
88,651,3170,3304,134,True
91,622,3170,3304,134,True
94,624,3170,3304,134,True
99,630,3170,3304,134,True
8,621,3171,3313,142,True
18,631,3171,3268,97,True
23,646,3171,3268,97,True
25,633,3171,3268,97,True
40,703,3171,3268,97,True
43,597,3171,3268,97,True
46,619,3171,3268,97,True
52,617,3171,,,False
76,645,3171,3304,133,True
90,638,3171,3304,133,True
92,674,3171,3304,133,True
94,625,3171,3304,133,True
97,618,3171,3304,133,True
1,654,3172,3313,141,True
6,629,3172,3268,96,True
13,635,3172,3268,96,True
29,620,3172,3313,141,True
33,627,3172,3268,96,True
37,617,3172,3268,96,True
38,614,3172,3268,96,True
39,605,3172,3268,96,True
41,650,3172,3268,96,True
42,657,3172,3268,96,True
44,651,3172,3268,96,True
46,620,3172,3268,96,True
51,630,3172,3304,132,True
52,618,3172,,,False
55,586,3172,3304,132,True
60,606,3172,3304,132,True
68,665,3172,3304,132,True
74,644,3172,3304,132,True
84,644,3172,3304,132,True
92,675,3172,3304,132,True
1,655,3173,3313,140,True
3,670,3173,3268,95,True
4,651,3173,3313,140,True
6,630,3173,3268,95,True
7,601,3173,3268,95,True
21,618,3173,3268,95,True
28,638,3173,3268,95,True
29,621,3173,3313,140,True
34,628,3173,3268,95,True
40,704,3173,3268,95,True
52,619,3173,,,False
56,627,3173,3304,131,True
69,670,3173,3304,131,True
72,631,3173,3248,75,True
73,605,3173,3304,131,True
78,645,3173,3304,131,True
79,573,3173,3304,131,True
83,612,3173,3304,131,True
87,598,3173,3304,131,True
91,623,3173,3304,131,True
97,619,3173,3304,131,True
7,602,3174,3268,94,True
12,648,3174,3313,139,True
15,633,3174,3268,94,True
22,666,3174,3268,94,True
27,640,3174,3268,94,True
31,653,3174,3268,94,True
34,629,3174,3268,94,True
35,640,3174,3268,94,True
39,606,3174,3268,94,True
61,627,3174,3304,130,True
62,621,3174,3304,130,True
64,674,3174,3304,130,True
65,625,3174,3304,130,True
78,646,3174,3304,130,True
91,624,3174,3304,130,True
96,601,3174,3347,173,True
98,629,3174,3304,130,True
2,659,3175,3268,93,True
7,603,3175,3268,93,True
9,671,3175,3268,93,True
18,632,3175,3268,93,True
30,639,3175,3268,93,True
35,641,3175,3268,93,True
37,618,3175,3268,93,True
38,615,3175,3268,93,True
46,621,3175,3268,93,True
57,628,3175,3248,73,True
70,647,3175,3248,73,True
73,606,3175,3304,129,True
77,624,3175,3304,129,True
80,668,3175,3304,129,True
88,652,3175,3304,129,True
90,639,3175,3304,129,True
92,676,3175,3304,129,True
98,630,3175,3304,129,True
8,622,3176,3313,137,True
11,612,3176,3313,137,True
20,618,3176,3268,92,True
21,619,3176,3313,137,True
43,598,3176,3268,92,True
46,622,3176,3268,92,True
49,651,3176,3268,92,True
52,620,3176,,,False
53,622,3176,3304,128,True
63,669,3176,3304,128,True
67,619,3176,3304,128,True
69,671,3176,3304,128,True
70,648,3176,3248,72,True
75,645,3176,3304,128,True
77,625,3176,3304,128,True
80,669,3176,3304,128,True
86,648,3176,3304,128,True
90,640,3176,3304,128,True
96,602,3176,3347,171,True
97,620,3176,3304,128,True
2,660,3177,3268,91,True
6,631,3177,3268,91,True
7,604,3177,3268,91,True
20,619,3177,3268,91,True
26,626,3177,3268,91,True
31,654,3177,3268,91,True
39,607,3177,3268,91,True
51,631,3177,3304,127,True
54,693,3177,3304,127,True
59,649,3177,3304,127,True
64,675,3177,3304,127,True
73,607,3177,3304,127,True
83,613,3177,3304,127,True
97,621,3177,3304,127,True
3,671,3178,3313,135,True
4,652,3178,3313,135,True
14,636,3178,3313,135,True
19,606,3178,3268,90,True
24,595,3178,3313,135,True
28,639,3178,3268,90,True
40,705,3178,3268,90,True
41,651,3178,3268,90,True
52,621,3178,,,False
53,623,3178,3304,126,True
56,628,3178,3304,126,True
62,622,3178,3304,126,True
64,676,3178,3304,126,True
76,646,3178,3304,126,True
79,574,3178,3304,126,True
81,578,3178,3304,126,True
84,645,3178,3304,126,True
88,653,3178,3304,126,True
96,603,3178,3347,169,True
10,629,3179,3268,89,True
23,647,3179,3268,89,True
29,622,3179,3313,134,True
30,640,3179,3268,89,True
33,628,3179,3313,134,True
38,616,3179,3268,89,True
39,608,3179,3268,89,True
42,658,3179,3268,89,True
43,599,3179,3268,89,True
46,623,3179,3268,89,True
47,603,3179,3313,134,True
55,587,3179,3304,125,True
59,650,3179,3304,125,True
62,623,3179,3304,125,True
64,677,3179,3304,125,True
69,672,3179,3304,125,True
72,632,3179,3304,125,True
84,646,3179,3304,125,True
88,654,3179,3304,125,True
92,677,3179,3304,125,True
6,632,3180,3268,88,True
16,670,3180,3313,133,True
21,620,3180,3313,133,True
24,596,3180,3313,133,True
27,641,3180,3268,88,True
28,640,3180,3268,88,True
35,642,3180,3268,88,True
37,619,3180,3268,88,True
38,617,3180,3268,88,True
49,652,3180,3313,133,True
52,622,3180,,,False
55,588,3180,3304,124,True
57,629,3180,3304,124,True
59,651,3180,3304,124,True
60,607,3180,3304,124,True
67,620,3180,3304,124,True
68,666,3180,3304,124,True
81,579,3180,3304,124,True
93,623,3180,3304,124,True
6,633,3181,3268,87,True
8,623,3181,3313,132,True
9,672,3181,3268,87,True
11,613,3181,3313,132,True
20,620,3181,3268,87,True
25,634,3181,3268,87,True
26,627,3181,3313,132,True
29,623,3181,3313,132,True
36,645,3181,3268,87,True
37,620,3181,3268,87,True
42,659,3181,3268,87,True
48,660,3181,3268,87,True
57,630,3181,3304,123,True
58,620,3181,3304,123,True
64,678,3181,3304,123,True
66,624,3181,3304,123,True
74,645,3181,3304,123,True
94,626,3181,3304,123,True
99,631,3181,3304,123,True
6,634,3182,3268,86,True
14,637,3182,3313,131,True
17,607,3182,3268,86,True
25,635,3182,3268,86,True
38,618,3182,3268,86,True
43,600,3182,3268,86,True
44,652,3182,3313,131,True
45,597,3182,3268,86,True
46,624,3182,3313,131,True
49,653,3182,3313,131,True
58,621,3182,3304,122,True
64,679,3182,3304,122,True
70,649,3182,3304,122,True
83,614,3182,3304,122,True
85,632,3182,3304,122,True
95,637,3182,3304,122,True
97,622,3182,3304,122,True
12,649,3183,3313,130,True
13,636,3183,3268,85,True
18,633,3183,3268,85,True
27,642,3183,3268,85,True
29,624,3183,3313,130,True
35,643,3183,3268,85,True
42,660,3183,3268,85,True
52,623,3183,,,False
55,589,3183,3304,121,True
65,626,3183,3304,121,True
68,667,3183,3304,121,True
69,673,3183,3304,121,True
72,633,3183,3304,121,True
78,647,3183,3304,121,True
80,670,3183,3304,121,True
81,580,3183,3304,121,True
82,641,3183,3304,121,True
88,655,3183,3304,121,True
99,632,3183,3304,121,True
11,614,3184,3313,129,True
17,608,3184,3268,84,True
18,634,3184,3268,84,True
20,621,3184,3268,84,True
21,621,3184,3313,129,True
29,625,3184,3313,129,True
33,629,3184,3313,129,True
41,652,3184,3313,129,True
49,654,3184,3313,129,True
50,617,3184,3304,120,True
52,624,3184,,,False
58,622,3184,3304,120,True
60,608,3184,3304,120,True
62,624,3184,3304,120,True
63,670,3184,3304,120,True
78,648,3184,3304,120,True
82,642,3184,3304,120,True
91,625,3184,3304,120,True
95,638,3184,3304,120,True
99,633,3184,3304,120,True
1,656,3185,3313,128,True
2,661,3185,3268,83,True
7,605,3185,3268,83,True
12,650,3185,3313,128,True
20,622,3185,3268,83,True
22,667,3185,3268,83,True
24,597,3185,3313,128,True
26,628,3185,3313,128,True
27,643,3185,3268,83,True
39,609,3185,3268,83,True
46,625,3185,3313,128,True
66,625,3185,3304,119,True
70,650,3185,3304,119,True
72,634,3185,3304,119,True
83,615,3185,3304,119,True
88,656,3185,3304,119,True
94,627,3185,3304,119,True
4,653,3186,3313,127,True
10,630,3186,3268,82,True
11,615,3186,3313,127,True
18,635,3186,3268,82,True
25,636,3186,3268,82,True
33,630,3186,3313,127,True
34,630,3186,3268,82,True
38,619,3186,3268,82,True
50,618,3186,3304,118,True
52,625,3186,,,False
56,629,3186,3304,118,True
58,623,3186,3304,118,True
64,680,3186,3304,118,True
70,651,3186,3304,118,True
71,634,3186,3304,118,True
73,608,3186,3304,118,True
76,647,3186,3304,118,True
86,649,3186,3304,118,True
92,678,3186,3304,118,True
96,604,3186,3347,161,True
97,623,3186,3304,118,True
0,674,3187,3313,126,True
6,635,3187,3268,81,True
9,673,3187,3268,81,True
10,631,3187,3268,81,True
15,634,3187,3268,81,True
18,636,3187,3268,81,True
20,623,3187,3268,81,True
21,622,3187,3313,126,True
27,644,3187,3268,81,True
33,631,3187,3313,126,True
36,646,3187,3313,126,True
42,661,3187,3313,126,True
44,653,3187,3313,126,True
46,626,3187,3313,126,True
53,624,3187,3304,117,True
55,590,3187,3304,117,True
64,681,3187,3304,117,True
66,626,3187,3304,117,True
67,621,3187,3304,117,True
69,674,3187,3304,117,True
71,635,3187,3304,117,True
74,646,3187,3304,117,True
82,643,3187,3304,117,True
87,599,3187,3304,117,True
96,605,3187,3347,160,True
97,624,3187,3304,117,True
16,671,3188,3313,125,True
17,609,3188,3268,80,True
18,637,3188,3268,80,True
22,668,3188,3268,80,True
26,629,3188,3313,125,True
28,641,3188,3268,80,True
33,632,3188,3313,125,True
38,620,3188,3268,80,True
40,706,3188,3268,80,True
46,627,3188,3313,125,True
50,619,3188,3304,116,True
51,632,3188,3304,116,True
55,591,3188,3304,116,True
59,652,3188,3304,116,True
60,609,3188,3304,116,True
62,625,3188,3304,116,True
67,622,3188,3304,116,True
72,635,3188,3304,116,True
78,649,3188,3304,116,True
80,671,3188,3304,116,True
89,628,3188,3304,116,True
3,672,3189,3313,124,True
8,624,3189,3313,124,True
17,610,3189,3268,79,True
32,646,3189,3313,124,True
33,633,3189,3313,124,True
34,631,3189,3268,79,True
50,620,3189,3304,115,True
62,626,3189,3304,115,True
69,675,3189,3304,115,True
73,609,3189,3304,115,True
78,650,3189,3304,115,True
82,644,3189,3304,115,True
1,657,3190,3313,123,True
2,662,3190,3268,78,True
3,673,3190,3313,123,True
18,638,3190,3268,78,True
19,607,3190,3268,78,True
22,669,3190,3268,78,True
26,630,3190,3313,123,True
32,647,3190,3313,123,True
33,634,3190,3313,123,True
45,598,3190,3268,78,True
48,661,3190,3268,78,True
53,625,3190,3304,114,True
54,694,3190,3304,114,True
55,592,3190,3304,114,True
65,627,3190,3304,114,True
66,627,3190,3304,114,True
68,668,3190,3304,114,True
71,636,3190,3304,114,True
81,581,3190,3304,114,True
83,616,3190,3304,114,True
87,600,3190,3304,114,True
96,606,3190,3347,157,True
99,634,3190,3304,114,True
14,638,3191,3313,122,True
26,631,3191,3313,122,True
31,655,3191,3268,77,True
35,644,3191,3268,77,True
52,626,3191,,,False
54,695,3191,3304,113,True
62,627,3191,3304,113,True
81,582,3191,3304,113,True
93,624,3191,3304,113,True
94,628,3191,3304,113,True
5,621,3192,3332,140,True
6,636,3192,3268,76,True
8,625,3192,3313,121,True
17,611,3192,3268,76,True
23,648,3192,3313,121,True
27,645,3192,3268,76,True
33,635,3192,3313,121,True
36,647,3192,3313,121,True
44,654,3192,3313,121,True
67,623,3192,3304,112,True
77,626,3192,3304,112,True
79,575,3192,3304,112,True
87,601,3192,3304,112,True
1,658,3193,3313,120,True
4,654,3193,3332,139,True
9,674,3193,3268,75,True
13,637,3193,3268,75,True
14,639,3193,3313,120,True
15,635,3193,3268,75,True
23,649,3193,3313,120,True
25,637,3193,3268,75,True
26,632,3193,3313,120,True
29,626,3193,3313,120,True
42,662,3193,3313,120,True
43,601,3193,3268,75,True
50,621,3193,3304,111,True
54,696,3193,3304,111,True
57,631,3193,3304,111,True
73,610,3193,3304,111,True
78,651,3193,3304,111,True
80,672,3193,3304,111,True
82,645,3193,3304,111,True
84,647,3193,3304,111,True
85,633,3193,3304,111,True
86,650,3193,3304,111,True
87,602,3193,3304,111,True
92,679,3193,3304,111,True
98,631,3193,3304,111,True
3,674,3194,3313,119,True
13,638,3194,3268,74,True
18,639,3194,3268,74,True
19,608,3194,3268,74,True
22,670,3194,3268,74,True
25,638,3194,3268,74,True
30,641,3194,3268,74,True
42,663,3194,3313,119,True
52,627,3194,,,False
53,626,3194,3304,110,True
54,697,3194,3304,110,True
56,630,3194,3304,110,True
59,653,3194,3304,110,True
61,628,3194,3304,110,True
64,682,3194,3304,110,True
71,637,3194,3304,110,True
78,652,3194,3304,110,True
84,648,3194,3304,110,True
92,680,3194,3304,110,True
94,629,3194,3304,110,True
98,632,3194,3304,110,True
9,675,3195,3268,73,True
10,632,3195,3332,137,True
12,651,3195,3313,118,True
15,636,3195,3268,73,True
19,609,3195,3268,73,True
31,656,3195,3268,73,True
37,621,3195,3313,118,True
50,622,3195,3304,109,True
52,628,3195,,,False
61,629,3195,3304,109,True
83,617,3195,3304,109,True
84,649,3195,3304,109,True
85,634,3195,3304,109,True
0,675,3196,3313,117,True
13,639,3196,3268,72,True
18,640,3196,3268,72,True
20,624,3196,3268,72,True
29,627,3196,3313,117,True
30,642,3196,3268,72,True
40,707,3196,3268,72,True
51,633,3196,3304,108,True
55,593,3196,3304,108,True
62,628,3196,3304,108,True
67,624,3196,3304,108,True
69,676,3196,3304,108,True
71,638,3196,3304,108,True
72,636,3196,3304,108,True
73,611,3196,3304,108,True
75,646,3196,3304,108,True
76,648,3196,3304,108,True
78,653,3196,3304,108,True
79,576,3196,3304,108,True
82,646,3196,3304,108,True
94,630,3196,3304,108,True
96,607,3196,3347,151,True
99,635,3196,3304,108,True
5,622,3197,3332,135,True
9,676,3197,3268,71,True
11,616,3197,3313,116,True
17,612,3197,3268,71,True
19,610,3197,3268,71,True
24,598,3197,3313,116,True
27,646,3197,3268,71,True
40,708,3197,3268,71,True
47,604,3197,3313,116,True
48,662,3197,3268,71,True
49,655,3197,3313,116,True
50,623,3197,3304,107,True
53,627,3197,3304,107,True
58,624,3197,3304,107,True
61,630,3197,3304,107,True
63,671,3197,3304,107,True
77,627,3197,3304,107,True
79,577,3197,3304,107,True
87,603,3197,3304,107,True
89,629,3197,3304,107,True
90,641,3197,3304,107,True
92,681,3197,3304,107,True
5,623,3198,3332,134,True
9,677,3198,3268,70,True
21,623,3198,3313,115,True
25,639,3198,3268,70,True
32,648,3198,3313,115,True
33,636,3198,3313,115,True
42,664,3198,3313,115,True
45,599,3198,3394,196,True
49,656,3198,3313,115,True
67,625,3198,3304,106,True
75,647,3198,3304,106,True
76,649,3198,3304,106,True
88,657,3198,3304,106,True
91,626,3198,3304,106,True
93,625,3198,3304,106,True
97,625,3198,3304,106,True
99,636,3198,3304,106,True
0,676,3199,3313,114,True
2,663,3199,3268,69,True
9,678,3199,3268,69,True
13,640,3199,3268,69,True
21,624,3199,3313,114,True
24,599,3199,3313,114,True
32,649,3199,3313,114,True
33,637,3199,3313,114,True
35,645,3199,3268,69,True
37,622,3199,3313,114,True
48,663,3199,3332,133,True
55,594,3199,3347,148,True
58,625,3199,3304,105,True
59,654,3199,3304,105,True
62,629,3199,3304,105,True
74,647,3199,3304,105,True
79,578,3199,3304,105,True
85,635,3199,3304,105,True
86,651,3199,3304,105,True
88,658,3199,3304,105,True
97,626,3199,3304,105,True
3,675,3200,3313,113,True
10,633,3200,3332,132,True
22,671,3200,3268,68,True
36,648,3200,3313,113,True
39,610,3200,3268,68,True
52,629,3200,,,False
57,632,3200,3304,104,True
58,626,3200,3304,104,True
62,630,3200,3304,104,True
63,672,3200,3304,104,True
68,669,3200,3304,104,True
74,648,3200,3304,104,True
78,654,3200,3304,104,True
90,642,3200,3304,104,True
95,639,3200,3304,104,True
98,633,3200,3304,104,True
11,617,3201,3313,112,True
15,637,3201,3268,67,True
17,613,3201,3268,67,True
18,641,3201,3268,67,True
19,611,3201,3268,67,True
26,633,3201,3313,112,True
30,643,3201,3268,67,True
38,621,3201,3268,67,True
55,595,3201,3347,146,True
71,639,3201,3304,103,True
74,649,3201,3304,103,True
77,628,3201,3304,103,True
78,655,3201,3304,103,True
80,673,3201,3304,103,True
85,636,3201,3304,103,True
86,652,3201,3304,103,True
93,626,3201,3304,103,True
99,637,3201,3304,103,True
4,655,3202,3332,130,True
6,637,3202,3332,130,True
12,652,3202,3313,111,True
17,614,3202,3268,66,True
20,625,3202,3268,66,True
28,642,3202,3268,66,True
31,657,3202,3313,111,True
37,623,3202,3313,111,True
38,622,3202,3268,66,True
47,605,3202,3313,111,True
51,634,3202,3304,102,True
52,630,3202,,,False
59,655,3202,3304,102,True
68,670,3202,3304,102,True
75,648,3202,3304,102,True
78,656,3202,3304,102,True
82,647,3202,3304,102,True
85,637,3202,3304,102,True
87,604,3202,3304,102,True
95,640,3202,3304,102,True
1,659,3203,3313,110,True
3,676,3203,3313,110,True
5,624,3203,3332,129,True
13,641,3203,3313,110,True
14,640,3203,3313,110,True
15,638,3203,3268,65,True
20,626,3203,3268,65,True
23,650,3203,3313,110,True
25,640,3203,3268,65,True
26,634,3203,3313,110,True
29,628,3203,3313,110,True
32,650,3203,3313,110,True
33,638,3203,3313,110,True
36,649,3203,3394,191,True
46,628,3203,3313,110,True
57,633,3203,3304,101,True
60,610,3203,3304,101,True
75,649,3203,3304,101,True
76,650,3203,3304,101,True
77,629,3203,3304,101,True
78,657,3203,3321,118,True
81,583,3203,3304,101,True
84,650,3203,3304,101,True
89,630,3203,3304,101,True
91,627,3203,3304,101,True
92,682,3203,3304,101,True
96,608,3203,3347,144,True
98,634,3203,3304,101,True
99,638,3203,3304,101,True
0,677,3204,3313,109,True
7,606,3204,3394,190,True
10,634,3204,3332,128,True
14,641,3204,3313,109,True
21,625,3204,3313,109,True
26,635,3204,3313,109,True
28,643,3204,3268,64,True
29,629,3204,3313,109,True
38,623,3204,3268,64,True
39,611,3204,3332,128,True
55,596,3204,3347,143,True
57,634,3204,3304,100,True
60,611,3204,3304,100,True
61,631,3204,3304,100,True
69,677,3204,3304,100,True
71,640,3204,3304,100,True
74,650,3204,3304,100,True
77,630,3204,3304,100,True
92,683,3204,3304,100,True
94,631,3204,3304,100,True
96,609,3204,3347,143,True
5,625,3205,3332,127,True
8,626,3205,3313,108,True
9,679,3205,3268,63,True
19,612,3205,3268,63,True
21,626,3205,3313,108,True
24,600,3205,3313,108,True
28,644,3205,3268,63,True
29,630,3205,3313,108,True
39,612,3205,3332,127,True
46,629,3205,3313,108,True
51,635,3205,3304,99,True
65,628,3205,3304,99,True
74,651,3205,3304,99,True
77,631,3205,3304,99,True
92,684,3205,3304,99,True
2,664,3206,3268,62,True
3,677,3206,3313,107,True
6,638,3206,3332,126,True
15,639,3206,3394,188,True
16,672,3206,3313,107,True
24,601,3206,3313,107,True
25,641,3206,3268,62,True
26,636,3206,3313,107,True
28,645,3206,3268,62,True
33,639,3206,3313,107,True
34,632,3206,3268,62,True
40,709,3206,3332,126,True
42,665,3206,3313,107,True
46,630,3206,3313,107,True
49,657,3206,3313,107,True
50,624,3206,3304,98,True
55,597,3206,3347,141,True
58,627,3206,3304,98,True
71,641,3206,3304,98,True
78,658,3206,3321,115,True
79,579,3206,3304,98,True
83,618,3206,3304,98,True
87,605,3206,3304,98,True
94,632,3206,3304,98,True
0,678,3207,3313,106,True
2,665,3207,3268,61,True
8,627,3207,3313,106,True
10,635,3207,3332,125,True
11,618,3207,3313,106,True
20,627,3207,3268,61,True
23,651,3207,3313,106,True
25,642,3207,3268,61,True
30,644,3207,3268,61,True
36,650,3207,3394,187,True
38,624,3207,3268,61,True
45,600,3207,3394,187,True
46,631,3207,3313,106,True
47,606,3207,3313,106,True
64,683,3207,3304,97,True
69,678,3207,3304,97,True
71,642,3207,3304,97,True
76,651,3207,3304,97,True
77,632,3207,3304,97,True
78,659,3207,3321,114,True
83,619,3207,3304,97,True
90,643,3207,3304,97,True
0,679,3208,3313,105,True
24,602,3208,3313,105,True
56,631,3208,3304,96,True
57,635,3208,3304,96,True
59,656,3208,3304,96,True
62,631,3208,3304,96,True
64,684,3208,3304,96,True
68,671,3208,3304,96,True
70,652,3208,3304,96,True
73,612,3208,3304,96,True
83,620,3208,3304,96,True
84,651,3208,3304,96,True
86,653,3208,3304,96,True
87,606,3208,3304,96,True
4,656,3209,3332,123,True
13,642,3209,3313,104,True
14,642,3209,3313,104,True
24,603,3209,3313,104,True
31,658,3209,3313,104,True
32,651,3209,3313,104,True
36,651,3209,3394,185,True
37,624,3209,3313,104,True
46,632,3209,3313,104,True
49,658,3209,3313,104,True
56,632,3209,3304,95,True
57,636,3209,3304,95,True
68,672,3209,3304,95,True
70,653,3209,3304,95,True
74,652,3209,3304,95,True
77,633,3209,3304,95,True
78,660,3209,3321,112,True
84,652,3209,3304,95,True
86,654,3209,3304,95,True
87,607,3209,3304,95,True
90,644,3209,3304,95,True
94,633,3209,3304,95,True
99,639,3209,3304,95,True
1,660,3210,3313,103,True
5,626,3210,3394,184,True
6,639,3210,3332,122,True
17,615,3210,3332,122,True
18,642,3210,3313,103,True
20,628,3210,3268,58,True
23,652,3210,3313,103,True
33,640,3210,3313,103,True
37,625,3210,3313,103,True
53,628,3210,3347,137,True
56,633,3210,3304,94,True
64,685,3210,3304,94,True
65,629,3210,3304,94,True
69,679,3210,3304,94,True
72,637,3210,3313,103,True
78,661,3210,3321,111,True
83,621,3210,3304,94,True
95,641,3210,3304,94,True
96,610,3210,3347,137,True
1,661,3211,3313,102,True
6,640,3211,3332,121,True
8,628,3211,3313,102,True
9,680,3211,3332,121,True
13,643,3211,3313,102,True
14,643,3211,3313,102,True
16,673,3211,3313,102,True
22,672,3211,3332,121,True
47,607,3211,3313,102,True
48,664,3211,3332,121,True
50,625,3211,3304,93,True
66,628,3211,3304,93,True
67,626,3211,3304,93,True
71,643,3211,3304,93,True
72,638,3211,3313,102,True
78,662,3211,3321,110,True
80,674,3211,3304,93,True
82,648,3211,3304,93,True
84,653,3211,3304,93,True
91,628,3211,3304,93,True
93,627,3211,3304,93,True
97,627,3211,3304,93,True
9,681,3212,3332,120,True
11,619,3212,3313,101,True
12,653,3212,3313,101,True
14,644,3212,3313,101,True
15,640,3212,3394,182,True
18,643,3212,3313,101,True
32,652,3212,3313,101,True
43,602,3212,3332,120,True
44,655,3212,3313,101,True
48,665,3212,3332,120,True
50,626,3212,3304,92,True
54,698,3212,3304,92,True
57,637,3212,3313,101,True
64,686,3212,3304,92,True
66,629,3212,3304,92,True
76,652,3212,3304,92,True
77,634,3212,3304,92,True
80,675,3212,3304,92,True
83,622,3212,3304,92,True
87,608,3212,3304,92,True
3,678,3213,3313,100,True
5,627,3213,3394,181,True
10,636,3213,3332,119,True
11,620,3213,3313,100,True
12,654,3213,3313,100,True
18,644,3213,3313,100,True
20,629,3213,3268,55,True
21,627,3213,3313,100,True
23,653,3213,3313,100,True
28,646,3213,3332,119,True
29,631,3213,3313,100,True
32,653,3213,3332,119,True
44,656,3213,3313,100,True
46,633,3213,3332,119,True
48,666,3213,3332,119,True
52,631,3213,,,False
53,629,3213,3347,134,True
54,699,3213,3304,91,True
56,634,3213,3304,91,True
61,632,3213,3304,91,True
63,673,3213,3304,91,True
68,673,3213,3304,91,True
70,654,3213,3304,91,True
77,635,3213,3304,91,True
83,623,3213,3304,91,True
84,654,3213,3304,91,True
86,655,3213,3313,100,True
90,645,3213,3304,91,True
92,685,3213,3321,108,True
93,628,3213,3304,91,True
94,634,3213,3304,91,True
95,642,3213,3304,91,True
13,644,3214,3313,99,True
21,628,3214,3313,99,True
23,654,3214,3313,99,True
35,646,3214,3268,54,True
40,710,3214,3332,118,True
46,634,3214,3332,118,True
51,636,3214,3304,90,True
60,612,3214,3304,90,True
62,632,3214,3304,90,True
67,627,3214,3304,90,True
83,624,3214,3304,90,True
84,655,3214,3304,90,True
89,631,3214,3304,90,True
92,686,3214,3321,107,True
93,629,3214,3304,90,True
97,628,3214,3304,90,True
99,640,3214,3304,90,True
8,629,3215,3313,98,True
14,645,3215,3313,98,True
15,641,3215,3394,179,True
21,629,3215,3313,98,True
29,632,3215,3313,98,True
34,633,3215,3394,179,True
37,626,3215,3313,98,True
51,637,3215,3304,89,True
53,630,3215,3347,132,True
58,628,3215,3304,89,True
59,657,3215,3304,89,True
61,633,3215,3304,89,True
62,633,3215,3304,89,True
76,653,3215,3304,89,True
79,580,3215,3304,89,True
80,676,3215,3304,89,True
85,638,3215,3304,89,True
87,609,3215,3304,89,True
91,629,3215,3304,89,True
94,635,3215,3304,89,True
95,643,3215,3304,89,True
10,637,3216,3332,116,True
13,645,3216,3332,116,True
20,630,3216,3290,74,True
37,627,3216,3313,97,True
39,613,3216,3332,116,True
41,653,3216,3332,116,True
43,603,3216,3332,116,True
44,657,3216,3313,97,True
48,667,3216,3332,116,True
62,634,3216,3304,88,True
73,613,3216,3304,88,True
74,653,3216,3321,105,True
80,677,3216,3304,88,True
90,646,3216,3304,88,True
92,687,3216,3321,105,True
94,636,3216,3304,88,True
95,644,3216,3304,88,True
99,641,3216,3304,88,True
2,666,3217,3268,51,True
4,657,3217,3332,115,True
12,655,3217,3313,96,True
14,646,3217,3313,96,True
23,655,3217,3313,96,True
36,652,3217,3394,177,True
44,658,3217,3313,96,True
45,601,3217,3394,177,True
49,659,3217,3313,96,True
51,638,3217,3304,87,True
55,598,3217,3347,130,True
59,658,3217,3304,87,True
65,630,3217,3304,87,True
70,655,3217,3304,87,True
79,581,3217,3304,87,True
80,678,3217,3304,87,True
88,659,3217,3347,130,True
90,647,3217,3304,87,True
98,635,3217,3304,87,True
4,658,3218,3332,114,True
14,647,3218,3313,95,True
16,674,3218,3332,114,True
22,673,3218,3332,114,True
26,637,3218,3313,95,True
28,647,3218,3332,114,True
31,659,3218,3332,114,True
36,653,3218,3394,176,True
39,614,3218,3332,114,True
41,654,3218,3332,114,True
43,604,3218,3332,114,True
47,608,3218,3313,95,True
58,629,3218,3304,86,True
62,635,3218,3304,86,True
63,674,3218,3304,86,True
65,631,3218,3304,86,True
69,680,3218,3304,86,True
71,644,3218,3304,86,True
73,614,3218,3304,86,True
75,650,3218,3304,86,True
78,663,3218,3321,103,True
82,649,3218,3304,86,True
86,656,3218,3313,95,True
89,632,3218,3347,129,True
90,648,3218,3321,103,True
98,636,3218,3304,86,True
5,628,3219,3394,175,True
13,646,3219,3332,113,True
16,675,3219,3332,113,True
20,631,3219,3290,71,True
24,604,3219,3394,175,True
25,643,3219,3332,113,True
29,633,3219,3313,94,True
35,647,3219,3268,49,True
41,655,3219,3332,113,True
48,668,3219,3332,113,True
49,660,3219,3313,94,True
53,631,3219,3347,128,True
54,700,3219,3304,85,True
58,630,3219,3304,85,True
63,675,3219,3304,85,True
66,630,3219,3304,85,True
70,656,3219,3304,85,True
71,645,3219,3321,102,True
72,639,3219,3313,94,True
79,582,3219,3304,85,True
82,650,3219,3304,85,True
93,630,3219,3321,102,True
94,637,3219,3304,85,True
97,629,3219,3347,128,True
3,679,3220,3313,93,True
4,659,3220,3332,112,True
10,638,3220,3332,112,True
22,674,3220,3332,112,True
30,645,3220,3332,112,True
32,654,3220,3332,112,True
36,654,3220,3394,174,True
37,628,3220,3313,93,True
41,656,3220,3332,112,True
42,666,3220,3332,112,True
43,605,3220,3332,112,True
45,602,3220,3394,174,True
55,599,3220,3347,127,True
58,631,3220,3304,84,True
60,613,3220,3321,101,True
62,636,3220,3304,84,True
69,681,3220,3304,84,True
84,656,3220,3304,84,True
86,657,3220,3313,93,True
0,680,3221,3332,111,True
10,639,3221,3332,111,True
16,676,3221,3332,111,True
23,656,3221,3313,92,True
25,644,3221,3332,111,True
39,615,3221,3332,111,True
49,661,3221,3332,111,True
80,679,3221,3304,83,True
81,584,3221,3321,100,True
83,625,3221,3304,83,True
85,639,3221,3304,83,True
86,658,3221,3313,92,True
89,633,3221,3347,126,True
96,611,3221,3347,126,True
6,641,3222,3332,110,True
7,607,3222,3394,172,True
15,642,3222,3394,172,True
20,632,3222,3394,172,True
22,675,3222,3332,110,True
32,655,3222,3332,110,True
33,641,3222,3313,91,True
35,648,3222,3394,172,True
46,635,3222,3332,110,True
50,627,3222,3304,82,True
53,632,3222,3347,125,True
54,701,3222,3304,82,True
55,600,3222,3347,125,True
56,635,3222,3304,82,True
66,631,3222,3304,82,True
69,682,3222,3321,99,True
70,657,3222,3304,82,True
71,646,3222,3321,99,True
76,654,3222,3304,82,True
77,636,3222,3304,82,True
84,657,3222,3304,82,True
89,634,3222,3347,125,True
92,688,3222,3321,99,True
95,645,3222,3304,82,True
98,637,3222,3304,82,True
0,681,3223,3332,109,True
10,640,3223,3332,109,True
12,656,3223,3313,90,True
14,648,3223,3313,90,True
21,630,3223,3313,90,True
26,638,3223,3313,90,True
27,647,3223,3332,109,True
28,648,3223,3332,109,True
34,634,3223,3394,171,True
35,649,3223,3394,171,True
36,655,3223,3394,171,True
37,629,3223,3332,109,True
45,603,3223,3394,171,True
46,636,3223,3332,109,True
49,662,3223,3332,109,True
61,634,3223,3304,81,True
62,637,3223,3304,81,True
64,687,3223,3313,90,True
71,647,3223,3321,98,True
77,637,3223,3304,81,True
82,651,3223,3304,81,True
84,658,3223,3304,81,True
85,640,3223,3304,81,True
90,649,3223,3321,98,True
99,642,3223,3304,81,True
1,662,3224,3313,89,True
3,680,3224,3313,89,True
4,660,3224,3332,108,True
10,641,3224,3332,108,True
18,645,3224,3332,108,True
34,635,3224,3394,170,True
38,625,3224,3332,108,True
40,711,3224,3332,108,True
45,604,3224,3394,170,True
57,638,3224,3313,89,True
59,659,3224,3304,80,True
64,688,3224,3313,89,True
81,585,3224,3321,97,True
85,641,3224,3304,80,True
90,650,3224,3321,97,True
91,630,3224,3304,80,True
92,689,3224,3321,97,True
7,608,3225,3394,169,True
15,643,3225,3394,169,True
20,633,3225,3394,169,True
27,648,3225,3332,107,True
28,649,3225,3332,107,True
44,659,3225,3313,88,True
48,669,3225,3332,107,True
50,628,3225,3304,79,True
52,632,3225,,,False
57,639,3225,3313,88,True
63,676,3225,3304,79,True
77,638,3225,3321,96,True
81,586,3225,3321,96,True
84,659,3225,3304,79,True
89,635,3225,3347,122,True
94,638,3225,3347,122,True
96,612,3225,3347,122,True
2,667,3226,3332,106,True
3,681,3226,3313,87,True
9,682,3226,3332,106,True
13,647,3226,3394,168,True
16,677,3226,3394,168,True
21,631,3226,3313,87,True
25,645,3226,3332,106,True
28,650,3226,3332,106,True
31,660,3226,3332,106,True
33,642,3226,3313,87,True
35,650,3226,3394,168,True
36,656,3226,3394,168,True
37,630,3226,3332,106,True
40,712,3226,3332,106,True
44,660,3226,3313,87,True
51,639,3226,3347,121,True
54,702,3226,3304,78,True
56,636,3226,3304,78,True
57,640,3226,3313,87,True
58,632,3226,3304,78,True
67,628,3226,3304,78,True
69,683,3226,3321,95,True
71,648,3226,3321,95,True
77,639,3226,3321,95,True
98,638,3226,3304,78,True
4,661,3227,3332,105,True
14,649,3227,3313,86,True
15,644,3227,3394,167,True
16,678,3227,3394,167,True
20,634,3227,3394,167,True
24,605,3227,3394,167,True
39,616,3227,3332,105,True
41,657,3227,3332,105,True
49,663,3227,3332,105,True
59,660,3227,3304,77,True
62,638,3227,3321,94,True
64,689,3227,3313,86,True
70,658,3227,3304,77,True
72,640,3227,3313,86,True
78,664,3227,3321,94,True
80,680,3227,3304,77,True
91,631,3227,3304,77,True
5,629,3228,3394,166,True
7,609,3228,3394,166,True
11,621,3228,3313,85,True
29,634,3228,3332,104,True
30,646,3228,3332,104,True
38,626,3228,3394,166,True
44,661,3228,3313,85,True
47,609,3228,3332,104,True
61,635,3228,3304,76,True
64,690,3228,3313,85,True
78,665,3228,3321,93,True
80,681,3228,3304,76,True
81,587,3228,3321,93,True
85,642,3228,3304,76,True
90,651,3228,3321,93,True
91,632,3228,3304,76,True
97,630,3228,3347,119,True
15,645,3229,3394,165,True
20,635,3229,3394,165,True
22,676,3229,3332,103,True
26,639,3229,3313,84,True
28,651,3229,3332,103,True
35,651,3229,3394,165,True
36,657,3229,3394,165,True
45,605,3229,3394,165,True
47,610,3229,3332,103,True
53,633,3229,3347,118,True
57,641,3229,3313,84,True
65,632,3229,3304,75,True
69,684,3229,3321,92,True
74,654,3229,3321,92,True
92,690,3229,3321,92,True
93,631,3229,3321,92,True
97,631,3229,3347,118,True
5,630,3230,3394,164,True
6,642,3230,3332,102,True
7,610,3230,3394,164,True
8,630,3230,3313,83,True
9,683,3230,3332,102,True
12,657,3230,3332,102,True
13,648,3230,3394,164,True
37,631,3230,3332,102,True
42,667,3230,3332,102,True
44,662,3230,3313,83,True
46,637,3230,3332,102,True
49,664,3230,3332,102,True
59,661,3230,3321,91,True
64,691,3230,3313,83,True
66,632,3230,3304,74,True
68,674,3230,3304,74,True
69,685,3230,3321,91,True
70,659,3230,3304,74,True
73,615,3230,3321,91,True
79,583,3230,3304,74,True
93,632,3230,3321,91,True
0,682,3231,3332,101,True
3,682,3231,3332,101,True
4,662,3231,3332,101,True
10,642,3231,3332,101,True
17,616,3231,3332,101,True
28,652,3231,3332,101,True
34,636,3231,3394,163,True
36,658,3231,3394,163,True
43,606,3231,3332,101,True
44,663,3231,3313,82,True
46,638,3231,3332,101,True
54,703,3231,3304,73,True
59,662,3231,3321,90,True
65,633,3231,3304,73,True
68,675,3231,3304,73,True
72,641,3231,3313,82,True
73,616,3231,3321,90,True
78,666,3231,3321,90,True
83,626,3231,3347,116,True
85,643,3231,3304,73,True
2,668,3232,3332,100,True
10,643,3232,3332,100,True
12,658,3232,3332,100,True
14,650,3232,3313,81,True
17,617,3232,3332,100,True
19,613,3232,3394,162,True
20,636,3232,3394,162,True
26,640,3232,3332,100,True
28,653,3232,3332,100,True
29,635,3232,3332,100,True
33,643,3232,3313,81,True
37,632,3232,3332,100,True
46,639,3232,3332,100,True
47,611,3232,3332,100,True
51,640,3232,3347,115,True
57,642,3232,3313,81,True
59,663,3232,3321,89,True
70,660,3232,3321,89,True
73,617,3232,3321,89,True
83,627,3232,3347,115,True
86,659,3232,3313,81,True
2,669,3233,3332,99,True
9,684,3233,3394,161,True
12,659,3233,3332,99,True
16,679,3233,3394,161,True
22,677,3233,3394,161,True
26,641,3233,3332,99,True
33,644,3233,3313,80,True
34,637,3233,3394,161,True
40,713,3233,3332,99,True
52,633,3233,,,False
54,704,3233,3304,71,True
60,614,3233,3321,88,True
61,636,3233,3313,80,True
63,677,3233,3347,114,True
66,633,3233,3347,114,True
73,618,3233,3321,88,True
76,655,3233,3304,71,True
79,584,3233,3304,71,True
86,660,3233,3313,80,True
94,639,3233,3347,114,True
1,663,3234,3313,79,True
4,663,3234,3332,98,True
17,618,3234,3332,98,True
24,606,3234,3394,160,True
29,636,3234,3332,98,True
33,645,3234,3313,79,True
35,652,3234,3394,160,True
41,658,3234,3332,98,True
42,668,3234,3332,98,True
58,633,3234,3321,87,True
81,588,3234,3321,87,True
83,628,3234,3347,113,True
84,660,3234,3321,87,True
94,640,3234,3347,113,True
95,646,3234,3347,113,True
99,643,3234,3321,87,True
0,683,3235,3332,97,True
6,643,3235,3332,97,True
17,619,3235,3332,97,True
18,646,3235,3394,159,True
24,607,3235,3394,159,True
27,649,3235,3332,97,True
33,646,3235,3313,78,True
35,653,3235,3394,159,True
38,627,3235,3394,159,True
49,665,3235,3332,97,True
50,629,3235,3321,86,True
54,705,3235,3321,86,True
60,615,3235,3347,112,True
61,637,3235,3313,78,True
73,619,3235,3321,86,True
81,589,3235,3321,86,True
0,684,3236,3332,96,True
2,670,3236,3394,158,True
3,683,3236,3332,96,True
9,685,3236,3394,158,True
12,660,3236,3332,96,True
13,649,3236,3394,158,True
25,646,3236,3394,158,True
26,642,3236,3332,96,True
31,661,3236,3332,96,True
49,666,3236,3332,96,True
57,643,3236,3313,77,True
58,634,3236,3321,85,True
60,616,3236,3347,111,True
67,629,3236,3321,85,True
70,661,3236,3321,85,True
77,640,3236,3321,85,True
78,667,3236,3321,85,True
92,691,3236,3321,85,True
94,641,3236,3347,111,True
97,632,3236,3347,111,True
2,671,3237,3394,157,True
10,644,3237,3332,95,True
18,647,3237,3394,157,True
23,657,3237,3332,95,True
25,647,3237,3394,157,True
27,650,3237,3332,95,True
28,654,3237,3332,95,True
36,659,3237,3394,157,True
48,670,3237,3394,157,True
53,634,3237,3347,110,True
58,635,3237,3321,84,True
62,639,3237,3321,84,True
64,692,3237,3313,76,True
67,630,3237,3321,84,True
71,649,3237,3321,84,True
74,655,3237,3321,84,True
77,641,3237,3321,84,True
80,682,3237,3347,110,True
83,629,3237,3347,110,True
85,644,3237,3304,67,True
89,636,3237,3347,110,True
7,611,3238,3394,156,True
10,645,3238,3332,94,True
11,622,3238,3313,75,True
21,632,3238,3332,94,True
27,651,3238,3394,156,True
28,655,3238,3332,94,True
35,654,3238,3394,156,True
36,660,3238,3394,156,True
37,633,3238,3394,156,True
38,628,3238,3394,156,True
39,617,3238,3394,156,True
41,659,3238,3332,94,True
45,606,3238,3394,156,True
49,667,3238,3332,94,True
58,636,3238,3347,109,True
61,638,3238,3313,75,True
63,678,3238,3347,109,True
80,683,3238,3347,109,True
82,652,3238,3347,109,True
84,661,3238,3321,83,True
94,642,3238,3347,109,True
7,612,3239,3394,155,True
8,631,3239,3332,93,True
14,651,3239,3313,74,True
15,646,3239,3394,155,True
22,678,3239,3394,155,True
33,647,3239,3313,74,True
44,664,3239,3394,155,True
48,671,3239,3394,155,True
54,706,3239,3321,82,True
56,637,3239,3321,82,True
58,637,3239,3347,108,True
64,693,3239,3313,74,True
74,656,3239,3321,82,True
75,651,3239,3321,82,True
84,662,3239,3321,82,True
86,661,3239,3321,82,True
87,610,3239,3321,82,True
89,637,3239,3347,108,True
92,692,3239,3321,82,True
96,613,3239,3347,108,True
99,644,3239,3321,82,True
3,684,3240,3394,154,True
13,650,3240,3394,154,True
15,647,3240,3394,154,True
18,648,3240,3394,154,True
21,633,3240,3332,92,True
22,679,3240,3394,154,True
24,608,3240,3394,154,True
37,634,3240,3394,154,True
39,618,3240,3394,154,True
40,714,3240,3394,154,True
43,607,3240,3332,92,True
45,607,3240,3394,154,True
47,612,3240,3332,92,True
53,635,3240,3347,107,True
66,634,3240,3347,107,True
72,642,3240,3313,73,True
73,620,3240,3321,81,True
80,684,3240,3347,107,True
82,653,3240,3347,107,True
84,663,3240,3321,81,True
85,645,3240,3321,81,True
87,611,3240,3321,81,True
98,639,3240,3347,107,True
5,631,3241,3394,153,True
11,623,3241,3332,91,True
15,648,3241,3394,153,True
22,680,3241,3394,153,True
24,609,3241,3394,153,True
30,647,3241,3394,153,True
49,668,3241,3332,91,True
66,635,3241,3347,106,True
68,676,3241,3347,106,True
72,643,3241,3313,72,True
75,652,3241,3321,80,True
76,656,3241,3347,106,True
77,642,3241,3321,80,True
78,668,3241,3347,106,True
85,646,3241,3321,80,True
87,612,3241,3396,155,True
0,685,3242,3332,90,True
3,685,3242,3394,152,True
11,624,3242,3332,90,True
12,661,3242,3332,90,True
23,658,3242,3332,90,True
28,656,3242,3394,152,True
37,635,3242,3394,152,True
45,608,3242,3394,152,True
48,672,3242,3394,152,True
49,669,3242,3332,90,True
53,636,3242,3347,105,True
55,601,3242,3347,105,True
70,662,3242,3321,79,True
72,644,3242,3313,71,True
74,657,3242,3321,79,True
83,630,3242,3347,105,True
89,638,3242,3347,105,True
91,633,3242,3347,105,True
93,633,3242,3321,79,True
97,633,3242,3347,105,True
99,645,3242,3321,79,True
3,686,3243,3394,151,True
8,632,3243,3332,89,True
11,625,3243,3332,89,True
16,680,3243,3394,151,True
22,681,3243,3394,151,True
30,648,3243,3394,151,True
40,715,3243,3394,151,True
41,660,3243,3332,89,True
46,640,3243,3332,89,True
56,638,3243,3321,78,True
58,638,3243,3347,104,True
70,663,3243,3321,78,True
72,645,3243,3313,70,True
73,621,3243,3321,78,True
75,653,3243,3321,78,True
78,669,3243,3347,104,True
79,585,3243,3321,78,True
83,631,3243,3347,104,True
89,639,3243,3347,104,True
90,652,3243,3321,78,True
91,634,3243,3347,104,True
99,646,3243,3321,78,True
15,649,3244,3394,150,True
16,681,3244,3394,150,True
23,659,3244,3332,88,True
40,716,3244,3394,150,True
46,641,3244,3332,88,True
49,670,3244,3332,88,True
62,640,3244,3321,77,True
64,694,3244,3313,69,True
68,677,3244,3347,103,True
77,643,3244,3321,77,True
81,590,3244,3347,103,True
85,647,3244,3321,77,True
89,640,3244,3347,103,True
93,634,3244,3321,77,True
94,643,3244,3347,103,True
7,613,3245,3394,149,True
8,633,3245,3332,87,True
9,686,3245,3394,149,True
11,626,3245,3332,87,True
36,661,3245,3394,149,True
37,636,3245,3394,149,True
47,613,3245,3332,87,True
49,671,3245,3332,87,True
63,679,3245,3347,102,True
64,695,3245,3313,68,True
67,631,3245,3321,76,True
74,658,3245,3396,151,True
75,654,3245,3321,76,True
83,632,3245,3347,102,True
86,662,3245,3321,76,True
87,613,3245,3396,151,True
89,641,3245,3347,102,True
92,693,3245,3321,76,True
96,614,3245,3347,102,True
99,647,3245,3321,76,True
11,627,3246,3332,86,True
14,652,3246,3332,86,True
18,649,3246,3394,148,True
20,637,3246,3394,148,True
25,648,3246,3394,148,True
28,657,3246,3394,148,True
34,638,3246,3394,148,True
41,661,3246,3332,86,True
42,669,3246,3394,148,True
45,609,3246,3394,148,True
48,673,3246,3394,148,True
59,664,3246,3347,101,True
61,639,3246,3313,67,True
67,632,3246,3321,75,True
70,664,3246,3321,75,True
76,657,3246,3347,101,True
92,694,3246,3347,101,True
95,647,3246,3347,101,True
99,648,3246,3347,101,True
1,664,3247,3332,85,True
7,614,3247,3394,147,True
10,646,3247,3394,147,True
20,638,3247,3394,147,True
21,634,3247,3332,85,True
36,662,3247,3394,147,True
40,717,3247,3394,147,True
41,662,3247,3332,85,True
42,670,3247,3394,147,True
43,608,3247,3394,147,True
49,672,3247,3332,85,True
52,634,3247,,,False
55,602,3247,3347,100,True
56,639,3247,3321,74,True
59,665,3247,3347,100,True
62,641,3247,3321,74,True
64,696,3247,3313,66,True
66,636,3247,3347,100,True
73,622,3247,3321,74,True
91,635,3247,3347,100,True
92,695,3247,3347,100,True
93,635,3247,3396,149,True
95,648,3247,3347,100,True
97,634,3247,3347,100,True
17,620,3248,3394,146,True
34,639,3248,3394,146,True
35,655,3248,3394,146,True
41,663,3248,3332,84,True
47,614,3248,3332,84,True
56,640,3248,3321,73,True
65,634,3248,3321,73,True
66,637,3248,3347,99,True
68,678,3248,3347,99,True
73,623,3248,3321,73,True
77,644,3248,3321,73,True
82,654,3248,3347,99,True
88,660,3248,3347,99,True
97,635,3248,3347,99,True
11,628,3249,3332,83,True
19,614,3249,3394,145,True
20,639,3249,3394,145,True
27,652,3249,3394,145,True
28,658,3249,3394,145,True
35,656,3249,3394,145,True
39,619,3249,3394,145,True
40,718,3249,3394,145,True
51,641,3249,3347,98,True
58,639,3249,3347,98,True
69,686,3249,3347,98,True
73,624,3249,3347,98,True
76,658,3249,3347,98,True
81,591,3249,3347,98,True
82,655,3249,3347,98,True
88,661,3249,3347,98,True
89,642,3249,3347,98,True
98,640,3249,3347,98,True
0,686,3250,3332,82,True
3,687,3250,3394,144,True
4,664,3250,3394,144,True
16,682,3250,3394,144,True
17,621,3250,3394,144,True
25,649,3250,3394,144,True
38,629,3250,3394,144,True
43,609,3250,3394,144,True
47,615,3250,3332,82,True
49,673,3250,3332,82,True
53,637,3250,3347,97,True
62,642,3250,3321,71,True
63,680,3250,3347,97,True
70,665,3250,3321,71,True
80,685,3250,3347,97,True
91,636,3250,3347,97,True
92,696,3250,3347,97,True
94,644,3250,3347,97,True
6,644,3251,3394,143,True
7,615,3251,3394,143,True
14,653,3251,3332,81,True
16,683,3251,3394,143,True
17,622,3251,3394,143,True
18,650,3251,3394,143,True
35,657,3251,3394,143,True
41,664,3251,3394,143,True
46,642,3251,3394,143,True
62,643,3251,3321,70,True
92,697,3251,3347,96,True
93,636,3251,3396,145,True
7,616,3252,3394,142,True
9,687,3252,3394,142,True
10,647,3252,3394,142,True
12,662,3252,3332,80,True
13,651,3252,3394,142,True
14,654,3252,3332,80,True
20,640,3252,3394,142,True
36,663,3252,3394,142,True
37,637,3252,3394,142,True
44,665,3252,3394,142,True
45,610,3252,3394,142,True
56,641,3252,3321,69,True
68,679,3252,3347,95,True
70,666,3252,3321,69,True
72,646,3252,3321,69,True
77,645,3252,3347,95,True
96,615,3252,3347,95,True
0,687,3253,3332,79,True
4,665,3253,3394,141,True
8,634,3253,3332,79,True
10,648,3253,3394,141,True
15,650,3253,3394,141,True
22,682,3253,3394,141,True
31,662,3253,3394,141,True
33,648,3253,3332,79,True
45,611,3253,3394,141,True
54,707,3253,3396,143,True
56,642,3253,3321,68,True
57,644,3253,3321,68,True
61,640,3253,3319,66,True
77,646,3253,3347,94,True
80,686,3253,3347,94,True
0,688,3254,3332,78,True
6,645,3254,3394,140,True
8,635,3254,3332,78,True
12,663,3254,3332,78,True
16,684,3254,3394,140,True
30,649,3254,3394,140,True
34,640,3254,3394,140,True
38,630,3254,3394,140,True
42,671,3254,3394,140,True
45,612,3254,3394,140,True
50,630,3254,3347,93,True
51,642,3254,3347,93,True
55,603,3254,3347,93,True
57,645,3254,3321,67,True
61,641,3254,3319,65,True
63,681,3254,3347,93,True
64,697,3254,3321,67,True
67,633,3254,3347,93,True
72,647,3254,3321,67,True
78,670,3254,3347,93,True
92,698,3254,3396,142,True
96,616,3254,3347,93,True
97,636,3254,3347,93,True
98,641,3254,3347,93,True
9,688,3255,3394,139,True
10,649,3255,3394,139,True
21,635,3255,3332,77,True
23,660,3255,3332,77,True
26,643,3255,3332,77,True
28,659,3255,3394,139,True
31,663,3255,3394,139,True
35,658,3255,3394,139,True
42,672,3255,3394,139,True
43,610,3255,3394,139,True
54,708,3255,3396,141,True
63,682,3255,3347,92,True
64,698,3255,3321,66,True
80,687,3255,3347,92,True
84,664,3255,3347,92,True
88,662,3255,3396,141,True
89,643,3255,3396,141,True
90,653,3255,3347,92,True
97,637,3255,3347,92,True
99,649,3255,3347,92,True
3,688,3256,3394,138,True
4,666,3256,3394,138,True
5,632,3256,3394,138,True
6,646,3256,3394,138,True
17,623,3256,3394,138,True
30,650,3256,3394,138,True
34,641,3256,3394,138,True
38,631,3256,3394,138,True
39,620,3256,3394,138,True
51,643,3256,3347,91,True
54,709,3256,3396,140,True
55,604,3256,3347,91,True
56,643,3256,3347,91,True
75,655,3256,3347,91,True
77,647,3256,3347,91,True
82,656,3256,3347,91,True
83,633,3256,3347,91,True
84,665,3256,3347,91,True
85,648,3256,3347,91,True
3,689,3257,3394,137,True
5,633,3257,3394,137,True
10,650,3257,3394,137,True
11,629,3257,3332,75,True
13,652,3257,3394,137,True
16,685,3257,3394,137,True
22,683,3257,3394,137,True
25,650,3257,3394,137,True
28,660,3257,3394,137,True
38,632,3257,3394,137,True
39,621,3257,3394,137,True
40,719,3257,3394,137,True
44,666,3257,3394,137,True
46,643,3257,3394,137,True
55,605,3257,3347,90,True
62,644,3257,3347,90,True
71,650,3257,3396,139,True
72,648,3257,3321,64,True
77,648,3257,3347,90,True
2,672,3258,3394,136,True
7,617,3258,3394,136,True
10,651,3258,3394,136,True
16,686,3258,3394,136,True
29,637,3258,3332,74,True
34,642,3258,3394,136,True
35,659,3258,3394,136,True
36,664,3258,3394,136,True
38,633,3258,3394,136,True
42,673,3258,3394,136,True
43,611,3258,3394,136,True
55,606,3258,3347,89,True
67,634,3258,3347,89,True
77,649,3258,3347,89,True
93,637,3258,3396,138,True
94,645,3258,3379,121,True
97,638,3258,3347,89,True
1,665,3259,3332,73,True
12,664,3259,3332,73,True
17,624,3259,3394,135,True
24,610,3259,3394,135,True
26,644,3259,3332,73,True
28,661,3259,3394,135,True
35,660,3259,3394,135,True
39,622,3259,3394,135,True
49,674,3259,3394,135,True
54,710,3259,3396,137,True
55,607,3259,3347,88,True
58,640,3259,3347,88,True
59,666,3259,3347,88,True
60,617,3259,3347,88,True
77,650,3259,3347,88,True
79,586,3259,3321,62,True
86,663,3259,3347,88,True
88,663,3259,3396,137,True
0,689,3260,3332,72,True
8,636,3260,3332,72,True
10,652,3260,3394,134,True
18,651,3260,3394,134,True
20,641,3260,3394,134,True
24,611,3260,3394,134,True
25,651,3260,3394,134,True
31,664,3260,3394,134,True
36,665,3260,3394,134,True
37,638,3260,3394,134,True
39,623,3260,3394,134,True
40,720,3260,3394,134,True
44,667,3260,3394,134,True
46,644,3260,3394,134,True
51,644,3260,3347,87,True
66,638,3260,3396,136,True
73,625,3260,3347,87,True
75,656,3260,3347,87,True
78,671,3260,3347,87,True
83,634,3260,3347,87,True
88,664,3260,3396,136,True
90,654,3260,3347,87,True
99,650,3260,3347,87,True
3,690,3261,3394,133,True
5,634,3261,3394,133,True
14,655,3261,3332,71,True
15,651,3261,3394,133,True
30,651,3261,3394,133,True
33,649,3261,3332,71,True
37,639,3261,3394,133,True
40,721,3261,3394,133,True
43,612,3261,3394,133,True
44,668,3261,3394,133,True
52,635,3261,,,False
62,645,3261,3347,86,True
69,687,3261,3347,86,True
75,657,3261,3347,86,True
76,659,3261,3347,86,True
79,587,3261,3321,60,True
90,655,3261,3347,86,True
93,638,3261,3396,135,True
2,673,3262,3394,132,True
6,647,3262,3394,132,True
8,637,3262,3332,70,True
10,653,3262,3394,132,True
16,687,3262,3394,132,True
20,642,3262,3394,132,True
32,656,3262,3394,132,True
48,674,3262,3394,132,True
52,636,3262,,,False
53,638,3262,3396,134,True
67,635,3262,3347,85,True
77,651,3262,3347,85,True
80,688,3262,3347,85,True
88,665,3262,3396,134,True
90,656,3262,3347,85,True
93,639,3262,3396,134,True
95,649,3262,3347,85,True
99,651,3262,3347,85,True
5,635,3263,3394,131,True
9,689,3263,3394,131,True
11,630,3263,3332,69,True
17,625,3263,3394,131,True
25,652,3263,3394,131,True
33,650,3263,3332,69,True
38,634,3263,3394,131,True
43,613,3263,3394,131,True
50,631,3263,3347,84,True
53,639,3263,3396,133,True
55,608,3263,3347,84,True
67,636,3263,3347,84,True
70,667,3263,3321,58,True
77,652,3263,3347,84,True
80,689,3263,3347,84,True
81,592,3263,3347,84,True
86,664,3263,3347,84,True
90,657,3263,3396,133,True
95,650,3263,3347,84,True
0,690,3264,3332,68,True
1,666,3264,3332,68,True
4,667,3264,3394,130,True
13,653,3264,3394,130,True
14,656,3264,3332,68,True
17,626,3264,3394,130,True
25,653,3264,3394,130,True
27,653,3264,3394,130,True
35,661,3264,3394,130,True
36,666,3264,3394,130,True
41,665,3264,3394,130,True
47,616,3264,3394,130,True
48,675,3264,3394,130,True
50,632,3264,3347,83,True
55,609,3264,3347,83,True
56,644,3264,3347,83,True
58,641,3264,3347,83,True
77,653,3264,3347,83,True
80,690,3264,3347,83,True
86,665,3264,3347,83,True
88,666,3264,3396,132,True
99,652,3264,3347,83,True
6,648,3265,3394,129,True
8,638,3265,3332,67,True
11,631,3265,3394,129,True
17,627,3265,3394,129,True
23,661,3265,3394,129,True
25,654,3265,3394,129,True
27,654,3265,3394,129,True
32,657,3265,3394,129,True
33,651,3265,3332,67,True
44,669,3265,3394,129,True
51,645,3265,3347,82,True
59,667,3265,3396,131,True
60,618,3265,3347,82,True
65,635,3265,3347,82,True
67,637,3265,3396,131,True
70,668,3265,3321,56,True
71,651,3265,3396,131,True
72,649,3265,3321,56,True
79,588,3265,3347,82,True
80,691,3265,3347,82,True
82,657,3265,3347,82,True
83,635,3265,3347,82,True
84,666,3265,3347,82,True
90,658,3265,3396,131,True
92,699,3265,3396,131,True
97,639,3265,3347,82,True
4,668,3266,3394,128,True
6,649,3266,3394,128,True
17,628,3266,3394,128,True
21,636,3266,3332,66,True
23,662,3266,3394,128,True
29,638,3266,3332,66,True
37,640,3266,3394,128,True
38,635,3266,3394,128,True
39,624,3266,3394,128,True
43,614,3266,3394,128,True
47,617,3266,3394,128,True
58,642,3266,3347,81,True
64,699,3266,3321,55,True
67,638,3266,3396,130,True
74,659,3266,3396,130,True
81,593,3266,3396,130,True
11,632,3267,3394,127,True
16,688,3267,3394,127,True
32,658,3267,3394,127,True
38,636,3267,3394,127,True
48,676,3267,3394,127,True
51,646,3267,3347,80,True
52,637,3267,,,False
56,645,3267,3347,80,True
60,619,3267,3347,80,True
66,639,3267,3396,129,True
69,688,3267,3396,129,True
73,626,3267,3347,80,True
76,660,3267,3347,80,True
80,692,3267,3347,80,True
87,614,3267,3396,129,True
93,640,3267,3396,129,True
95,651,3267,3347,80,True
7,618,3268,3394,126,True
9,690,3268,3394,126,True
10,654,3268,3394,126,True
12,665,3268,3394,126,True
13,654,3268,3394,126,True
15,652,3268,3394,126,True
19,615,3268,3394,126,True
21,637,3268,3332,64,True
24,612,3268,3394,126,True
30,652,3268,3394,126,True
31,665,3268,3394,126,True
35,662,3268,3394,126,True
38,637,3268,3394,126,True
44,670,3268,3394,126,True
46,645,3268,3394,126,True
54,711,3268,3396,128,True
58,643,3268,3347,79,True
70,669,3268,3321,53,True
73,627,3268,3347,79,True
86,666,3268,3347,79,True
1,667,3269,3332,63,True
6,650,3269,3394,125,True
10,655,3269,3394,125,True
17,629,3269,3394,125,True
23,663,3269,3394,125,True
33,652,3269,3332,63,True
35,663,3269,3394,125,True
42,674,3269,3394,125,True
45,613,3269,3394,125,True
47,618,3269,3394,125,True
52,638,3269,,,False
55,610,3269,3396,127,True
58,644,3269,3347,78,True
73,628,3269,3347,78,True
78,672,3269,3396,127,True
79,589,3269,3347,78,True
86,667,3269,3347,78,True
89,644,3269,3396,127,True
92,700,3269,3396,127,True
94,646,3269,3379,110,True
0,691,3270,3394,124,True
5,636,3270,3394,124,True
18,652,3270,3394,124,True
19,616,3270,3394,124,True
25,655,3270,3394,124,True
27,655,3270,3394,124,True
28,662,3270,3394,124,True
32,659,3270,3394,124,True
33,653,3270,3332,62,True
34,643,3270,3394,124,True
40,722,3270,3394,124,True
43,615,3270,3394,124,True
45,614,3270,3394,124,True
64,700,3270,3347,77,True
65,636,3270,3347,77,True
82,658,3270,3379,109,True
94,647,3270,3379,109,True
96,617,3270,3396,126,True
98,642,3270,3347,77,True
10,656,3271,3394,123,True
16,689,3271,3394,123,True
19,617,3271,3394,123,True
26,645,3271,3394,123,True
27,656,3271,3394,123,True
28,663,3271,3394,123,True
29,639,3271,3332,61,True
30,653,3271,3394,123,True
32,660,3271,3394,123,True
47,619,3271,3394,123,True
55,611,3271,3396,125,True
58,645,3271,3347,76,True
64,701,3271,3347,76,True
71,652,3271,3396,125,True
74,660,3271,3396,125,True
75,658,3271,3396,125,True
78,673,3271,3396,125,True
82,659,3271,3379,108,True
87,615,3271,3396,125,True
88,667,3271,3396,125,True
97,640,3271,3347,76,True
99,653,3271,3396,125,True
1,668,3272,3394,122,True
5,637,3272,3394,122,True
11,633,3272,3394,122,True
14,657,3272,3332,60,True
15,653,3272,3394,122,True
19,618,3272,3394,122,True
20,643,3272,3394,122,True
28,664,3272,3394,122,True
30,654,3272,3394,122,True
34,644,3272,3394,122,True
36,667,3272,3394,122,True
37,641,3272,3394,122,True
43,616,3272,3394,122,True
45,615,3272,3394,122,True
46,646,3272,3394,122,True
49,675,3272,3394,122,True
58,646,3272,3347,75,True
72,650,3272,3347,75,True
77,654,3272,3396,124,True
83,636,3272,3396,124,True
96,618,3272,3396,124,True
5,638,3273,3394,121,True
6,651,3273,3394,121,True
7,619,3273,3394,121,True
9,691,3273,3394,121,True
16,690,3273,3394,121,True
26,646,3273,3394,121,True
27,657,3273,3394,121,True
28,665,3273,3394,121,True
29,640,3273,3332,59,True
34,645,3273,3394,121,True
36,668,3273,3394,121,True
52,639,3273,,,False
55,612,3273,3396,123,True
59,668,3273,3396,123,True
61,642,3273,3345,72,True
62,646,3273,3396,123,True
65,637,3273,3347,74,True
67,639,3273,3396,123,True
75,659,3273,3396,123,True
77,655,3273,3396,123,True
84,667,3273,3396,123,True
86,668,3273,3347,74,True
90,659,3273,3396,123,True
91,637,3273,3347,74,True
97,641,3273,3347,74,True
98,643,3273,3347,74,True
99,654,3273,3396,123,True
0,692,3274,3394,120,True
8,639,3274,3394,120,True
11,634,3274,3394,120,True
18,653,3274,3394,120,True
19,619,3274,3394,120,True
23,664,3274,3394,120,True
50,633,3274,3347,73,True
59,669,3274,3396,122,True
64,702,3274,3347,73,True
65,638,3274,3347,73,True
77,656,3274,3396,122,True
78,674,3274,3396,122,True
83,637,3274,3396,122,True
90,660,3274,3396,122,True
92,701,3274,3396,122,True
2,674,3275,3394,119,True
4,669,3275,3394,119,True
9,692,3275,3394,119,True
10,657,3275,3394,119,True
13,655,3275,3394,119,True
17,630,3275,3394,119,True
34,646,3275,3394,119,True
36,669,3275,3394,119,True
41,666,3275,3394,119,True
42,675,3275,3394,119,True
43,617,3275,3394,119,True
57,646,3275,3347,72,True
59,670,3275,3396,121,True
65,639,3275,3347,72,True
67,640,3275,3396,121,True
71,653,3275,3396,121,True
77,657,3275,3396,121,True
78,675,3275,3396,121,True
79,590,3275,3347,72,True
93,641,3275,3396,121,True
95,652,3275,3379,104,True
98,644,3275,3347,72,True
2,675,3276,3394,118,True
8,640,3276,3394,118,True
9,693,3276,3394,118,True
15,654,3276,3394,118,True
18,654,3276,3394,118,True
22,684,3276,3394,118,True
31,666,3276,3394,118,True
32,661,3276,3394,118,True
33,654,3276,3447,171,True
36,670,3276,3394,118,True
38,638,3276,3394,118,True
39,625,3276,3394,118,True
49,676,3276,3394,118,True
54,712,3276,3396,120,True
59,671,3276,3396,120,True
60,620,3276,3396,120,True
63,683,3276,3396,120,True
70,670,3276,3345,69,True
72,651,3276,3347,71,True
76,661,3276,3347,71,True
77,658,3276,3396,120,True
84,668,3276,3396,120,True
87,616,3276,3396,120,True
89,645,3276,3396,120,True
92,702,3276,3396,120,True
94,648,3276,3379,103,True
8,641,3277,3394,117,True
9,694,3277,3394,117,True
10,658,3277,3394,117,True
16,691,3277,3394,117,True
37,642,3277,3394,117,True
47,620,3277,3394,117,True
48,677,3277,3394,117,True
49,677,3277,3394,117,True
51,647,3277,3379,102,True
56,646,3277,3396,119,True
57,647,3277,3347,70,True
63,684,3277,3396,119,True
64,703,3277,3347,70,True
72,652,3277,3347,70,True
82,660,3277,3379,102,True
84,669,3277,3396,119,True
86,669,3277,3347,70,True
88,668,3277,3396,119,True
89,646,3277,3396,119,True
90,661,3277,3396,119,True
91,638,3277,3347,70,True
95,653,3277,3379,102,True
97,642,3277,3396,119,True
3,691,3278,3394,116,True
6,652,3278,3394,116,True
11,635,3278,3394,116,True
18,655,3278,3394,116,True
19,620,3278,3394,116,True
25,656,3278,3394,116,True
29,641,3278,3394,116,True
30,655,3278,3394,116,True
48,678,3278,3394,116,True
58,647,3278,3396,118,True
60,621,3278,3396,118,True
63,685,3278,3396,118,True
65,640,3278,3347,69,True
66,640,3278,3396,118,True
84,670,3278,3396,118,True
90,662,3278,3396,118,True
0,693,3279,3394,115,True
3,692,3279,3394,115,True
10,659,3279,3394,115,True
13,656,3279,3394,115,True
18,656,3279,3394,115,True
19,621,3279,3394,115,True
25,657,3279,3394,115,True
35,664,3279,3394,115,True
36,671,3279,3447,168,True
40,723,3279,3394,115,True
56,647,3279,3396,117,True
59,672,3279,3396,117,True
68,680,3279,3347,68,True
70,671,3279,3347,68,True
75,660,3279,3396,117,True
82,661,3279,3379,100,True
89,647,3279,3396,117,True
92,703,3279,3396,117,True
96,619,3279,3396,117,True
97,643,3279,3396,117,True
98,645,3279,3347,68,True
7,620,3280,3394,114,True
12,666,3280,3394,114,True
21,638,3280,3332,52,True
26,647,3280,3394,114,True
31,667,3280,3394,114,True
32,662,3280,3394,114,True
39,626,3280,3394,114,True
40,724,3280,3394,114,True
44,671,3280,3394,114,True
45,616,3280,3394,114,True
47,621,3280,3394,114,True
48,679,3280,3394,114,True
62,647,3280,3396,116,True
67,641,3280,3396,116,True
73,629,3280,3347,67,True
76,662,3280,3441,161,True
77,659,3280,3396,116,True
79,591,3280,3396,116,True
89,648,3280,3396,116,True
90,663,3280,3396,116,True
92,704,3280,3396,116,True
94,649,3280,3379,99,True
96,620,3280,3477,197,True
97,644,3280,3396,116,True
1,669,3281,3394,113,True
19,622,3281,3394,113,True
20,644,3281,3394,113,True
21,639,3281,3332,51,True
26,648,3281,3394,113,True
29,642,3281,3394,113,True
30,656,3281,3394,113,True
32,663,3281,3394,113,True
35,665,3281,3394,113,True
36,672,3281,3447,166,True
38,639,3281,3447,166,True
43,618,3281,3394,113,True
47,622,3281,3394,113,True
48,680,3281,3394,113,True
56,648,3281,3396,115,True
63,686,3281,3396,115,True
71,654,3281,3396,115,True
75,661,3281,3396,115,True
76,663,3281,3441,160,True
79,592,3281,3396,115,True
82,662,3281,3379,98,True
84,671,3281,3396,115,True
85,649,3281,3396,115,True
87,617,3281,3396,115,True
89,649,3281,3396,115,True
8,642,3282,3394,112,True
19,623,3282,3394,112,True
31,668,3282,3394,112,True
32,664,3282,3394,112,True
38,640,3282,3447,165,True
40,725,3282,3394,112,True
43,619,3282,3394,112,True
49,678,3282,3394,112,True
54,713,3282,3396,114,True
57,648,3282,3347,65,True
58,648,3282,3396,114,True
64,704,3282,3347,65,True
67,642,3282,3396,114,True
75,662,3282,3396,114,True
76,664,3282,3441,159,True
77,660,3282,3396,114,True
81,594,3282,3396,114,True
83,638,3282,3396,114,True
86,670,3282,3347,65,True
91,639,3282,3396,114,True
92,705,3282,3396,114,True
93,642,3282,3396,114,True
3,693,3283,3447,164,True
8,643,3283,3394,111,True
10,660,3283,3394,111,True
15,655,3283,3394,111,True
16,692,3283,3394,111,True
22,685,3283,3394,111,True
26,649,3283,3394,111,True
28,666,3283,3394,111,True
31,669,3283,3394,111,True
38,641,3283,3447,164,True
43,620,3283,3394,111,True
47,623,3283,3394,111,True
59,673,3283,3396,113,True
68,681,3283,3347,64,True
69,689,3283,3396,113,True
70,672,3283,3347,64,True
71,655,3283,3396,113,True
72,653,3283,3347,64,True
75,663,3283,3396,113,True
81,595,3283,3396,113,True
82,663,3283,3379,96,True
88,669,3283,3441,158,True
92,706,3283,3396,113,True
0,694,3284,3394,110,True
1,670,3284,3394,110,True
2,676,3284,3394,110,True
4,670,3284,3394,110,True
5,639,3284,3394,110,True
8,644,3284,3394,110,True
11,636,3284,3394,110,True
12,667,3284,3394,110,True
18,657,3284,3394,110,True
19,624,3284,3394,110,True
20,645,3284,3394,110,True
29,643,3284,3394,110,True
31,670,3284,3394,110,True
37,643,3284,3394,110,True
49,679,3284,3394,110,True
68,682,3284,3347,63,True
75,664,3284,3396,112,True
81,596,3284,3396,112,True
85,650,3284,3396,112,True
86,671,3284,3347,63,True
92,707,3284,3396,112,True
96,621,3284,3477,193,True
11,637,3285,3394,109,True
12,668,3285,3394,109,True
15,656,3285,3394,109,True
22,686,3285,3394,109,True
23,665,3285,3394,109,True
24,613,3285,3394,109,True
30,657,3285,3394,109,True
43,621,3285,3394,109,True
48,681,3285,3394,109,True
51,648,3285,3379,94,True
52,640,3285,,,False
55,613,3285,3396,111,True
58,649,3285,3396,111,True
60,622,3285,3396,111,True
68,683,3285,3347,62,True
74,661,3285,3396,111,True
77,661,3285,3396,111,True
78,676,3285,3396,111,True
81,597,3285,3396,111,True
87,618,3285,3396,111,True
99,655,3285,3396,111,True
0,695,3286,3394,108,True
9,695,3286,3394,108,True
16,693,3286,3394,108,True
19,625,3286,3394,108,True
24,614,3286,3394,108,True
26,650,3286,3394,108,True
35,666,3286,3394,108,True
36,673,3286,3447,161,True
51,649,3286,3379,93,True
66,641,3286,3396,110,True
78,677,3286,3396,110,True
80,693,3286,3379,93,True
82,664,3286,3379,93,True
83,639,3286,3396,110,True
84,672,3286,3396,110,True
85,651,3286,3396,110,True
86,672,3286,3347,61,True
90,664,3286,3396,110,True
94,650,3286,3379,93,True
5,640,3287,3394,107,True
7,621,3287,3394,107,True
13,657,3287,3394,107,True
19,626,3287,3394,107,True
25,658,3287,3394,107,True
33,655,3287,3447,160,True
43,622,3287,3394,107,True
45,617,3287,3394,107,True
49,680,3287,3394,107,True
54,714,3287,3396,109,True
55,614,3287,3396,109,True
62,648,3287,3396,109,True
66,642,3287,3396,109,True
77,662,3287,3396,109,True
78,678,3287,3396,109,True
82,665,3287,3379,92,True
84,673,3287,3396,109,True
85,652,3287,3396,109,True
91,640,3287,3396,109,True
93,643,3287,3396,109,True
97,645,3287,3396,109,True
1,671,3288,3447,159,True
6,653,3288,3394,106,True
10,661,3288,3394,106,True
11,638,3288,3394,106,True
12,669,3288,3394,106,True
20,646,3288,3394,106,True
22,687,3288,3394,106,True
27,658,3288,3394,106,True
28,667,3288,3394,106,True
34,647,3288,3394,106,True
40,726,3288,3394,106,True
47,624,3288,3447,159,True
48,682,3288,3394,106,True
56,649,3288,3396,108,True
61,643,3288,3347,59,True
63,687,3288,3396,108,True
67,643,3288,3396,108,True
68,684,3288,3396,108,True
69,690,3288,3396,108,True
70,673,3288,3347,59,True
73,630,3288,3441,153,True
75,665,3288,3396,108,True
89,650,3288,3396,108,True
93,644,3288,3396,108,True
1,672,3289,3447,158,True
3,694,3289,3447,158,True
7,622,3289,3394,105,True
11,639,3289,3394,105,True
25,659,3289,3394,105,True
29,644,3289,3447,158,True
41,667,3289,3394,105,True
47,625,3289,3447,158,True
52,641,3289,,,False
53,640,3289,3396,107,True
55,615,3289,3396,107,True
62,649,3289,3396,107,True
72,654,3289,3347,58,True
75,666,3289,3396,107,True
77,663,3289,3396,107,True
78,679,3289,3396,107,True
85,653,3289,3396,107,True
86,673,3289,3347,58,True
88,670,3289,3441,152,True
91,641,3289,3396,107,True
93,645,3289,3396,107,True
97,646,3289,3396,107,True
98,646,3289,3379,90,True
14,658,3290,3447,157,True
15,657,3290,3394,104,True
21,640,3290,3447,157,True
30,658,3290,3394,104,True
32,665,3290,3394,104,True
34,648,3290,3394,104,True
39,627,3290,3394,104,True
41,668,3290,3394,104,True
50,634,3290,3379,89,True
51,650,3290,3396,106,True
53,641,3290,3396,106,True
60,623,3290,3396,106,True
61,644,3290,3347,57,True
63,688,3290,3396,106,True
65,641,3290,3379,89,True
69,691,3290,3396,106,True
74,662,3290,3396,106,True
75,667,3290,3396,106,True
84,674,3290,3396,106,True
89,651,3290,3396,106,True
90,665,3290,3396,106,True
99,656,3290,3396,106,True
12,670,3291,3394,103,True
13,658,3291,3394,103,True
17,631,3291,3394,103,True
31,671,3291,3394,103,True
43,623,3291,3394,103,True
49,681,3291,3394,103,True
52,642,3291,,,False
55,616,3291,3396,105,True
56,650,3291,3396,105,True
59,674,3291,3396,105,True
63,689,3291,3396,105,True
71,656,3291,3396,105,True
77,664,3291,3396,105,True
78,680,3291,3396,105,True
81,598,3291,3396,105,True
85,654,3291,3396,105,True
94,651,3291,3396,105,True
2,677,3292,3394,102,True
4,671,3292,3394,102,True
16,694,3292,3447,155,True
18,658,3292,3394,102,True
19,627,3292,3394,102,True
23,666,3292,3394,102,True
32,666,3292,3447,155,True
48,683,3292,3394,102,True
52,643,3292,,,False
53,642,3292,3396,104,True
55,617,3292,3396,104,True
66,643,3292,3396,104,True
75,668,3292,3396,104,True
91,642,3292,3396,104,True
94,652,3292,3396,104,True
0,696,3293,3447,154,True
4,672,3293,3394,101,True
25,660,3293,3394,101,True
33,656,3293,3447,154,True
35,667,3293,3394,101,True
40,727,3293,3394,101,True
44,672,3293,3394,101,True
46,647,3293,3394,101,True
47,626,3293,3447,154,True
61,645,3293,3347,54,True
63,690,3293,3396,103,True
74,663,3293,3396,103,True
75,669,3293,3396,103,True
83,640,3293,3396,103,True
87,619,3293,3396,103,True
4,673,3294,3447,153,True
6,654,3294,3394,100,True
8,645,3294,3447,153,True
10,662,3294,3394,100,True
12,671,3294,3447,153,True
17,632,3294,3394,100,True
23,667,3294,3394,100,True
27,659,3294,3394,100,True
30,659,3294,3394,100,True
33,657,3294,3447,153,True
34,649,3294,3394,100,True
40,728,3294,3394,100,True
46,648,3294,3394,100,True
58,650,3294,3396,102,True
61,646,3294,3347,53,True
70,674,3294,3347,53,True
71,657,3294,3396,102,True
74,664,3294,3396,102,True
81,599,3294,3396,102,True
84,675,3294,3396,102,True
86,674,3294,3396,102,True
96,622,3294,3477,183,True
1,673,3295,3447,152,True
2,678,3295,3394,99,True
9,696,3295,3394,99,True
10,663,3295,3394,99,True
11,640,3295,3447,152,True
18,659,3295,3394,99,True
23,668,3295,3394,99,True
25,661,3295,3394,99,True
26,651,3295,3394,99,True
28,668,3295,3394,99,True
33,658,3295,3447,152,True
34,650,3295,3394,99,True
38,642,3295,3447,152,True
43,624,3295,3394,99,True
53,643,3295,3396,101,True
57,649,3295,3347,52,True
64,705,3295,3379,84,True
66,644,3295,3396,101,True
70,675,3295,3379,84,True
72,655,3295,3347,52,True
78,681,3295,3396,101,True
84,676,3295,3396,101,True
90,666,3295,3396,101,True
91,643,3295,3396,101,True
96,623,3295,3477,182,True
11,641,3296,3447,151,True
14,659,3296,3447,151,True
22,688,3296,3394,98,True
28,669,3296,3394,98,True
38,643,3296,3447,151,True
47,627,3296,3447,151,True
62,650,3296,3396,100,True
71,658,3296,3441,145,True
77,665,3296,3396,100,True
83,641,3296,3396,100,True
85,655,3296,3396,100,True
86,675,3296,3396,100,True
93,646,3296,3396,100,True
97,647,3296,3396,100,True
4,674,3297,3447,150,True
5,641,3297,3394,97,True
7,623,3297,3394,97,True
9,697,3297,3394,97,True
15,658,3297,3394,97,True
16,695,3297,3447,150,True
18,660,3297,3394,97,True
21,641,3297,3447,150,True
24,615,3297,3394,97,True
25,662,3297,3394,97,True
29,645,3297,3447,150,True
43,625,3297,3394,97,True
47,628,3297,3447,150,True
48,684,3297,3394,97,True
51,651,3297,3396,99,True
64,706,3297,3379,82,True
71,659,3297,3441,144,True
81,600,3297,3396,99,True
82,666,3297,3396,99,True
94,653,3297,3396,99,True
98,647,3297,3379,82,True
99,657,3297,3396,99,True
0,697,3298,3447,149,True
3,695,3298,3447,149,True
4,675,3298,3447,149,True
9,698,3298,3394,96,True
10,664,3298,3394,96,True
12,672,3298,3447,149,True
17,633,3298,3394,96,True
26,652,3298,3394,96,True
27,660,3298,3394,96,True
38,644,3298,3447,149,True
41,669,3298,3394,96,True
48,685,3298,3394,96,True
57,650,3298,3347,49,True
59,675,3298,3396,98,True
62,651,3298,3396,98,True
67,644,3298,3396,98,True
72,656,3298,3347,49,True
74,665,3298,3396,98,True
89,652,3298,3396,98,True
6,655,3299,3394,95,True
7,624,3299,3394,95,True
13,659,3299,3394,95,True
17,634,3299,3394,95,True
18,661,3299,3394,95,True
26,653,3299,3394,95,True
28,670,3299,3447,148,True
30,660,3299,3394,95,True
34,651,3299,3394,95,True
39,628,3299,3394,95,True
49,682,3299,3447,148,True
54,715,3299,3396,97,True
55,618,3299,3396,97,True
56,651,3299,3396,97,True
58,651,3299,3396,97,True
59,676,3299,3396,97,True
64,707,3299,3379,80,True
66,645,3299,3396,97,True
70,676,3299,3379,80,True
72,657,3299,3347,48,True
76,665,3299,3441,142,True
78,682,3299,3396,97,True
90,667,3299,3396,97,True
92,708,3299,3396,97,True
0,698,3300,3447,147,True
2,679,3300,3394,94,True
3,696,3300,3447,147,True
5,642,3300,3394,94,True
8,646,3300,3447,147,True
13,660,3300,3394,94,True
17,635,3300,3394,94,True
28,671,3300,3447,147,True
30,661,3300,3394,94,True
33,659,3300,3447,147,True
34,652,3300,3394,94,True
36,674,3300,3447,147,True
40,729,3300,3394,94,True
43,626,3300,3394,94,True
48,686,3300,3394,94,True
51,652,3300,3396,96,True
69,692,3300,3396,96,True
70,677,3300,3379,79,True
76,666,3300,3441,141,True
78,683,3300,3396,96,True
83,642,3300,3396,96,True
84,677,3300,3396,96,True
85,656,3300,3396,96,True
86,676,3300,3396,96,True
94,654,3300,3396,96,True
1,674,3301,3447,146,True
8,647,3301,3447,146,True
23,669,3301,3447,146,True
33,660,3301,3447,146,True
34,653,3301,3394,93,True
38,645,3301,3447,146,True
39,629,3301,3394,93,True
40,730,3301,3394,93,True
43,627,3301,3394,93,True
46,649,3301,3394,93,True
50,635,3301,3379,78,True
60,624,3301,3396,95,True
61,647,3301,3379,78,True
70,678,3301,3379,78,True
74,666,3301,3396,95,True
80,694,3301,3396,95,True
81,601,3301,3396,95,True
89,653,3301,3396,95,True
90,668,3301,3396,95,True
92,709,3301,3396,95,True
97,648,3301,3396,95,True
0,699,3302,3447,145,True
4,676,3302,3447,145,True
6,656,3302,3394,92,True
10,665,3302,3394,92,True
15,659,3302,3394,92,True
21,642,3302,3447,145,True
22,689,3302,3394,92,True
23,670,3302,3447,145,True
26,654,3302,3447,145,True
34,654,3302,3394,92,True
36,675,3302,3447,145,True
52,644,3302,,,False
63,691,3302,3396,94,True
82,667,3302,3396,94,True
86,677,3302,3396,94,True
89,654,3302,3396,94,True
90,669,3302,3396,94,True
94,655,3302,3396,94,True
95,654,3302,3396,94,True
96,624,3302,3477,175,True
98,648,3302,3379,77,True
99,658,3302,3396,94,True
7,625,3303,3394,91,True
9,699,3303,3394,91,True
12,673,3303,3447,144,True
17,636,3303,3394,91,True
20,647,3303,3394,91,True
21,643,3303,3447,144,True
24,616,3303,3447,144,True
37,644,3303,3447,144,True
39,630,3303,3394,91,True
52,645,3303,,,False
59,677,3303,3396,93,True
63,692,3303,3396,93,True
64,708,3303,3379,76,True
65,642,3303,3396,93,True
70,679,3303,3379,76,True
75,670,3303,3396,93,True
78,684,3303,3396,93,True
88,671,3303,3441,138,True
91,644,3303,3396,93,True
93,647,3303,3441,138,True
8,648,3304,3447,143,True
11,642,3304,3447,143,True
24,617,3304,3447,143,True
27,661,3304,3394,90,True
28,672,3304,3447,143,True
43,628,3304,3394,90,True
51,653,3304,3396,92,True
52,646,3304,,,False
56,652,3304,3396,92,True
57,651,3304,3379,75,True
68,685,3304,3396,92,True
70,680,3304,3379,75,True
78,685,3304,3396,92,True
81,602,3304,3396,92,True
84,678,3304,3396,92,True
93,648,3304,3441,137,True
95,655,3304,3396,92,True
97,649,3304,3396,92,True
13,661,3305,3394,89,True
19,628,3305,3394,89,True
20,648,3305,3394,89,True
23,671,3305,3447,142,True
29,646,3305,3447,142,True
31,672,3305,3394,89,True
32,667,3305,3447,142,True
36,676,3305,3447,142,True
38,646,3305,3447,142,True
39,631,3305,3447,142,True
42,676,3305,3447,142,True
44,673,3305,3447,142,True
46,650,3305,3394,89,True
47,629,3305,3447,142,True
50,636,3305,3396,91,True
53,644,3305,3396,91,True
60,625,3305,3396,91,True
68,686,3305,3396,91,True
76,667,3305,3441,136,True
88,672,3305,3441,136,True
89,655,3305,3396,91,True
90,670,3305,3396,91,True
91,645,3305,3396,91,True
94,656,3305,3396,91,True
4,677,3306,3447,141,True
6,657,3306,3447,141,True
13,662,3306,3394,88,True
20,649,3306,3394,88,True
23,672,3306,3447,141,True
27,662,3306,3394,88,True
34,655,3306,3394,88,True
36,677,3306,3447,141,True
39,632,3306,3447,141,True
49,683,3306,3447,141,True
56,653,3306,3396,90,True
57,652,3306,3379,73,True
58,652,3306,3396,90,True
64,709,3306,3379,73,True
73,631,3306,3441,135,True
81,603,3306,3396,90,True
92,710,3306,3396,90,True
94,657,3306,3396,90,True
98,649,3306,3396,90,True
0,700,3307,3447,140,True
5,643,3307,3447,140,True
11,643,3307,3447,140,True
27,663,3307,3394,87,True
28,673,3307,3447,140,True
42,677,3307,3447,140,True
44,674,3307,3447,140,True
55,619,3307,3396,89,True
67,645,3307,3396,89,True
69,693,3307,3441,134,True
74,667,3307,3396,89,True
76,668,3307,3441,134,True
83,643,3307,3396,89,True
96,625,3307,3477,170,True
97,650,3307,3396,89,True
1,675,3308,3447,139,True
7,626,3308,3394,86,True
15,660,3308,3394,86,True
23,673,3308,3447,139,True
28,674,3308,3447,139,True
47,630,3308,3447,139,True
48,687,3308,3394,86,True
55,620,3308,3396,88,True
57,653,3308,3379,71,True
58,653,3308,3396,88,True
59,678,3308,3396,88,True
63,693,3308,3396,88,True
67,646,3308,3396,88,True
74,668,3308,3396,88,True
76,669,3308,3441,133,True
78,686,3308,3396,88,True
84,679,3308,3396,88,True
85,657,3308,3396,88,True
88,673,3308,3441,133,True
90,671,3308,3396,88,True
94,658,3308,3396,88,True
98,650,3308,3396,88,True
3,697,3309,3447,138,True
7,627,3309,3394,85,True
15,661,3309,3394,85,True
17,637,3309,3394,85,True
23,674,3309,3447,138,True
37,645,3309,3447,138,True
40,731,3309,3447,138,True
41,670,3309,3447,138,True
48,688,3309,3447,138,True
53,645,3309,3396,87,True
60,626,3309,3441,132,True
62,652,3309,3396,87,True
64,710,3309,3396,87,True
68,687,3309,3396,87,True
83,644,3309,3396,87,True
86,678,3309,3396,87,True
95,656,3309,3396,87,True
96,626,3309,3477,168,True
0,701,3310,3447,137,True
2,680,3310,3394,84,True
3,698,3310,3447,137,True
16,696,3310,3447,137,True
19,629,3310,3394,84,True
24,618,3310,3447,137,True
25,663,3310,3394,84,True
28,675,3310,3447,137,True
33,661,3310,3447,137,True
43,629,3310,3447,137,True
46,651,3310,3447,137,True
49,684,3310,3447,137,True
61,648,3310,3386,76,True
67,647,3310,3396,86,True
73,632,3310,3441,131,True
77,666,3310,3396,86,True
78,687,3310,3396,86,True
81,604,3310,3396,86,True
88,674,3310,3441,131,True
92,711,3310,3396,86,True
3,699,3311,3447,136,True
5,644,3311,3447,136,True
11,644,3311,3447,136,True
14,660,3311,3447,136,True
16,697,3311,3447,136,True
23,675,3311,3447,136,True
24,619,3311,3447,136,True
25,664,3311,3394,83,True
26,655,3311,3447,136,True
28,676,3311,3447,136,True
55,621,3311,3396,85,True
58,654,3311,3396,85,True
61,649,3311,3386,75,True
75,671,3311,3396,85,True
77,667,3311,3396,85,True
79,593,3311,3396,85,True
88,675,3311,3441,130,True
89,656,3311,3396,85,True
91,646,3311,3396,85,True
95,657,3311,3396,85,True
11,645,3312,3447,135,True
14,661,3312,3447,135,True
18,662,3312,3447,135,True
24,620,3312,3447,135,True
25,665,3312,3447,135,True
27,664,3312,3447,135,True
32,668,3312,3447,135,True
45,618,3312,3394,82,True
47,631,3312,3447,135,True
50,637,3312,3396,84,True
52,647,3312,,,False
66,646,3312,3396,84,True
71,660,3312,3441,129,True
73,633,3312,3441,129,True
12,674,3313,3447,134,True
19,630,3313,3394,81,True
25,666,3313,3447,134,True
26,656,3313,3447,134,True
33,662,3313,3447,134,True
34,656,3313,3394,81,True
38,647,3313,3447,134,True
50,638,3313,3396,83,True
54,716,3313,3441,128,True
56,654,3313,3396,83,True
59,679,3313,3396,83,True
60,627,3313,3441,128,True
63,694,3313,3396,83,True
73,634,3313,3441,128,True
77,668,3313,3396,83,True
79,594,3313,3396,83,True
82,668,3313,3396,83,True
91,647,3313,3396,83,True
92,712,3313,3396,83,True
97,651,3313,3396,83,True
16,698,3314,3447,133,True
26,657,3314,3447,133,True
29,647,3314,3447,133,True
35,668,3314,3394,80,True
44,675,3314,3447,133,True
47,632,3314,3447,133,True
54,717,3314,3441,127,True
55,622,3314,3396,82,True
56,655,3314,3396,82,True
57,654,3314,3396,82,True
73,635,3314,3441,127,True
75,672,3314,3396,82,True
77,669,3314,3396,82,True
91,648,3314,3396,82,True
95,658,3314,3396,82,True
99,659,3314,3441,127,True
5,645,3315,3447,132,True
6,658,3315,3447,132,True
13,663,3315,3394,79,True
17,638,3315,3447,132,True
18,663,3315,3447,132,True
21,644,3315,3447,132,True
24,621,3315,3447,132,True
26,658,3315,3447,132,True
28,677,3315,3447,132,True
34,657,3315,3394,79,True
47,633,3315,3447,132,True
53,646,3315,3396,81,True
61,650,3315,3386,71,True
98,651,3315,3396,81,True
1,676,3316,3447,131,True
10,666,3316,3447,131,True
35,669,3316,3394,78,True
36,678,3316,3447,131,True
47,634,3316,3447,131,True
55,623,3316,3396,80,True
93,649,3316,3441,125,True
11,646,3317,3447,130,True
22,690,3317,3447,130,True
28,678,3317,3447,130,True
42,678,3317,3447,130,True
50,639,3317,3396,79,True
53,647,3317,3441,124,True
57,655,3317,3396,79,True
59,680,3317,3477,160,True
62,653,3317,3396,79,True
65,643,3317,3396,79,True
70,681,3317,3396,79,True
72,658,3317,3396,79,True
84,680,3317,3396,79,True
87,620,3317,3396,79,True
91,649,3317,3396,79,True
96,627,3317,3477,160,True
0,702,3318,3447,129,True
3,700,3318,3447,129,True
7,628,3318,3447,129,True
18,664,3318,3447,129,True
29,648,3318,3447,129,True
36,679,3318,3447,129,True
39,633,3318,3447,129,True
42,679,3318,3447,129,True
43,630,3318,3447,129,True
47,635,3318,3447,129,True
54,718,3318,3441,123,True
56,656,3318,3396,78,True
62,654,3318,3396,78,True
64,711,3318,3396,78,True
67,648,3318,3396,78,True
75,673,3318,3396,78,True
82,669,3318,3396,78,True
83,645,3318,3396,78,True
87,621,3318,3396,78,True
95,659,3318,3396,78,True
0,703,3319,3447,128,True
8,649,3319,3447,128,True
15,662,3319,3394,75,True
17,639,3319,3447,128,True
19,631,3319,3447,128,True
23,676,3319,3447,128,True
25,667,3319,3447,128,True
26,659,3319,3447,128,True
27,665,3319,3447,128,True
40,732,3319,3447,128,True
41,671,3319,3447,128,True
43,631,3319,3447,128,True
49,685,3319,3447,128,True
51,654,3319,3396,77,True
53,648,3319,3441,122,True
54,719,3319,3441,122,True
55,624,3319,3396,77,True
61,651,3319,3396,77,True
62,655,3319,3396,77,True
68,688,3319,3396,77,True
70,682,3319,3396,77,True
71,661,3319,3441,122,True
74,669,3319,3441,122,True
83,646,3319,3396,77,True
84,681,3319,3396,77,True
88,676,3319,3441,122,True
92,713,3319,3396,77,True
95,660,3319,3396,77,True
96,628,3319,3477,158,True
1,677,3320,3447,127,True
4,678,3320,3447,127,True
5,646,3320,3447,127,True
7,629,3320,3447,127,True
18,665,3320,3447,127,True
20,650,3320,3394,74,True
26,660,3320,3447,127,True
27,666,3320,3447,127,True
30,662,3320,3447,127,True
36,680,3320,3447,127,True
43,632,3320,3447,127,True
47,636,3320,3447,127,True
49,686,3320,3447,127,True
53,649,3320,3441,121,True
58,655,3320,3396,76,True
65,644,3320,3396,76,True
73,636,3320,3441,121,True
75,674,3320,3441,121,True
78,688,3320,3441,121,True
82,670,3320,3396,76,True
94,659,3320,3447,127,True
3,701,3321,3447,126,True
36,681,3321,3447,126,True
37,646,3321,3447,126,True
41,672,3321,3447,126,True
46,652,3321,3447,126,True
52,648,3321,,,False
53,650,3321,3441,120,True
56,657,3321,3396,75,True
59,681,3321,3477,156,True
68,689,3321,3396,75,True
71,662,3321,3441,120,True
73,637,3321,3441,120,True
74,670,3321,3441,120,True
82,671,3321,3396,75,True
92,714,3321,3396,75,True
94,660,3321,3447,126,True
98,652,3321,3396,75,True
99,660,3321,3441,120,True
7,630,3322,3447,125,True
10,667,3322,3447,125,True
16,699,3322,3447,125,True
21,645,3322,3447,125,True
22,691,3322,3447,125,True
45,619,3322,3447,125,True
52,649,3322,,,False
65,645,3322,3396,74,True
66,647,3322,3441,119,True
67,649,3322,3396,74,True
69,694,3322,3441,119,True
86,679,3322,3396,74,True
89,657,3322,3441,119,True
91,650,3322,3396,74,True
94,661,3322,3447,125,True
6,659,3323,3447,124,True
11,647,3323,3447,124,True
12,675,3323,3447,124,True
16,700,3323,3447,124,True
35,670,3323,3394,71,True
42,680,3323,3447,124,True
47,637,3323,3447,124,True
51,655,3323,3396,73,True
60,628,3323,3441,118,True
61,652,3323,3396,73,True
72,659,3323,3396,73,True
74,671,3323,3441,118,True
79,595,3323,3447,124,True
80,695,3323,3441,118,True
86,680,3323,3396,73,True
88,677,3323,3441,118,True
89,658,3323,3441,118,True
98,653,3323,3396,73,True
2,681,3324,3447,123,True
5,647,3324,3447,123,True
9,700,3324,3447,123,True
10,668,3324,3447,123,True
16,701,3324,3447,123,True
18,666,3324,3447,123,True
19,632,3324,3447,123,True
21,646,3324,3447,123,True
28,679,3324,3447,123,True
37,647,3324,3447,123,True
40,733,3324,3447,123,True
56,658,3324,3396,72,True
57,656,3324,3396,72,True
60,629,3324,3441,117,True
71,663,3324,3441,117,True
76,670,3324,3441,117,True
77,670,3324,3396,72,True
0,704,3325,3447,122,True
8,650,3325,3447,122,True
21,647,3325,3447,122,True
45,620,3325,3447,122,True
56,659,3325,3396,71,True
59,682,3325,3477,152,True
64,712,3325,3396,71,True
74,672,3325,3441,116,True
83,647,3325,3441,116,True
89,659,3325,3441,116,True
90,672,3325,3396,71,True
96,629,3325,3477,152,True
97,652,3325,3396,71,True
99,661,3325,3441,116,True
1,678,3326,3447,121,True
13,664,3326,3447,121,True
31,673,3326,3447,121,True
32,669,3326,3447,121,True
35,671,3326,3394,68,True
36,682,3326,3447,121,True
43,633,3326,3447,121,True
45,621,3326,3447,121,True
48,689,3326,3447,121,True
54,720,3326,3441,115,True
63,695,3326,3441,115,True
70,683,3326,3396,70,True
71,664,3326,3477,151,True
84,682,3326,3396,70,True
94,662,3326,3447,121,True
95,661,3326,3396,70,True
96,630,3326,3477,151,True
14,662,3327,3447,120,True
29,649,3327,3447,120,True
33,663,3327,3447,120,True
39,634,3327,3447,120,True
41,673,3327,3447,120,True
49,687,3327,3507,180,True
52,650,3327,,,False
56,660,3327,3396,69,True
59,683,3327,3477,150,True
62,656,3327,3396,69,True
67,650,3327,3396,69,True
80,696,3327,3441,114,True
82,672,3327,3441,114,True
90,673,3327,3396,69,True
92,715,3327,3441,114,True
98,654,3327,3396,69,True
15,663,3328,3394,66,True
22,692,3328,3447,119,True
25,668,3328,3447,119,True
30,663,3328,3447,119,True
46,653,3328,3447,119,True
51,656,3328,3396,68,True
55,625,3328,3441,113,True
65,646,3328,3396,68,True
72,660,3328,3396,68,True
76,671,3328,3441,113,True
78,689,3328,3441,113,True
80,697,3328,3441,113,True
87,622,3328,3441,113,True
88,678,3328,3441,113,True
89,660,3328,3441,113,True
98,655,3328,3396,68,True
7,631,3329,3447,118,True
8,651,3329,3447,118,True
10,669,3329,3447,118,True
12,676,3329,3447,118,True
32,670,3329,3447,118,True
37,648,3329,3447,118,True
41,674,3329,3447,118,True
50,640,3329,3441,112,True
52,651,3329,,,False
53,651,3329,3441,112,True
59,684,3329,3477,148,True
72,661,3329,3396,67,True
80,698,3329,3441,112,True
84,683,3329,3441,112,True
89,661,3329,3441,112,True
92,716,3329,3441,112,True
98,656,3329,3396,67,True
2,682,3330,3447,117,True
8,652,3330,3447,117,True
17,640,3330,3447,117,True
19,633,3330,3447,117,True
29,650,3330,3447,117,True
33,664,3330,3447,117,True
36,683,3330,3447,117,True
37,649,3330,3447,117,True
40,734,3330,3447,117,True
47,638,3330,3447,117,True
60,630,3330,3441,111,True
62,657,3330,3441,111,True
71,665,3330,3477,147,True
72,662,3330,3396,66,True
73,638,3330,3441,111,True
74,673,3330,3441,111,True
75,675,3330,3441,111,True
81,605,3330,3441,111,True
83,648,3330,3441,111,True
85,658,3330,3441,111,True
87,623,3330,3441,111,True
89,662,3330,3477,147,True
91,651,3330,3441,111,True
94,663,3330,3447,117,True
98,657,3330,3396,66,True
5,648,3331,3447,116,True
11,648,3331,3447,116,True
14,663,3331,3447,116,True
15,664,3331,3394,63,True
29,651,3331,3447,116,True
32,671,3331,3447,116,True
38,648,3331,3447,116,True
44,676,3331,3447,116,True
51,657,3331,3396,65,True
52,652,3331,,,False
61,653,3331,3396,65,True
63,696,3331,3441,110,True
67,651,3331,3441,110,True
92,717,3331,3441,110,True
1,679,3332,3447,115,True
6,660,3332,3447,115,True
17,641,3332,3447,115,True
27,667,3332,3447,115,True
29,652,3332,3447,115,True
45,622,3332,3447,115,True
46,654,3332,3507,175,True
48,690,3332,3447,115,True
53,652,3332,3441,109,True
55,626,3332,3441,109,True
56,661,3332,3441,109,True
78,690,3332,3441,109,True
79,596,3332,3447,115,True
85,659,3332,3441,109,True
87,624,3332,3441,109,True
89,663,3332,3477,145,True
90,674,3332,3441,109,True
91,652,3332,3441,109,True
93,650,3332,3441,109,True
96,631,3332,3477,145,True
5,649,3333,3447,114,True
10,670,3333,3447,114,True
24,622,3333,3447,114,True
42,681,3333,3447,114,True
44,677,3333,3447,114,True
50,641,3333,3441,108,True
53,653,3333,3441,108,True
54,721,3333,3441,108,True
64,713,3333,3396,63,True
74,674,3333,3441,108,True
79,597,3333,3447,114,True
81,606,3333,3441,108,True
82,673,3333,3441,108,True
84,684,3333,3441,108,True
93,651,3333,3441,108,True
94,664,3333,3447,114,True
11,649,3334,3447,113,True
13,665,3334,3447,113,True
16,702,3334,3447,113,True
18,667,3334,3447,113,True
20,651,3334,3415,81,True
25,669,3334,3447,113,True
26,661,3334,3447,113,True
36,684,3334,3447,113,True
38,649,3334,3447,113,True
42,682,3334,3447,113,True
43,634,3334,3447,113,True
47,639,3334,3507,173,True
54,722,3334,3441,107,True
62,658,3334,3441,107,True
63,697,3334,3441,107,True
66,648,3334,3441,107,True
71,666,3334,3477,143,True
72,663,3334,3396,62,True
73,639,3334,3441,107,True
77,671,3334,3441,107,True
78,691,3334,3441,107,True
79,598,3334,3447,113,True
83,649,3334,3441,107,True
84,685,3334,3441,107,True
90,675,3334,3441,107,True
94,665,3334,3447,113,True
97,653,3334,3441,107,True
3,702,3335,3447,112,True
8,653,3335,3447,112,True
14,664,3335,3447,112,True
16,703,3335,3447,112,True
20,652,3335,3415,80,True
21,648,3335,3447,112,True
27,668,3335,3447,112,True
39,635,3335,3447,112,True
40,735,3335,3447,112,True
46,655,3335,3507,172,True
48,691,3335,3447,112,True
58,656,3335,3441,106,True
70,684,3335,3396,61,True
72,664,3335,3396,61,True
74,675,3335,3441,106,True
75,676,3335,3441,106,True
81,607,3335,3441,106,True
83,650,3335,3441,106,True
90,676,3335,3441,106,True
94,666,3335,3447,112,True
95,662,3335,3441,106,True
12,677,3336,3447,111,True
29,653,3336,3447,111,True
50,642,3336,3441,105,True
64,714,3336,3396,60,True
68,690,3336,3447,111,True
72,665,3336,3396,60,True
77,672,3336,3441,105,True
78,692,3336,3441,105,True
81,608,3336,3441,105,True
82,674,3336,3441,105,True
86,681,3336,3396,60,True
88,679,3336,3441,105,True
0,705,3337,3447,110,True
4,679,3337,3447,110,True
10,671,3337,3447,110,True
14,665,3337,3447,110,True
18,668,3337,3447,110,True
25,670,3337,3447,110,True
36,685,3337,3447,110,True
38,650,3337,3447,110,True
40,736,3337,3447,110,True
41,675,3337,3447,110,True
44,678,3337,3447,110,True
46,656,3337,3507,170,True
47,640,3337,3507,170,True
50,643,3337,3441,104,True
51,658,3337,3441,104,True
61,654,3337,3396,59,True
63,698,3337,3441,104,True
65,647,3337,3441,104,True
68,691,3337,3447,110,True
70,685,3337,3396,59,True
72,666,3337,3396,59,True
73,640,3337,3441,104,True
76,672,3337,3441,104,True
85,660,3337,3441,104,True
92,718,3337,3441,104,True
93,652,3337,3441,104,True
98,658,3337,3396,59,True
5,650,3338,3447,109,True
13,666,3338,3447,109,True
21,649,3338,3447,109,True
22,693,3338,3447,109,True
40,737,3338,3447,109,True
45,623,3338,3447,109,True
53,654,3338,3441,103,True
59,685,3338,3477,139,True
61,655,3338,3396,58,True
63,699,3338,3441,103,True
66,649,3338,3441,103,True
67,652,3338,3441,103,True
74,676,3338,3441,103,True
81,609,3338,3441,103,True
84,686,3338,3441,103,True
88,680,3338,3441,103,True
99,662,3338,3441,103,True
13,667,3339,3447,108,True
14,666,3339,3447,108,True
18,669,3339,3447,108,True
38,651,3339,3447,108,True
39,636,3339,3447,108,True
40,738,3339,3447,108,True
43,635,3339,3447,108,True
44,679,3339,3447,108,True
46,657,3339,3507,168,True
49,688,3339,3507,168,True
60,631,3339,3441,102,True
61,656,3339,3415,76,True
80,699,3339,3441,102,True
83,651,3339,3441,102,True
98,659,3339,3396,57,True
1,680,3340,3447,107,True
4,680,3340,3447,107,True
7,632,3340,3447,107,True
15,665,3340,3447,107,True
37,650,3340,3447,107,True
42,683,3340,3447,107,True
44,680,3340,3447,107,True
52,653,3340,,,False
66,650,3340,3441,101,True
68,692,3340,3447,107,True
75,677,3340,3441,101,True
79,599,3340,3447,107,True
80,700,3340,3441,101,True
81,610,3340,3441,101,True
83,652,3340,3441,101,True
87,625,3340,3441,101,True
88,681,3340,3441,101,True
93,653,3340,3441,101,True
95,663,3340,3441,101,True
2,683,3341,3447,106,True
4,681,3341,3447,106,True
7,633,3341,3447,106,True
12,678,3341,3447,106,True
17,642,3341,3447,106,True
28,680,3341,3447,106,True
33,665,3341,3447,106,True
39,637,3341,3447,106,True
44,681,3341,3447,106,True
53,655,3341,3441,100,True
57,657,3341,3396,55,True
58,657,3341,3441,100,True
61,657,3341,3415,74,True
63,700,3341,3441,100,True
66,651,3341,3441,100,True
74,677,3341,3441,100,True
78,693,3341,3477,136,True
81,611,3341,3441,100,True
83,653,3341,3441,100,True
88,682,3341,3441,100,True
90,677,3341,3441,100,True
4,682,3342,3447,105,True
11,650,3342,3447,105,True
16,704,3342,3447,105,True
19,634,3342,3447,105,True
22,694,3342,3447,105,True
25,671,3342,3447,105,True
29,654,3342,3447,105,True
50,644,3342,3441,99,True
54,723,3342,3441,99,True
61,658,3342,3415,73,True
67,653,3342,3441,99,True
72,667,3342,3396,54,True
74,678,3342,3441,99,True
81,612,3342,3441,99,True
86,682,3342,3396,54,True
96,632,3342,3477,135,True
3,703,3343,3447,104,True
4,683,3343,3447,104,True
6,661,3343,3447,104,True
16,705,3343,3447,104,True
23,677,3343,3447,104,True
27,669,3343,3447,104,True
28,681,3343,3447,104,True
32,672,3343,3447,104,True
33,666,3343,3447,104,True
38,652,3343,3447,104,True
39,638,3343,3447,104,True
45,624,3343,3447,104,True
48,692,3343,3447,104,True
52,654,3343,,,False
61,659,3343,3415,72,True
81,613,3343,3441,98,True
84,687,3343,3441,98,True
86,683,3343,3396,53,True
89,664,3343,3477,134,True
96,633,3343,3477,134,True
6,662,3344,3447,103,True
15,666,3344,3447,103,True
24,623,3344,3447,103,True
25,672,3344,3447,103,True
32,673,3344,3447,103,True
33,667,3344,3447,103,True
39,639,3344,3447,103,True
41,676,3344,3447,103,True
46,658,3344,3507,163,True
47,641,3344,3507,163,True
52,655,3344,,,False
54,724,3344,3441,97,True
58,658,3344,3441,97,True
64,715,3344,3396,52,True
72,668,3344,3396,52,True
79,600,3344,3447,103,True
4,684,3345,3447,102,True
11,651,3345,3447,102,True
25,673,3345,3447,102,True
40,739,3345,3447,102,True
44,682,3345,3447,102,True
47,642,3345,3507,162,True
50,645,3345,3441,96,True
56,662,3345,3441,96,True
60,632,3345,3441,96,True
64,716,3345,3396,51,True
66,652,3345,3441,96,True
71,667,3345,3477,132,True
79,601,3345,3447,102,True
80,701,3345,3441,96,True
81,614,3345,3441,96,True
83,654,3345,3441,96,True
87,626,3345,3441,96,True
94,667,3345,3447,102,True
96,634,3345,3477,132,True
0,706,3346,3447,101,True
2,684,3346,3447,101,True
6,663,3346,3447,101,True
11,652,3346,3447,101,True
12,679,3346,3447,101,True
19,635,3346,3447,101,True
21,650,3346,3447,101,True
30,664,3346,3447,101,True
38,653,3346,3447,101,True
41,677,3346,3447,101,True
47,643,3346,3507,161,True
48,693,3346,3447,101,True
49,689,3346,3507,161,True
54,725,3346,3441,95,True
57,658,3346,3396,50,True
65,648,3346,3441,95,True
68,693,3346,3447,101,True
75,678,3346,3441,95,True
77,673,3346,3441,95,True
84,688,3346,3441,95,True
91,653,3346,3441,95,True
1,681,3347,3447,100,True
3,704,3347,3447,100,True
6,664,3347,3447,100,True
8,654,3347,3447,100,True
18,670,3347,3447,100,True
20,653,3347,3447,100,True
27,670,3347,3447,100,True
28,682,3347,3447,100,True
29,655,3347,3447,100,True
31,674,3347,3447,100,True
33,668,3347,3447,100,True
38,654,3347,3447,100,True
45,625,3347,3447,100,True
53,656,3347,3441,94,True
65,649,3347,3477,130,True
67,654,3347,3441,94,True
68,694,3347,3447,100,True
73,641,3347,3441,94,True
94,668,3347,3447,100,True
95,664,3347,3447,100,True
96,635,3347,3477,130,True
97,654,3347,3441,94,True
10,672,3348,3447,99,True
11,653,3348,3447,99,True
16,706,3348,3447,99,True
18,671,3348,3447,99,True
19,636,3348,3447,99,True
28,683,3348,3447,99,True
29,656,3348,3447,99,True
32,674,3348,3447,99,True
35,672,3348,3447,99,True
37,651,3348,3447,99,True
41,678,3348,3447,99,True
44,683,3348,3447,99,True
48,694,3348,3447,99,True
49,690,3348,3507,159,True
51,659,3348,3441,93,True
70,686,3348,3447,99,True
74,679,3348,3441,93,True
75,679,3348,3441,93,True
84,689,3348,3441,93,True
90,678,3348,3477,129,True
91,654,3348,3441,93,True
93,654,3348,3477,129,True
95,665,3348,3447,99,True
97,655,3348,3441,93,True
99,663,3348,3477,129,True
1,682,3349,3447,98,True
11,654,3349,3447,98,True
12,680,3349,3447,98,True
22,695,3349,3447,98,True
27,671,3349,3447,98,True
34,658,3349,3447,98,True
36,686,3349,3447,98,True
37,652,3349,3447,98,True
52,656,3349,,,False
72,669,3349,3447,98,True
77,674,3349,3441,92,True
80,702,3349,3441,92,True
87,627,3349,3441,92,True
94,669,3349,3447,98,True
99,664,3349,3477,128,True
2,685,3350,3447,97,True
3,705,3350,3447,97,True
5,651,3350,3447,97,True
6,665,3350,3447,97,True
11,655,3350,3447,97,True
13,668,3350,3447,97,True
17,643,3350,3447,97,True
18,672,3350,3447,97,True
19,637,3350,3447,97,True
21,651,3350,3447,97,True
24,624,3350,3447,97,True
25,674,3350,3447,97,True
27,672,3350,3447,97,True
32,675,3350,3447,97,True
35,673,3350,3447,97,True
36,687,3350,3447,97,True
37,653,3350,3447,97,True
46,659,3350,3507,157,True
47,644,3350,3507,157,True
67,655,3350,3441,91,True
76,673,3350,3441,91,True
84,690,3350,3477,127,True
85,661,3350,3441,91,True
93,655,3350,3477,127,True
96,636,3350,3477,127,True
97,656,3350,3441,91,True
0,707,3351,3447,96,True
6,666,3351,3447,96,True
8,655,3351,3447,96,True
11,656,3351,3447,96,True
23,678,3351,3447,96,True
27,673,3351,3447,96,True
28,684,3351,3447,96,True
33,669,3351,3447,96,True
39,640,3351,3447,96,True
45,626,3351,3447,96,True
48,695,3351,3447,96,True
51,660,3351,3441,90,True
52,657,3351,,,False
53,657,3351,3441,90,True
57,659,3351,3447,96,True
62,659,3351,3477,126,True
64,717,3351,3447,96,True
84,691,3351,3477,126,True
91,655,3351,3441,90,True
98,660,3351,3441,90,True
1,683,3352,3447,95,True
7,634,3352,3507,155,True
15,667,3352,3447,95,True
16,707,3352,3447,95,True
17,644,3352,3447,95,True
18,673,3352,3447,95,True
30,665,3352,3447,95,True
36,688,3352,3447,95,True
44,684,3352,3447,95,True
46,660,3352,3507,155,True
54,726,3352,3441,89,True
60,633,3352,3477,125,True
61,660,3352,3447,95,True
63,701,3352,3441,89,True
68,695,3352,3447,95,True
71,668,3352,3477,125,True
84,692,3352,3477,125,True
89,665,3352,3477,125,True
91,656,3352,3441,89,True
97,657,3352,3441,89,True
2,686,3353,3447,94,True
6,667,3353,3447,94,True
11,657,3353,3447,94,True
16,708,3353,3447,94,True
20,654,3353,3447,94,True
30,666,3353,3447,94,True
33,670,3353,3447,94,True
36,689,3353,3447,94,True
39,641,3353,3447,94,True
41,679,3353,3447,94,True
67,656,3353,3441,88,True
71,669,3353,3477,124,True
72,670,3353,3447,94,True
74,680,3353,3477,124,True
75,680,3353,3441,88,True
83,655,3353,3447,94,True
88,683,3353,3441,88,True
6,668,3354,3447,93,True
10,673,3354,3447,93,True
18,674,3354,3447,93,True
35,674,3354,3447,93,True
40,740,3354,3507,153,True
41,680,3354,3447,93,True
42,684,3354,3507,153,True
45,627,3354,3447,93,True
47,645,3354,3507,153,True
51,661,3354,3447,93,True
70,687,3354,3447,93,True
71,670,3354,3477,123,True
79,602,3354,3447,93,True
81,615,3354,3441,87,True
89,666,3354,3477,123,True
91,657,3354,3441,87,True
93,656,3354,3477,123,True
25,675,3355,3447,92,True
30,667,3355,3447,92,True
34,659,3355,3447,92,True
37,654,3355,3447,92,True
39,642,3355,3447,92,True
49,691,3355,3507,152,True
54,727,3355,3477,122,True
62,660,3355,3477,122,True
63,702,3355,3441,86,True
70,688,3355,3447,92,True
71,671,3355,3477,122,True
74,681,3355,3477,122,True
75,681,3355,3441,86,True
76,674,3355,3441,86,True
77,675,3355,3441,86,True
79,603,3355,3447,92,True
84,693,3355,3477,122,True
87,628,3355,3441,86,True
93,657,3355,3477,122,True
18,675,3356,3447,91,True
30,668,3356,3447,91,True
34,660,3356,3447,91,True
36,690,3356,3447,91,True
49,692,3356,3507,151,True
51,662,3356,3447,91,True
56,663,3356,3477,121,True
57,660,3356,3447,91,True
72,671,3356,3447,91,True
74,682,3356,3477,121,True
75,682,3356,3441,85,True
84,694,3356,3477,121,True
88,684,3356,3441,85,True
89,667,3356,3477,121,True
93,658,3356,3477,121,True
97,658,3356,3441,85,True
99,665,3356,3477,121,True
2,687,3357,3447,90,True
6,669,3357,3447,90,True
7,635,3357,3507,150,True
10,674,3357,3507,150,True
11,658,3357,3507,150,True
15,668,3357,3447,90,True
22,696,3357,3447,90,True
24,625,3357,3447,90,True
29,657,3357,3447,90,True
32,676,3357,3447,90,True
38,655,3357,3447,90,True
48,696,3357,3447,90,True
49,693,3357,3507,150,True
50,646,3357,3441,84,True
60,634,3357,3477,120,True
63,703,3357,3441,84,True
70,689,3357,3447,90,True
72,672,3357,3447,90,True
78,694,3357,3477,120,True
82,675,3357,3447,90,True
87,629,3357,3477,120,True
4,685,3358,3447,89,True
6,670,3358,3447,89,True
8,656,3358,3447,89,True
9,701,3358,3507,149,True
10,675,3358,3507,149,True
17,645,3358,3447,89,True
28,685,3358,3447,89,True
29,658,3358,3447,89,True
34,661,3358,3447,89,True
48,697,3358,3447,89,True
49,694,3358,3507,149,True
53,658,3358,3441,83,True
59,686,3358,3477,119,True
64,718,3358,3447,89,True
65,650,3358,3477,119,True
69,695,3358,3477,119,True
72,673,3358,3447,89,True
73,642,3358,3477,119,True
76,675,3358,3441,83,True
79,604,3358,3447,89,True
84,695,3358,3477,119,True
87,630,3358,3477,119,True
88,685,3358,3441,83,True
96,637,3358,3477,119,True
97,659,3358,3441,83,True
99,666,3358,3477,119,True
0,708,3359,3447,88,True
4,686,3359,3447,88,True
5,652,3359,3447,88,True
19,638,3359,3447,88,True
26,662,3359,3447,88,True
33,671,3359,3447,88,True
37,655,3359,3507,148,True
46,661,3359,3507,148,True
47,646,3359,3507,148,True
50,647,3359,3477,118,True
52,658,3359,,,False
53,659,3359,3482,123,True
56,664,3359,3477,118,True
58,659,3359,3477,118,True
67,657,3359,3477,118,True
77,676,3359,3477,118,True
78,695,3359,3477,118,True
80,703,3359,3482,123,True
2,688,3360,3447,87,True
7,636,3360,3507,147,True
8,657,3360,3447,87,True
15,669,3360,3447,87,True
19,639,3360,3447,87,True
23,679,3360,3447,87,True
38,656,3360,3447,87,True
48,698,3360,3447,87,True
55,627,3360,3441,81,True
67,658,3360,3477,117,True
69,696,3360,3477,117,True
73,643,3360,3477,117,True
76,676,3360,3441,81,True
79,605,3360,3447,87,True
80,704,3360,3482,122,True
82,676,3360,3447,87,True
83,656,3360,3447,87,True
85,662,3360,3441,81,True
0,709,3361,3447,86,True
9,702,3361,3507,146,True
14,667,3361,3447,86,True
17,646,3361,3447,86,True
18,676,3361,3447,86,True
19,640,3361,3447,86,True
20,655,3361,3447,86,True
27,674,3361,3447,86,True
30,669,3361,3507,146,True
37,656,3361,3507,146,True
47,647,3361,3507,146,True
58,660,3361,3477,116,True
60,635,3361,3477,116,True
66,653,3361,3441,80,True
67,659,3361,3477,116,True
77,677,3361,3477,116,True
78,696,3361,3477,116,True
96,638,3361,3477,116,True
97,660,3361,3441,80,True
5,653,3362,3447,85,True
7,637,3362,3507,145,True
8,658,3362,3447,85,True
15,670,3362,3447,85,True
18,677,3362,3447,85,True
20,656,3362,3447,85,True
21,652,3362,3447,85,True
23,680,3362,3447,85,True
24,626,3362,3447,85,True
26,663,3362,3447,85,True
31,675,3362,3447,85,True
37,657,3362,3507,145,True
40,741,3362,3507,145,True
41,681,3362,3507,145,True
46,662,3362,3507,145,True
56,665,3362,3477,115,True
70,690,3362,3447,85,True
75,683,3362,3477,115,True
88,686,3362,3477,115,True
90,679,3362,3477,115,True
93,659,3362,3477,115,True
99,667,3362,3477,115,True
1,684,3363,3447,84,True
19,641,3363,3447,84,True
23,681,3363,3447,84,True
29,659,3363,3447,84,True
31,676,3363,3447,84,True
35,675,3363,3447,84,True
40,742,3363,3507,144,True
46,663,3363,3507,144,True
48,699,3363,3507,144,True
50,648,3363,3477,114,True
59,687,3363,3477,114,True
60,636,3363,3477,114,True
75,684,3363,3477,114,True
77,678,3363,3477,114,True
79,606,3363,3447,84,True
81,616,3363,3482,119,True
86,684,3363,3447,84,True
13,669,3364,3447,83,True
21,653,3364,3447,83,True
27,675,3364,3447,83,True
41,682,3364,3507,143,True
45,628,3364,3447,83,True
48,700,3364,3507,143,True
49,695,3364,3507,143,True
50,649,3364,3477,113,True
54,728,3364,3477,113,True
56,666,3364,3477,113,True
61,661,3364,3447,83,True
65,651,3364,3477,113,True
75,685,3364,3477,113,True
77,679,3364,3477,113,True
82,677,3364,3447,83,True
93,660,3364,3477,113,True
94,670,3364,3447,83,True
97,661,3364,3441,77,True
1,685,3365,3507,142,True
16,709,3365,3447,82,True
22,697,3365,3447,82,True
25,676,3365,3447,82,True
30,670,3365,3507,142,True
37,658,3365,3507,142,True
50,650,3365,3477,112,True
64,719,3365,3447,82,True
65,652,3365,3477,112,True
70,691,3365,3447,82,True
71,672,3365,3477,112,True
73,644,3365,3477,112,True
90,680,3365,3477,112,True
99,668,3365,3482,117,True
4,687,3366,3447,81,True
5,654,3366,3447,81,True
17,647,3366,3447,81,True
19,642,3366,3507,141,True
21,654,3366,3447,81,True
22,698,3366,3447,81,True
24,627,3366,3447,81,True
26,664,3366,3447,81,True
27,676,3366,3447,81,True
31,677,3366,3447,81,True
32,677,3366,3507,141,True
35,676,3366,3447,81,True
36,691,3366,3447,81,True
37,659,3366,3507,141,True
38,657,3366,3447,81,True
39,643,3366,3447,81,True
48,701,3366,3507,141,True
68,696,3366,3447,81,True
73,645,3366,3477,111,True
77,680,3366,3477,111,True
84,696,3366,3477,111,True
86,685,3366,3477,111,True
87,631,3366,3477,111,True
90,681,3366,3477,111,True
91,658,3366,3441,75,True
5,655,3367,3447,80,True
17,648,3367,3447,80,True
25,677,3367,3447,80,True
26,665,3367,3447,80,True
29,660,3367,3447,80,True
31,678,3367,3447,80,True
32,678,3367,3507,140,True
34,662,3367,3447,80,True
36,692,3367,3447,80,True
40,743,3367,3507,140,True
51,663,3367,3447,80,True
54,729,3367,3477,110,True
55,628,3367,3482,115,True
60,637,3367,3477,110,True
69,697,3367,3477,110,True
77,681,3367,3477,110,True
78,697,3367,3477,110,True
82,678,3367,3447,80,True
86,686,3367,3477,110,True
91,659,3367,3441,74,True
94,671,3367,3447,80,True
96,639,3367,3477,110,True
1,686,3368,3507,139,True
6,671,3368,3447,79,True
7,638,3368,3507,139,True
18,678,3368,3447,79,True
22,699,3368,3447,79,True
23,682,3368,3507,139,True
34,663,3368,3447,79,True
42,685,3368,3507,139,True
54,730,3368,3477,109,True
56,667,3368,3477,109,True
58,661,3368,3477,109,True
63,704,3368,3482,114,True
64,720,3368,3447,79,True
74,683,3368,3477,109,True
78,698,3368,3477,109,True
79,607,3368,3447,79,True
82,679,3368,3447,79,True
87,632,3368,3477,109,True
88,687,3368,3477,109,True
97,662,3368,3482,114,True
2,689,3369,3507,138,True
4,688,3369,3447,78,True
8,659,3369,3507,138,True
16,710,3369,3447,78,True
23,683,3369,3507,138,True
24,628,3369,3447,78,True
27,677,3369,3447,78,True
28,686,3369,3507,138,True
33,672,3369,3447,78,True
36,693,3369,3507,138,True
37,660,3369,3507,138,True
40,744,3369,3507,138,True
50,651,3369,3477,108,True
58,662,3369,3477,108,True
64,721,3369,3447,78,True
81,617,3369,3482,113,True
91,660,3369,3441,72,True
95,666,3369,3447,78,True
4,689,3370,3447,77,True
11,659,3370,3507,137,True
13,670,3370,3447,77,True
14,668,3370,3447,77,True
18,679,3370,3447,77,True
33,673,3370,3507,137,True
37,661,3370,3507,137,True
55,629,3370,3482,112,True
61,662,3370,3447,77,True
69,698,3370,3477,107,True
73,646,3370,3477,107,True
74,684,3370,3477,107,True
75,686,3370,3477,107,True
76,677,3370,3477,107,True
79,608,3370,3477,107,True
83,657,3370,3482,112,True
91,661,3370,3447,77,True
94,672,3370,3447,77,True
21,655,3371,3507,136,True
25,678,3371,3447,76,True
26,666,3371,3507,136,True
27,678,3371,3447,76,True
29,661,3371,3447,76,True
30,671,3371,3507,136,True
33,674,3371,3507,136,True
36,694,3371,3507,136,True
49,696,3371,3507,136,True
52,659,3371,,,False
54,731,3371,3477,106,True
59,688,3371,3482,111,True
65,653,3371,3477,106,True
68,697,3371,3447,76,True
73,647,3371,3477,106,True
79,609,3371,3477,106,True
87,633,3371,3477,106,True
93,661,3371,3477,106,True
12,681,3372,3507,135,True
15,671,3372,3447,75,True
17,649,3372,3447,75,True
22,700,3372,3447,75,True
23,684,3372,3507,135,True
28,687,3372,3507,135,True
31,679,3372,3447,75,True
35,677,3372,3447,75,True
41,683,3372,3507,135,True
45,629,3372,3447,75,True
46,664,3372,3507,135,True
47,648,3372,3507,135,True
48,702,3372,3507,135,True
53,660,3372,3482,110,True
54,732,3372,3477,105,True
55,630,3372,3482,110,True
56,668,3372,3477,105,True
63,705,3372,3482,110,True
64,722,3372,3447,75,True
67,660,3372,3477,105,True
74,685,3372,3477,105,True
85,663,3372,3477,105,True
93,662,3372,3477,105,True
94,673,3372,3447,75,True
95,667,3372,3447,75,True
1,687,3373,3507,134,True
2,690,3373,3507,134,True
6,672,3373,3447,74,True
7,639,3373,3507,134,True
13,671,3373,3447,74,True
14,669,3373,3447,74,True
17,650,3373,3447,74,True
19,643,3373,3507,134,True
28,688,3373,3507,134,True
30,672,3373,3507,134,True
31,680,3373,3447,74,True
35,678,3373,3447,74,True
44,685,3373,3507,134,True
46,665,3373,3507,134,True
57,661,3373,3447,74,True
59,689,3373,3482,109,True
60,638,3373,3477,104,True
64,723,3373,3447,74,True
65,654,3373,3477,104,True
68,698,3373,3447,74,True
72,674,3373,3447,74,True
84,697,3373,3477,104,True
91,662,3373,3447,74,True
96,640,3373,3482,109,True
99,669,3373,3482,109,True
1,688,3374,3507,133,True
5,656,3374,3507,133,True
11,660,3374,3507,133,True
18,680,3374,3447,73,True
27,679,3374,3447,73,True
28,689,3374,3507,133,True
33,675,3374,3507,133,True
37,662,3374,3507,133,True
44,686,3374,3507,133,True
47,649,3374,3507,133,True
48,703,3374,3507,133,True
60,639,3374,3477,103,True
63,706,3374,3482,108,True
70,692,3374,3447,73,True
73,648,3374,3477,103,True
77,682,3374,3477,103,True
80,705,3374,3482,108,True
81,618,3374,3482,108,True
83,658,3374,3482,108,True
86,687,3374,3477,103,True
90,682,3374,3482,108,True
91,663,3374,3482,108,True
95,668,3374,3447,73,True
96,641,3374,3482,108,True
97,663,3374,3482,108,True
9,703,3375,3507,132,True
20,657,3375,3447,72,True
32,679,3375,3507,132,True
44,687,3375,3507,132,True
46,666,3375,3507,132,True
48,704,3375,3507,132,True
54,733,3375,3477,102,True
64,724,3375,3447,72,True
73,649,3375,3477,102,True
74,686,3375,3477,102,True
79,610,3375,3477,102,True
87,634,3375,3477,102,True
95,669,3375,3447,72,True
96,642,3375,3482,107,True
1,689,3376,3507,131,True
8,660,3376,3507,131,True
25,679,3376,3447,71,True
26,667,3376,3507,131,True
31,681,3376,3507,131,True
32,680,3376,3507,131,True
34,664,3376,3447,71,True
45,630,3376,3447,71,True
47,650,3376,3507,131,True
50,652,3376,3477,101,True
55,631,3376,3482,106,True
65,655,3376,3477,101,True
72,675,3376,3447,71,True
79,611,3376,3477,101,True
81,619,3376,3482,106,True
86,688,3376,3477,101,True
87,635,3376,3477,101,True
91,664,3376,3482,106,True
98,661,3376,3447,71,True
0,710,3377,3507,130,True
6,673,3377,3447,70,True
13,672,3377,3507,130,True
19,644,3377,3507,130,True
20,658,3377,3447,70,True
26,668,3377,3507,130,True
28,690,3377,3507,130,True
34,665,3377,3447,70,True
52,660,3377,,,False
70,693,3377,3447,70,True
73,650,3377,3477,100,True
74,687,3377,3482,105,True
87,636,3377,3477,100,True
90,683,3377,3482,105,True
15,672,3378,3447,69,True
20,659,3378,3447,69,True
29,662,3378,3507,129,True
30,673,3378,3507,129,True
32,681,3378,3507,129,True
35,679,3378,3447,69,True
38,658,3378,3507,129,True
39,644,3378,3507,129,True
40,745,3378,3507,129,True
45,631,3378,3447,69,True
48,705,3378,3507,129,True
57,662,3378,3447,69,True
60,640,3378,3477,99,True
61,663,3378,3447,69,True
62,661,3378,3482,104,True
68,699,3378,3447,69,True
78,699,3378,3477,99,True
82,680,3378,3447,69,True
91,665,3378,3482,104,True
98,662,3378,3447,69,True
1,690,3379,3507,128,True
2,691,3379,3507,128,True
6,674,3379,3447,68,True
11,661,3379,3507,128,True
12,682,3379,3507,128,True
16,711,3379,3507,128,True
26,669,3379,3507,128,True
29,663,3379,3507,128,True
32,682,3379,3507,128,True
35,680,3379,3447,68,True
42,686,3379,3507,128,True
48,706,3379,3507,128,True
51,664,3379,3447,68,True
54,734,3379,3477,98,True
63,707,3379,3482,103,True
65,656,3379,3477,98,True
74,688,3379,3482,103,True
75,687,3379,3477,98,True
84,698,3379,3482,103,True
99,670,3379,3482,103,True
1,691,3380,3507,127,True
6,675,3380,3447,67,True
11,662,3380,3507,127,True
16,712,3380,3507,127,True
17,651,3380,3447,67,True
21,656,3380,3507,127,True
27,680,3380,3507,127,True
28,691,3380,3507,127,True
30,674,3380,3507,127,True
31,682,3380,3507,127,True
40,746,3380,3507,127,True
49,697,3380,3507,127,True
52,661,3380,,,False
55,632,3380,3482,102,True
58,663,3380,3477,97,True
60,641,3380,3477,97,True
62,662,3380,3482,102,True
63,708,3380,3482,102,True
65,657,3380,3477,97,True
68,700,3380,3447,67,True
69,699,3380,3477,97,True
70,694,3380,3447,67,True
75,688,3380,3477,97,True
82,681,3380,3482,102,True
83,659,3380,3482,102,True
86,689,3380,3477,97,True
87,637,3380,3482,102,True
88,688,3380,3482,102,True
90,684,3380,3482,102,True
96,643,3380,3482,102,True
97,664,3380,3482,102,True
2,692,3381,3507,126,True
4,690,3381,3507,126,True
15,673,3381,3447,66,True
26,670,3381,3507,126,True
40,747,3381,3507,126,True
53,661,3381,3482,101,True
60,642,3381,3477,96,True
61,664,3381,3447,66,True
65,658,3381,3477,96,True
67,661,3381,3482,101,True
83,660,3381,3482,101,True
95,670,3381,3447,66,True
1,692,3382,3507,125,True
4,691,3382,3507,125,True
5,657,3382,3507,125,True
6,676,3382,3507,125,True
10,676,3382,3507,125,True
11,663,3382,3507,125,True
14,670,3382,3507,125,True
15,674,3382,3447,65,True
16,713,3382,3507,125,True
18,681,3382,3447,65,True
24,629,3382,3507,125,True
33,676,3382,3507,125,True
36,695,3382,3507,125,True
41,684,3382,3507,125,True
42,687,3382,3507,125,True
48,707,3382,3507,125,True
49,698,3382,3507,125,True
54,735,3382,3477,95,True
58,664,3382,3477,95,True
62,663,3382,3482,100,True
70,695,3382,3447,65,True
72,676,3382,3447,65,True
74,689,3382,3482,100,True
83,661,3382,3482,100,True
85,664,3382,3477,95,True
86,690,3382,3477,95,True
92,719,3382,3482,100,True
3,706,3383,3507,124,True
4,692,3383,3507,124,True
7,640,3383,3507,124,True
8,661,3383,3507,124,True
18,682,3383,3447,64,True
23,685,3383,3507,124,True
40,748,3383,3507,124,True
45,632,3383,3447,64,True
48,708,3383,3507,124,True
74,690,3383,3482,99,True
75,689,3383,3477,94,True
81,620,3383,3482,99,True
83,662,3383,3482,99,True
87,638,3383,3482,99,True
94,674,3383,3482,99,True
96,644,3383,3482,99,True
1,693,3384,3507,123,True
10,677,3384,3507,123,True
14,671,3384,3507,123,True
15,675,3384,3447,63,True
17,652,3384,3507,123,True
22,701,3384,3507,123,True
23,686,3384,3507,123,True
29,664,3384,3507,123,True
31,683,3384,3507,123,True
60,643,3384,3477,93,True
67,662,3384,3482,98,True
70,696,3384,3447,63,True
71,673,3384,3482,98,True
76,678,3384,3477,93,True
77,683,3384,3477,93,True
82,682,3384,3482,98,True
88,689,3384,3491,107,True
89,668,3384,3482,98,True
95,671,3384,3447,63,True
98,663,3384,3447,63,True
5,658,3385,3507,122,True
7,641,3385,3507,122,True
16,714,3385,3507,122,True
23,687,3385,3507,122,True
26,671,3385,3507,122,True
33,677,3385,3507,122,True
36,696,3385,3507,122,True
37,663,3385,3507,122,True
39,645,3385,3507,122,True
46,667,3385,3507,122,True
50,653,3385,3477,92,True
51,665,3385,3482,97,True
61,665,3385,3447,62,True
62,664,3385,3482,97,True
63,709,3385,3482,97,True
68,701,3385,3447,62,True
81,621,3385,3482,97,True
83,663,3385,3482,97,True
87,639,3385,3482,97,True
95,672,3385,3447,62,True
97,665,3385,3482,97,True
6,677,3386,3507,121,True
10,678,3386,3507,121,True
11,664,3386,3507,121,True
14,672,3386,3507,121,True
23,688,3386,3507,121,True
24,630,3386,3507,121,True
31,684,3386,3507,121,True
35,681,3386,3447,61,True
40,749,3386,3507,121,True
42,688,3386,3507,121,True
46,668,3386,3507,121,True
50,654,3386,3477,91,True
57,663,3386,3447,61,True
62,665,3386,3482,96,True
71,674,3386,3482,96,True
73,651,3386,3477,91,True
77,684,3386,3482,96,True
82,683,3386,3482,96,True
85,665,3386,3477,91,True
89,669,3386,3482,96,True
91,666,3386,3482,96,True
0,711,3387,3507,120,True
6,678,3387,3507,120,True
7,642,3387,3507,120,True
8,662,3387,3507,120,True
9,704,3387,3507,120,True
10,679,3387,3507,120,True
16,715,3387,3507,120,True
20,660,3387,3447,60,True
22,702,3387,3507,120,True
29,665,3387,3507,120,True
51,666,3387,3482,95,True
54,736,3387,3477,90,True
56,669,3387,3477,90,True
63,710,3387,3482,95,True
66,654,3387,3482,95,True
69,700,3387,3482,95,True
80,706,3387,3482,95,True
84,699,3387,3482,95,True
87,640,3387,3482,95,True
90,685,3387,3482,95,True
94,675,3387,3482,95,True
2,693,3388,3507,119,True
5,659,3388,3507,119,True
7,643,3388,3507,119,True
9,705,3388,3507,119,True
11,665,3388,3507,119,True
14,673,3388,3507,119,True
36,697,3388,3507,119,True
42,689,3388,3507,119,True
64,725,3388,3447,59,True
67,663,3388,3482,94,True
68,702,3388,3482,94,True
86,691,3388,3477,89,True
89,670,3388,3482,94,True
92,720,3388,3482,94,True
0,712,3389,3507,118,True
8,663,3389,3507,118,True
12,683,3389,3507,118,True
15,676,3389,3447,58,True
19,645,3389,3507,118,True
24,631,3389,3507,118,True
30,675,3389,3507,118,True
38,659,3389,3507,118,True
44,688,3389,3507,118,True
46,669,3389,3507,118,True
50,655,3389,3477,88,True
57,664,3389,3447,58,True
58,665,3389,3482,93,True
60,644,3389,3482,93,True
63,711,3389,3482,93,True
64,726,3389,3447,58,True
65,659,3389,3477,88,True
68,703,3389,3482,93,True
70,697,3389,3447,58,True
77,685,3389,3482,93,True
78,700,3389,3482,93,True
80,707,3389,3482,93,True
86,692,3389,3477,88,True
96,645,3389,3482,93,True
97,666,3389,3482,93,True
3,707,3390,3507,117,True
5,660,3390,3507,117,True
6,679,3390,3507,117,True
9,706,3390,3507,117,True
35,682,3390,3507,117,True
40,750,3390,3507,117,True
48,709,3390,3507,117,True
49,699,3390,3507,117,True
68,704,3390,3482,92,True
69,701,3390,3482,92,True
78,701,3390,3482,92,True
84,700,3390,3482,92,True
85,666,3390,3477,87,True
86,693,3390,3477,87,True
89,671,3390,3482,92,True
3,708,3391,3507,116,True
5,661,3391,3507,116,True
10,680,3391,3507,116,True
13,673,3391,3507,116,True
19,646,3391,3507,116,True
20,661,3391,3447,56,True
27,681,3391,3507,116,True
39,646,3391,3507,116,True
46,670,3391,3507,116,True
51,667,3391,3482,91,True
56,670,3391,3482,91,True
61,666,3391,3447,56,True
65,660,3391,3477,86,True
69,702,3391,3482,91,True
71,675,3391,3482,91,True
78,702,3391,3482,91,True
79,612,3391,3477,86,True
83,664,3391,3482,91,True
85,667,3391,3477,86,True
86,694,3391,3477,86,True
88,690,3391,3491,100,True
89,672,3391,3482,91,True
91,667,3391,3482,91,True
92,721,3391,3482,91,True
97,667,3391,3482,91,True
98,664,3391,3447,56,True
1,694,3392,3507,115,True
3,709,3392,3507,115,True
5,662,3392,3507,115,True
10,681,3392,3507,115,True
21,657,3392,3507,115,True
24,632,3392,3507,115,True
35,683,3392,3507,115,True
37,664,3392,3507,115,True
46,671,3392,3507,115,True
51,668,3392,3482,90,True
54,737,3392,3482,90,True
55,633,3392,3491,99,True
57,665,3392,3447,55,True
59,690,3392,3482,90,True
61,667,3392,3447,55,True
63,712,3392,3482,90,True
70,698,3392,3447,55,True
76,679,3392,3482,90,True
82,684,3392,3482,90,True
84,701,3392,3482,90,True
96,646,3392,3482,90,True
1,695,3393,3507,114,True
12,684,3393,3507,114,True
24,633,3393,3507,114,True
30,676,3393,3507,114,True
36,698,3393,3507,114,True
48,710,3393,3507,114,True
52,662,3393,,,False
53,662,3393,3562,169,True
57,666,3393,3447,54,True
58,666,3393,3482,89,True
62,666,3393,3482,89,True
68,705,3393,3482,89,True
72,677,3393,3477,84,True
80,708,3393,3482,89,True
87,641,3393,3482,89,True
89,673,3393,3482,89,True
99,671,3393,3482,89,True
3,710,3394,3507,113,True
6,680,3394,3507,113,True
8,664,3394,3507,113,True
15,677,3394,3447,53,True
20,662,3394,3447,53,True
21,658,3394,3507,113,True
27,682,3394,3507,113,True
29,666,3394,3507,113,True
40,751,3394,3507,113,True
43,636,3394,3507,113,True
63,713,3394,3482,88,True
68,706,3394,3482,88,True
72,678,3394,3477,83,True
77,686,3394,3482,88,True
85,668,3394,3482,88,True
88,691,3394,3491,97,True
90,686,3394,3482,88,True
95,673,3394,3447,53,True
96,647,3394,3482,88,True
5,663,3395,3507,112,True
19,647,3395,3507,112,True
24,634,3395,3507,112,True
29,667,3395,3507,112,True
34,666,3395,3536,141,True
36,699,3395,3507,112,True
43,637,3395,3507,112,True
47,651,3395,3507,112,True
51,669,3395,3482,87,True
54,738,3395,3482,87,True
56,671,3395,3482,87,True
57,667,3395,3447,52,True
59,691,3395,3482,87,True
66,655,3395,3482,87,True
72,679,3395,3477,82,True
79,613,3395,3477,82,True
80,709,3395,3482,87,True
91,668,3395,3482,87,True
94,676,3395,3482,87,True
3,711,3396,3507,111,True
4,693,3396,3507,111,True
7,644,3396,3507,111,True
17,653,3396,3507,111,True
19,648,3396,3507,111,True
22,703,3396,3507,111,True
31,685,3396,3507,111,True
36,700,3396,3507,111,True
37,665,3396,3507,111,True
38,660,3396,3507,111,True
41,685,3396,3507,111,True
42,690,3396,3507,111,True
46,672,3396,3507,111,True
55,634,3396,3491,95,True
58,667,3396,3482,86,True
80,710,3396,3482,86,True
82,685,3396,3482,86,True
85,669,3396,3482,86,True
88,692,3396,3491,95,True
89,674,3396,3482,86,True
9,707,3397,3507,110,True
21,659,3397,3507,110,True
24,635,3397,3507,110,True
26,672,3397,3507,110,True
31,686,3397,3507,110,True
32,683,3397,3507,110,True
45,633,3397,3447,50,True
47,652,3397,3507,110,True
51,670,3397,3482,85,True
52,663,3397,,,False
61,668,3397,3447,50,True
62,667,3397,3482,85,True
64,727,3397,3477,80,True
68,707,3397,3482,85,True
71,676,3397,3482,85,True
76,680,3397,3482,85,True
82,686,3397,3482,85,True
96,648,3397,3482,85,True
11,666,3398,3507,109,True
27,683,3398,3507,109,True
28,692,3398,3507,109,True
33,678,3398,3507,109,True
34,667,3398,3536,138,True
35,684,3398,3507,109,True
39,647,3398,3507,109,True
42,691,3398,3507,109,True
49,700,3398,3507,109,True
54,739,3398,3482,84,True
62,668,3398,3482,84,True
70,699,3398,3477,79,True
74,691,3398,3482,84,True
88,693,3398,3491,93,True
89,675,3398,3482,84,True
94,677,3398,3482,84,True
4,694,3399,3507,108,True
5,664,3399,3507,108,True
8,665,3399,3507,108,True
11,667,3399,3507,108,True
13,674,3399,3507,108,True
14,674,3399,3507,108,True
15,678,3399,3447,48,True
16,716,3399,3507,108,True
18,683,3399,3507,108,True
31,687,3399,3507,108,True
36,701,3399,3507,108,True
39,648,3399,3507,108,True
40,752,3399,3507,108,True
45,634,3399,3447,48,True
49,701,3399,3507,108,True
51,671,3399,3482,83,True
52,664,3399,,,False
54,740,3399,3482,83,True
55,635,3399,3491,92,True
59,692,3399,3482,83,True
63,714,3399,3491,92,True
71,677,3399,3482,83,True
75,690,3399,3482,83,True
76,681,3399,3482,83,True
80,711,3399,3482,83,True
83,665,3399,3482,83,True
94,678,3399,3482,83,True
1,696,3400,3507,107,True
4,695,3400,3507,107,True
9,708,3400,3507,107,True
10,682,3400,3594,194,True
13,675,3400,3507,107,True
18,684,3400,3507,107,True
19,649,3400,3507,107,True
27,684,3400,3507,107,True
30,677,3400,3507,107,True
33,679,3400,3507,107,True
34,668,3400,3536,136,True
35,685,3400,3507,107,True
41,686,3400,3507,107,True
42,692,3400,3507,107,True
44,689,3400,3507,107,True
51,672,3400,3482,82,True
64,728,3400,3477,77,True
67,664,3400,3482,82,True
71,678,3400,3482,82,True
81,622,3400,3482,82,True
89,676,3400,3482,82,True
94,679,3400,3482,82,True
95,674,3400,3482,82,True
99,672,3400,3482,82,True
0,713,3401,3507,106,True
4,696,3401,3507,106,True
19,650,3401,3507,106,True
29,668,3401,3507,106,True
32,684,3401,3507,106,True
35,686,3401,3507,106,True
37,666,3401,3507,106,True
41,687,3401,3507,106,True
42,693,3401,3507,106,True
46,673,3401,3507,106,True
53,663,3401,3562,161,True
75,691,3401,3482,81,True
82,687,3401,3482,81,True
83,666,3401,3482,81,True
89,677,3401,3482,81,True
96,649,3401,3491,90,True
4,697,3402,3507,105,True
6,681,3402,3507,105,True
9,709,3402,3507,105,True
10,683,3402,3594,192,True
41,688,3402,3507,105,True
43,638,3402,3507,105,True
44,690,3402,3507,105,True
50,656,3402,3477,75,True
54,741,3402,3482,80,True
60,645,3402,3482,80,True
65,661,3402,3482,80,True
66,656,3402,3491,89,True
68,708,3402,3482,80,True
75,692,3402,3482,80,True
76,682,3402,3482,80,True
80,712,3402,3482,80,True
81,623,3402,3482,80,True
83,667,3402,3482,80,True
84,702,3402,3482,80,True
87,642,3402,3482,80,True
88,694,3402,3491,89,True
91,669,3402,3482,80,True
92,722,3402,3482,80,True
2,694,3403,3507,104,True
15,679,3403,3447,44,True
16,717,3403,3507,104,True
22,704,3403,3507,104,True
25,680,3403,3507,104,True
28,693,3403,3507,104,True
32,685,3403,3507,104,True
34,669,3403,3536,133,True
40,753,3403,3507,104,True
65,662,3403,3482,79,True
68,709,3403,3482,79,True
70,700,3403,3477,74,True
75,693,3403,3482,79,True
78,703,3403,3482,79,True
86,695,3403,3482,79,True
90,687,3403,3482,79,True
94,680,3403,3482,79,True
96,650,3403,3491,88,True
99,673,3403,3482,79,True
0,714,3404,3507,103,True
1,697,3404,3507,103,True
9,710,3404,3507,103,True
10,684,3404,3594,190,True
11,668,3404,3507,103,True
14,675,3404,3507,103,True
20,663,3404,3447,43,True
21,660,3404,3507,103,True
23,689,3404,3507,103,True
24,636,3404,3507,103,True
26,673,3404,3507,103,True
36,702,3404,3507,103,True
38,661,3404,3507,103,True
46,674,3404,3507,103,True
52,665,3404,,,False
54,742,3404,3482,78,True
70,701,3404,3477,73,True
75,694,3404,3482,78,True
80,713,3404,3482,78,True
86,696,3404,3482,78,True
93,663,3404,3491,87,True
94,681,3404,3482,78,True
97,668,3404,3482,78,True
99,674,3404,3482,78,True
2,695,3405,3507,102,True
14,676,3405,3507,102,True
18,685,3405,3507,102,True
21,661,3405,3507,102,True
38,662,3405,3507,102,True
42,694,3405,3507,102,True
49,702,3405,3507,102,True
52,666,3405,,,False
56,672,3405,3482,77,True
64,729,3405,3477,72,True
69,703,3405,3482,77,True
70,702,3405,3477,72,True
74,692,3405,3482,77,True
75,695,3405,3482,77,True
80,714,3405,3482,77,True
81,624,3405,3482,77,True
88,695,3405,3491,86,True
99,675,3405,3482,77,True
5,665,3406,3507,101,True
8,666,3406,3507,101,True
10,685,3406,3594,188,True
24,637,3406,3507,101,True
28,694,3406,3507,101,True
37,667,3406,3507,101,True
41,689,3406,3507,101,True
42,695,3406,3507,101,True
50,657,3406,3502,96,True
52,667,3406,,,False
56,673,3406,3482,76,True
63,715,3406,3491,85,True
68,710,3406,3482,76,True
71,679,3406,3482,76,True
84,703,3406,3502,96,True
86,697,3406,3482,76,True
94,682,3406,3482,76,True
99,676,3406,3482,76,True
7,645,3407,3507,100,True
11,669,3407,3507,100,True
13,676,3407,3507,100,True
17,654,3407,3507,100,True
18,686,3407,3507,100,True
22,705,3407,3507,100,True
24,638,3407,3507,100,True
30,678,3407,3507,100,True
34,670,3407,3536,129,True
38,663,3407,3507,100,True
39,649,3407,3507,100,True
40,754,3407,3507,100,True
56,674,3407,3482,75,True
57,668,3407,3477,70,True
69,704,3407,3482,75,True
72,680,3407,3477,70,True
77,687,3407,3482,75,True
80,715,3407,3482,75,True
89,678,3407,3491,84,True
93,664,3407,3491,84,True
94,683,3407,3482,75,True
95,675,3407,3482,75,True
97,669,3407,3482,75,True
0,715,3408,3528,120,True
2,696,3408,3507,99,True
4,698,3408,3507,99,True
11,670,3408,3507,99,True
12,685,3408,3507,99,True
13,677,3408,3507,99,True
16,718,3408,3594,186,True
24,639,3408,3507,99,True
29,669,3408,3507,99,True
30,679,3408,3507,99,True
38,664,3408,3507,99,True
43,639,3408,3507,99,True
53,664,3408,3562,154,True
60,646,3408,3482,74,True
61,669,3408,3477,69,True
71,680,3408,3482,74,True
82,688,3408,3482,74,True
91,670,3408,3482,74,True
96,651,3408,3491,83,True
97,670,3408,3482,74,True
99,677,3408,3482,74,True
10,686,3409,3594,185,True
14,677,3409,3507,98,True
15,680,3409,3502,93,True
17,655,3409,3507,98,True
25,681,3409,3507,98,True
26,674,3409,3507,98,True
28,695,3409,3507,98,True
29,670,3409,3507,98,True
31,688,3409,3507,98,True
32,686,3409,3507,98,True
38,665,3409,3507,98,True
39,650,3409,3507,98,True
46,675,3409,3507,98,True
54,743,3409,3482,73,True
58,668,3409,3482,73,True
81,625,3409,3482,73,True
84,704,3409,3502,93,True
3,712,3410,3507,97,True
8,667,3410,3507,97,True
15,681,3410,3502,92,True
18,687,3410,3507,97,True
20,664,3410,3502,92,True
22,706,3410,3507,97,True
28,696,3410,3507,97,True
29,671,3410,3507,97,True
40,755,3410,3507,97,True
41,690,3410,3507,97,True
43,640,3410,3507,97,True
49,703,3410,3507,97,True
51,673,3410,3482,72,True
58,669,3410,3482,72,True
59,693,3410,3482,72,True
69,705,3410,3482,72,True
89,679,3410,3491,81,True
90,688,3410,3482,72,True
93,665,3410,3491,81,True
95,676,3410,3482,72,True
2,697,3411,3507,96,True
12,686,3411,3507,96,True
15,682,3411,3502,91,True
25,682,3411,3507,96,True
27,685,3411,3507,96,True
30,680,3411,3507,96,True
31,689,3411,3507,96,True
38,666,3411,3507,96,True
40,756,3411,3507,96,True
43,641,3411,3507,96,True
46,676,3411,3507,96,True
60,647,3411,3482,71,True
62,669,3411,3482,71,True
63,716,3411,3491,80,True
66,657,3411,3491,80,True
74,693,3411,3482,71,True
79,614,3411,3502,91,True
80,716,3411,3491,80,True
84,705,3411,3502,91,True
86,698,3411,3482,71,True
5,666,3412,3507,95,True
11,671,3412,3507,95,True
23,690,3412,3507,95,True
25,683,3412,3507,95,True
30,681,3412,3507,95,True
35,687,3412,3507,95,True
36,703,3412,3507,95,True
37,668,3412,3507,95,True
42,696,3412,3507,95,True
46,677,3412,3507,95,True
51,674,3412,3482,70,True
60,648,3412,3482,70,True
62,670,3412,3482,70,True
73,652,3412,3502,90,True
81,626,3412,3482,70,True
92,723,3412,3482,70,True
94,684,3412,3482,70,True
11,672,3413,3507,94,True
12,687,3413,3507,94,True
14,678,3413,3507,94,True
16,719,3413,3594,181,True
20,665,3413,3502,89,True
23,691,3413,3507,94,True
34,671,3413,3536,123,True
48,711,3413,3507,94,True
52,668,3413,,,False
53,665,3413,3562,149,True
57,669,3413,3477,64,True
61,670,3413,3477,64,True
63,717,3413,3491,78,True
76,683,3413,3482,69,True
77,688,3413,3482,69,True
82,689,3413,3482,69,True
84,706,3413,3502,89,True
85,670,3413,3482,69,True
90,689,3413,3482,69,True
91,671,3413,3482,69,True
98,665,3413,3482,69,True
11,673,3414,3507,93,True
16,720,3414,3594,180,True
19,651,3414,3507,93,True
30,682,3414,3507,93,True
35,688,3414,3507,93,True
41,691,3414,3536,122,True
55,636,3414,3491,77,True
56,675,3414,3482,68,True
59,694,3414,3482,68,True
64,730,3414,3477,63,True
67,665,3414,3482,68,True
70,703,3414,3477,63,True
74,694,3414,3482,68,True
75,696,3414,3482,68,True
77,689,3414,3482,68,True
79,615,3414,3502,88,True
80,717,3414,3491,77,True
95,677,3414,3482,68,True
98,666,3414,3482,68,True
1,698,3415,3507,92,True
9,711,3415,3507,92,True
18,688,3415,3507,92,True
19,652,3415,3507,92,True
20,666,3415,3502,87,True
27,686,3415,3507,92,True
29,672,3415,3594,179,True
31,690,3415,3507,92,True
43,642,3415,3507,92,True
47,653,3415,3507,92,True
51,675,3415,3482,67,True
53,666,3415,3562,147,True
56,676,3415,3482,67,True
62,671,3415,3482,67,True
64,731,3415,3477,62,True
75,697,3415,3482,67,True
80,718,3415,3491,76,True
81,627,3415,3482,67,True
83,668,3415,3482,67,True
84,707,3415,3502,87,True
87,643,3415,3482,67,True
95,678,3415,3482,67,True
96,652,3415,3491,76,True
97,671,3415,3491,76,True
99,678,3415,3482,67,True
0,716,3416,3528,112,True
10,687,3416,3594,178,True
27,687,3416,3507,91,True
31,691,3416,3507,91,True
42,697,3416,3507,91,True
51,676,3416,3482,66,True
54,744,3416,3482,66,True
56,677,3416,3482,66,True
71,681,3416,3491,75,True
72,681,3416,3502,86,True
94,685,3416,3482,66,True
1,699,3417,3507,90,True
6,682,3417,3507,90,True
8,668,3417,3507,90,True
10,688,3417,3594,177,True
16,721,3417,3594,177,True
36,704,3417,3507,90,True
40,757,3417,3507,90,True
44,691,3417,3536,119,True
49,704,3417,3507,90,True
52,669,3417,,,False
53,667,3417,3562,145,True
54,745,3417,3482,65,True
55,637,3417,3491,74,True
57,670,3417,3477,60,True
59,695,3417,3482,65,True
61,671,3417,3477,60,True
67,666,3417,3482,65,True
85,671,3417,3482,65,True
93,666,3417,3491,74,True
95,679,3417,3482,65,True
5,667,3418,3507,89,True
6,683,3418,3507,89,True
7,646,3418,3507,89,True
8,669,3418,3507,89,True
11,674,3418,3507,89,True
16,722,3418,3594,176,True
24,640,3418,3507,89,True
27,688,3418,3507,89,True
29,673,3418,3594,176,True
43,643,3418,3507,89,True
51,677,3418,3482,64,True
65,663,3418,3482,64,True
72,682,3418,3502,84,True
73,653,3418,3502,84,True
74,695,3418,3482,64,True
75,698,3418,3482,64,True
90,690,3418,3482,64,True
94,686,3418,3482,64,True
0,717,3419,3528,109,True
7,647,3419,3507,88,True
9,712,3419,3507,88,True
15,683,3419,3502,83,True
19,653,3419,3507,88,True
21,662,3419,3507,88,True
27,689,3419,3507,88,True
30,683,3419,3507,88,True
33,680,3419,3507,88,True
37,669,3419,3507,88,True
38,667,3419,3507,88,True
42,698,3419,3507,88,True
62,672,3419,3482,63,True
68,711,3419,3491,72,True
79,616,3419,3502,83,True
81,628,3419,3482,63,True
82,690,3419,3491,72,True
86,699,3419,3482,63,True
91,672,3419,3482,63,True
92,724,3419,3482,63,True
96,653,3419,3491,72,True
97,672,3419,3491,72,True
98,667,3419,3482,63,True
99,679,3419,3491,72,True
0,718,3420,3528,108,True
3,713,3420,3536,116,True
8,670,3420,3507,87,True
15,684,3420,3502,82,True
16,723,3420,3594,174,True
19,654,3420,3507,87,True
22,707,3420,3507,87,True
25,684,3420,3507,87,True
26,675,3420,3507,87,True
30,684,3420,3507,87,True
32,687,3420,3507,87,True
36,705,3420,3594,174,True
42,699,3420,3507,87,True
44,692,3420,3536,116,True
48,712,3420,3507,87,True
58,670,3420,3482,62,True
61,672,3420,3477,57,True
64,732,3420,3482,62,True
65,664,3420,3482,62,True
80,719,3420,3491,71,True
84,708,3420,3502,82,True
93,667,3420,3491,71,True
95,680,3420,3482,62,True
97,673,3420,3491,71,True
2,698,3421,3507,86,True
10,689,3421,3594,173,True
11,675,3421,3507,86,True
14,679,3421,3507,86,True
24,641,3421,3507,86,True
31,692,3421,3507,86,True
40,758,3421,3507,86,True
42,700,3421,3507,86,True
45,635,3421,3536,115,True
52,670,3421,,,False
53,668,3421,3562,141,True
59,696,3421,3482,61,True
66,658,3421,3491,70,True
71,682,3421,3491,70,True
79,617,3421,3502,81,True
87,644,3421,3482,61,True
99,680,3421,3491,70,True
2,699,3422,3507,85,True
8,671,3422,3507,85,True
9,713,3422,3507,85,True
11,676,3422,3507,85,True
13,678,3422,3507,85,True
15,685,3422,3536,114,True
21,663,3422,3507,85,True
23,692,3422,3507,85,True
30,685,3422,3507,85,True
33,681,3422,3507,85,True
37,670,3422,3507,85,True
38,668,3422,3507,85,True
43,644,3422,3507,85,True
44,693,3422,3536,114,True
53,669,3422,3562,140,True
55,638,3422,3562,140,True
59,697,3422,3482,60,True
61,673,3422,3477,55,True
63,718,3422,3491,69,True
76,684,3422,3502,80,True
80,720,3422,3491,69,True
83,669,3422,3491,69,True
88,696,3422,3491,69,True
91,673,3422,3482,60,True
99,681,3422,3491,69,True
5,668,3423,3507,84,True
10,690,3423,3594,171,True
30,686,3423,3507,84,True
35,689,3423,3507,84,True
37,671,3423,3507,84,True
40,759,3423,3507,84,True
43,645,3423,3507,84,True
45,636,3423,3536,113,True
47,654,3423,3507,84,True
50,658,3423,3502,79,True
52,671,3423,,,False
54,746,3423,3482,59,True
61,674,3423,3477,54,True
63,719,3423,3491,68,True
65,665,3423,3502,79,True
66,659,3423,3491,68,True
72,683,3423,3502,79,True
77,690,3423,3491,68,True
82,691,3423,3491,68,True
87,645,3423,3482,59,True
88,697,3423,3491,68,True
89,680,3423,3491,68,True
99,682,3423,3491,68,True
0,719,3424,3528,104,True
15,686,3424,3536,112,True
16,724,3424,3594,170,True
37,672,3424,3507,83,True
53,670,3424,3562,138,True
54,747,3424,3482,58,True
55,639,3424,3562,138,True
59,698,3424,3482,58,True
66,660,3424,3491,67,True
72,684,3424,3502,78,True
73,654,3424,3502,78,True
75,699,3424,3482,58,True
76,685,3424,3502,78,True
82,692,3424,3491,67,True
86,700,3424,3502,78,True
90,691,3424,3482,58,True
98,668,3424,3482,58,True
0,720,3425,3528,103,True
6,684,3425,3507,82,True
7,648,3425,3507,82,True
10,691,3425,3594,169,True
12,688,3425,3507,82,True
17,656,3425,3536,111,True
20,667,3425,3502,77,True
28,697,3425,3507,82,True
30,687,3425,3507,82,True
32,688,3425,3507,82,True
56,678,3425,3482,57,True
65,666,3425,3502,77,True
67,667,3425,3482,57,True
71,683,3425,3491,66,True
72,685,3425,3502,77,True
73,655,3425,3502,77,True
76,686,3425,3502,77,True
78,704,3425,3482,57,True
79,618,3425,3502,77,True
87,646,3425,3482,57,True
90,692,3425,3482,57,True
93,668,3425,3491,66,True
0,721,3426,3528,102,True
8,672,3426,3507,81,True
9,714,3426,3507,81,True
14,680,3426,3528,102,True
16,725,3426,3594,168,True
20,668,3426,3502,76,True
23,693,3426,3507,81,True
28,698,3426,3507,81,True
45,637,3426,3536,110,True
48,713,3426,3507,81,True
54,748,3426,3482,56,True
55,640,3426,3562,136,True
59,699,3426,3482,56,True
60,649,3426,3491,65,True
61,675,3426,3502,76,True
64,733,3426,3482,56,True
66,661,3426,3491,65,True
70,704,3426,3482,56,True
74,696,3426,3482,56,True
75,700,3426,3562,136,True
76,687,3426,3502,76,True
87,647,3426,3482,56,True
89,681,3426,3491,65,True
91,674,3426,3491,65,True
93,669,3426,3491,65,True
95,681,3426,3482,56,True
7,649,3427,3507,80,True
13,679,3427,3507,80,True
15,687,3427,3536,109,True
22,708,3427,3507,80,True
23,694,3427,3507,80,True
28,699,3427,3507,80,True
34,672,3427,3536,109,True
37,673,3427,3507,80,True
42,701,3427,3507,80,True
45,638,3427,3536,109,True
49,705,3427,3507,80,True
55,641,3427,3562,135,True
56,679,3427,3482,55,True
58,671,3427,3482,55,True
67,668,3427,3482,55,True
76,688,3427,3502,75,True
79,619,3427,3502,75,True
80,721,3427,3491,64,True
88,698,3427,3491,64,True
93,670,3427,3491,64,True
7,650,3428,3507,79,True
14,681,3428,3528,100,True
18,689,3428,3507,79,True
25,685,3428,3536,108,True
26,676,3428,3507,79,True
28,700,3428,3507,79,True
35,690,3428,3507,79,True
37,674,3428,3507,79,True
42,702,3428,3507,79,True
44,694,3428,3594,166,True
48,714,3428,3507,79,True
52,672,3428,,,False
56,680,3428,3482,54,True
65,667,3428,3502,74,True
84,709,3428,3502,74,True
85,672,3428,3562,134,True
92,725,3428,3482,54,True
98,669,3428,3482,54,True
1,700,3429,3528,99,True
8,673,3429,3507,78,True
33,682,3429,3507,78,True
37,675,3429,3594,165,True
42,703,3429,3507,78,True
43,646,3429,3507,78,True
49,706,3429,3507,78,True
58,672,3429,3482,53,True
61,676,3429,3502,73,True
63,720,3429,3491,62,True
64,734,3429,3502,73,True
75,701,3429,3562,133,True
76,689,3429,3502,73,True
84,710,3429,3502,73,True
93,671,3429,3491,62,True
95,682,3429,3491,62,True
96,654,3429,3562,133,True
0,722,3430,3528,98,True
2,700,3430,3536,106,True
8,674,3430,3507,77,True
11,677,3430,3594,164,True
15,688,3430,3536,106,True
22,709,3430,3507,77,True
31,693,3430,3507,77,True
32,689,3430,3536,106,True
33,683,3430,3507,77,True
35,691,3430,3507,77,True
43,647,3430,3507,77,True
44,695,3430,3594,164,True
46,678,3430,3594,164,True
48,715,3430,3594,164,True
66,662,3430,3491,61,True
68,712,3430,3491,61,True
69,706,3430,3491,61,True
70,705,3430,3502,72,True
78,705,3430,3491,61,True
79,620,3430,3502,72,True
80,722,3430,3491,61,True
90,693,3430,3482,52,True
91,675,3430,3491,61,True
95,683,3430,3491,61,True
3,714,3431,3536,105,True
7,651,3431,3536,105,True
9,715,3431,3536,105,True
10,692,3431,3594,163,True
12,689,3431,3507,76,True
22,710,3431,3507,76,True
23,695,3431,3507,76,True
25,686,3431,3536,105,True
28,701,3431,3507,76,True
34,673,3431,3536,105,True
36,706,3431,3594,163,True
40,760,3431,3507,76,True
41,692,3431,3536,105,True
45,639,3431,3536,105,True
50,659,3431,3502,71,True
60,650,3431,3491,60,True
61,677,3431,3502,71,True
69,707,3431,3491,60,True
71,684,3431,3491,60,True
75,702,3431,3562,131,True
76,690,3431,3502,71,True
86,701,3431,3502,71,True
87,648,3431,3562,131,True
91,676,3431,3491,60,True
98,670,3431,3482,51,True
99,683,3431,3491,60,True
7,652,3432,3536,104,True
11,678,3432,3594,162,True
12,690,3432,3507,75,True
21,664,3432,3528,96,True
24,642,3432,3536,104,True
35,692,3432,3507,75,True
40,761,3432,3507,75,True
41,693,3432,3536,104,True
50,660,3432,3502,70,True
60,651,3432,3491,59,True
64,735,3432,3502,70,True
65,668,3432,3502,70,True
74,697,3432,3491,59,True
87,649,3432,3562,130,True
97,674,3432,3491,59,True
98,671,3432,3507,75,True
7,653,3433,3536,103,True
10,693,3433,3594,161,True
15,689,3433,3536,103,True
25,687,3433,3536,103,True
38,669,3433,3536,103,True
41,694,3433,3536,103,True
44,696,3433,3594,161,True
46,679,3433,3594,161,True
48,716,3433,3594,161,True
62,673,3433,3482,49,True
63,721,3433,3491,58,True
71,685,3433,3491,58,True
72,686,3433,3502,69,True
78,706,3433,3491,58,True
79,621,3433,3502,69,True
85,673,3433,3562,129,True
96,655,3433,3562,129,True
0,723,3434,3528,94,True
6,685,3434,3507,73,True
22,711,3434,3507,73,True
24,643,3434,3536,102,True
30,688,3434,3536,102,True
33,684,3434,3594,160,True
35,693,3434,3507,73,True
36,707,3434,3594,160,True
37,676,3434,3594,160,True
41,695,3434,3536,102,True
44,697,3434,3594,160,True
45,640,3434,3536,102,True
46,680,3434,3594,160,True
47,655,3434,3528,94,True
52,673,3434,,,False
55,642,3434,3562,128,True
58,673,3434,3562,128,True
65,669,3434,3502,68,True
67,669,3434,3482,48,True
87,650,3434,3562,128,True
97,675,3434,3491,57,True
99,684,3434,3491,57,True
2,701,3435,3536,101,True
5,669,3435,3507,72,True
6,686,3435,3507,72,True
10,694,3435,3594,159,True
12,691,3435,3507,72,True
20,669,3435,3536,101,True
29,674,3435,3594,159,True
40,762,3435,3594,159,True
46,681,3435,3594,159,True
48,717,3435,3594,159,True
58,674,3435,3562,127,True
74,698,3435,3491,56,True
82,693,3435,3562,127,True
83,670,3435,3491,56,True
96,656,3435,3562,127,True
0,724,3436,3528,92,True
3,715,3436,3536,100,True
4,699,3436,3507,71,True
11,679,3436,3594,158,True
12,692,3436,3507,71,True
13,680,3436,3507,71,True
15,690,3436,3536,100,True
26,677,3436,3536,100,True
31,694,3436,3507,71,True
32,690,3436,3594,158,True
33,685,3436,3594,158,True
35,694,3436,3536,100,True
36,708,3436,3594,158,True
40,763,3436,3594,158,True
42,704,3436,3536,100,True
47,656,3436,3528,92,True
51,678,3436,3562,126,True
53,671,3436,3562,126,True
58,675,3436,3562,126,True
61,678,3436,3507,71,True
62,674,3436,3491,55,True
66,663,3436,3491,55,True
69,708,3436,3491,55,True
75,703,3436,3562,126,True
82,694,3436,3562,126,True
87,651,3436,3562,126,True
92,726,3436,3502,66,True
6,687,3437,3507,70,True
16,726,3437,3594,157,True
17,657,3437,3536,99,True
22,712,3437,3507,70,True
25,688,3437,3536,99,True
34,674,3437,3536,99,True
38,670,3437,3536,99,True
47,657,3437,3528,91,True
60,652,3437,3562,125,True
69,709,3437,3491,54,True
70,706,3437,3507,70,True
71,686,3437,3491,54,True
73,656,3437,3502,65,True
74,699,3437,3491,54,True
75,704,3437,3562,125,True
82,695,3437,3562,125,True
85,674,3437,3562,125,True
87,652,3437,3562,125,True
92,727,3437,3502,65,True
93,672,3437,3562,125,True
2,702,3438,3536,98,True
3,716,3438,3594,156,True
5,670,3438,3594,156,True
10,695,3438,3594,156,True
16,727,3438,3594,156,True
21,665,3438,3528,90,True
31,695,3438,3507,69,True
32,691,3438,3594,156,True
40,764,3438,3594,156,True
43,648,3438,3536,98,True
56,681,3438,3502,64,True
67,670,3438,3491,53,True
68,713,3438,3491,53,True
73,657,3438,3502,64,True
76,691,3438,3502,64,True
79,622,3438,3502,64,True
83,671,3438,3491,53,True
88,699,3438,3562,124,True
91,677,3438,3491,53,True
94,687,3438,3491,53,True
98,672,3438,3507,69,True
8,675,3439,3594,155,True
10,696,3439,3594,155,True
11,680,3439,3594,155,True
12,693,3439,3507,68,True
18,690,3439,3536,97,True
23,696,3439,3536,97,True
24,644,3439,3536,97,True
25,689,3439,3536,97,True
29,675,3439,3594,155,True
30,689,3439,3536,97,True
32,692,3439,3594,155,True
36,709,3439,3594,155,True
37,677,3439,3594,155,True
49,707,3439,3594,155,True
55,643,3439,3562,123,True
60,653,3439,3562,123,True
64,736,3439,3502,63,True
74,700,3439,3491,52,True
80,723,3439,3562,123,True
87,653,3439,3562,123,True
1,701,3440,3528,88,True
7,654,3440,3536,96,True
8,676,3440,3594,154,True
9,716,3440,3536,96,True
17,658,3440,3536,96,True
32,693,3440,3594,154,True
39,651,3440,3594,154,True
42,705,3440,3536,96,True
43,649,3440,3536,96,True
56,682,3440,3502,62,True
57,671,3440,3502,62,True
66,664,3440,3491,51,True
68,714,3440,3562,122,True
69,710,3440,3491,51,True
81,629,3440,3491,51,True
82,696,3440,3562,122,True
83,672,3440,3491,51,True
89,682,3440,3562,122,True
90,694,3440,3491,51,True
91,678,3440,3491,51,True
1,702,3441,3528,87,True
10,697,3441,3594,153,True
14,682,3441,3528,87,True
23,697,3441,3536,95,True
25,690,3441,3536,95,True
33,686,3441,3594,153,True
35,695,3441,3536,95,True
36,710,3441,3594,153,True
38,671,3441,3536,95,True
60,654,3441,3562,121,True
70,707,3441,3507,66,True
76,692,3441,3507,66,True
77,691,3441,3491,50,True
78,707,3441,3491,50,True
79,623,3441,3502,61,True
82,697,3441,3562,121,True
83,673,3441,3562,121,True
84,711,3441,3502,61,True
91,679,3441,3491,50,True
1,703,3442,3528,86,True
4,700,3442,3507,65,True
5,671,3442,3594,152,True
19,655,3442,3594,152,True
26,678,3442,3536,94,True
33,687,3442,3594,152,True
35,696,3442,3536,94,True
38,672,3442,3536,94,True
45,641,3442,3536,94,True
56,683,3442,3502,60,True
58,676,3442,3562,120,True
71,687,3442,3491,49,True
73,658,3442,3502,60,True
76,693,3442,3507,65,True
80,724,3442,3562,120,True
85,675,3442,3562,120,True
90,695,3442,3491,49,True
91,680,3442,3491,49,True
98,673,3442,3507,65,True
3,717,3443,3594,151,True
18,691,3443,3536,93,True
21,666,3443,3528,85,True
25,691,3443,3536,93,True
28,702,3443,3594,151,True
33,688,3443,3594,151,True
36,711,3443,3594,151,True
39,652,3443,3594,151,True
43,650,3443,3536,93,True
46,682,3443,3594,151,True
49,708,3443,3594,151,True
56,684,3443,3502,59,True
59,700,3443,3562,119,True
61,679,3443,3507,64,True
65,670,3443,3502,59,True
69,711,3443,3491,48,True
71,688,3443,3491,48,True
72,687,3443,3502,59,True
78,708,3443,3491,48,True
81,630,3443,3491,48,True
82,698,3443,3562,119,True
0,725,3444,3594,150,True
8,677,3444,3594,150,True
10,698,3444,3594,150,True
15,691,3444,3536,92,True
29,676,3444,3594,150,True
30,690,3444,3536,92,True
32,694,3444,3594,150,True
33,689,3444,3594,150,True
43,651,3444,3536,92,True
56,685,3444,3502,58,True
61,680,3444,3507,63,True
62,675,3444,3562,118,True
73,659,3444,3507,63,True
76,694,3444,3507,63,True
78,709,3444,3562,118,True
79,624,3444,3507,63,True
81,631,3444,3502,58,True
87,654,3444,3562,118,True
1,704,3445,3528,83,True
9,717,3445,3536,91,True
22,713,3445,3536,91,True
27,690,3445,3594,149,True
36,712,3445,3594,149,True
41,696,3445,3594,149,True
45,642,3445,3536,91,True
51,679,3445,3562,117,True
52,674,3445,,,False
54,749,3445,3502,57,True
64,737,3445,3502,57,True
71,689,3445,3491,46,True
74,701,3445,3491,46,True
75,705,3445,3562,117,True
77,692,3445,3562,117,True
82,699,3445,3562,117,True
83,674,3445,3562,117,True
86,702,3445,3502,57,True
92,728,3445,3502,57,True
96,657,3445,3562,117,True
3,718,3446,3594,148,True
17,659,3446,3536,90,True
22,714,3446,3536,90,True
23,698,3446,3536,90,True
34,675,3446,3536,90,True
35,697,3446,3536,90,True
36,713,3446,3594,148,True
40,765,3446,3594,148,True
48,718,3446,3594,148,True
54,750,3446,3562,116,True
58,677,3446,3562,116,True
66,665,3446,3562,116,True
68,715,3446,3562,116,True
73,660,3446,3507,61,True
95,684,3446,3562,116,True
4,701,3447,3536,89,True
17,660,3447,3536,89,True
18,692,3447,3536,89,True
19,656,3447,3594,147,True
34,676,3447,3536,89,True
39,653,3447,3594,147,True
45,643,3447,3536,89,True
46,683,3447,3594,147,True
66,666,3447,3562,115,True
72,688,3447,3507,60,True
74,702,3447,3562,115,True
78,710,3447,3562,115,True
83,675,3447,3562,115,True
84,712,3447,3502,55,True
87,655,3447,3562,115,True
93,673,3447,3562,115,True
97,676,3447,3491,44,True
98,674,3447,3507,60,True
99,685,3447,3562,115,True
0,726,3448,3594,146,True
2,703,3448,3536,88,True
5,672,3448,3594,146,True
10,699,3448,3594,146,True
12,694,3448,3594,146,True
14,683,3448,3528,80,True
20,670,3448,3536,88,True
21,667,3448,3594,146,True
25,692,3448,3594,146,True
26,679,3448,3594,146,True
27,691,3448,3594,146,True
28,703,3448,3594,146,True
30,691,3448,3536,88,True
36,714,3448,3594,146,True
38,673,3448,3536,88,True
42,706,3448,3594,146,True
64,738,3448,3507,59,True
70,708,3448,3507,59,True
71,690,3448,3562,114,True
73,661,3448,3507,59,True
74,703,3448,3562,114,True
85,676,3448,3562,114,True
88,700,3448,3562,114,True
95,685,3448,3562,114,True
96,658,3448,3562,114,True
98,675,3448,3562,114,True
3,719,3449,3594,145,True
8,678,3449,3594,145,True
16,728,3449,3594,145,True
19,657,3449,3594,145,True
20,671,3449,3536,87,True
24,645,3449,3536,87,True
27,692,3449,3594,145,True
31,696,3449,3536,87,True
41,697,3449,3594,145,True
43,652,3449,3536,87,True
44,698,3449,3594,145,True
46,684,3449,3594,145,True
56,686,3449,3502,53,True
61,681,3449,3507,58,True
66,667,3449,3562,113,True
84,713,3449,3562,113,True
96,659,3449,3562,113,True
3,720,3450,3594,144,True
9,718,3450,3536,86,True
13,681,3450,3594,144,True
19,658,3450,3594,144,True
24,646,3450,3536,86,True
32,695,3450,3594,144,True
51,680,3450,3562,112,True
59,701,3450,3562,112,True
63,722,3450,3562,112,True
66,668,3450,3562,112,True
67,671,3450,3502,52,True
69,712,3450,3562,112,True
71,691,3450,3562,112,True
83,676,3450,3562,112,True
89,683,3450,3562,112,True
99,686,3450,3562,112,True
8,679,3451,3594,143,True
14,684,3451,3528,77,True
17,661,3451,3594,143,True
19,659,3451,3594,143,True
28,704,3451,3594,143,True
29,677,3451,3594,143,True
37,678,3451,3594,143,True
56,687,3451,3502,51,True
57,672,3451,3562,111,True
58,678,3451,3562,111,True
59,702,3451,3562,111,True
62,676,3451,3562,111,True
63,723,3451,3562,111,True
65,671,3451,3507,56,True
70,709,3451,3507,56,True
73,662,3451,3507,56,True
76,695,3451,3507,56,True
86,703,3451,3507,56,True
95,686,3451,3562,111,True
1,705,3452,3594,142,True
2,704,3452,3594,142,True
35,698,3452,3536,84,True
36,715,3452,3594,142,True
41,698,3452,3594,142,True
43,653,3452,3594,142,True
55,644,3452,3562,110,True
75,706,3452,3562,110,True
79,625,3452,3507,55,True
85,677,3452,3562,110,True
91,681,3452,3562,110,True
92,729,3452,3562,110,True
94,688,3452,3562,110,True
98,676,3452,3562,110,True
99,687,3452,3562,110,True
2,705,3453,3594,141,True
3,721,3453,3594,141,True
5,673,3453,3594,141,True
12,695,3453,3594,141,True
13,682,3453,3594,141,True
14,685,3453,3594,141,True
15,692,3453,3536,83,True
17,662,3453,3594,141,True
19,660,3453,3594,141,True
22,715,3453,3594,141,True
24,647,3453,3536,83,True
25,693,3453,3594,141,True
26,680,3453,3594,141,True
30,692,3453,3536,83,True
34,677,3453,3536,83,True
35,699,3453,3536,83,True
36,716,3453,3594,141,True
40,766,3453,3594,141,True
41,699,3453,3594,141,True
55,645,3453,3562,109,True
59,703,3453,3562,109,True
62,677,3453,3562,109,True
65,672,3453,3507,54,True
74,704,3453,3562,109,True
78,711,3453,3562,109,True
84,714,3453,3562,109,True
87,656,3453,3562,109,True
90,696,3453,3562,109,True
97,677,3453,3562,109,True
98,677,3453,3562,109,True
2,706,3454,3594,140,True
5,674,3454,3594,140,True
8,680,3454,3594,140,True
11,681,3454,3594,140,True
12,696,3454,3594,140,True
16,729,3454,3594,140,True
25,694,3454,3594,140,True
38,674,3454,3594,140,True
44,699,3454,3594,140,True
51,681,3454,3562,108,True
53,672,3454,3562,108,True
55,646,3454,3562,108,True
58,679,3454,3562,108,True
64,739,3454,3507,53,True
67,672,3454,3562,108,True
69,713,3454,3562,108,True
73,663,3454,3507,53,True
75,707,3454,3562,108,True
78,712,3454,3562,108,True
81,632,3454,3562,108,True
89,684,3454,3562,108,True
0,727,3455,3594,139,True
5,675,3455,3594,139,True
6,688,3455,3594,139,True
8,681,3455,3594,139,True
20,672,3455,3536,81,True
27,693,3455,3594,139,True
28,705,3455,3594,139,True
29,678,3455,3594,139,True
36,717,3455,3594,139,True
42,707,3455,3594,139,True
45,644,3455,3536,81,True
54,751,3455,3562,107,True
58,680,3455,3562,107,True
60,655,3455,3562,107,True
64,740,3455,3562,107,True
65,673,3455,3507,52,True
68,716,3455,3562,107,True
73,664,3455,3507,52,True
79,626,3455,3507,52,True
80,725,3455,3562,107,True
81,633,3455,3562,107,True
88,701,3455,3562,107,True
90,697,3455,3562,107,True
98,678,3455,3562,107,True
0,728,3456,3594,138,True
14,686,3456,3594,138,True
15,693,3456,3536,80,True
19,661,3456,3594,138,True
27,694,3456,3594,138,True
28,706,3456,3594,138,True
34,678,3456,3536,80,True
39,654,3456,3594,138,True
41,700,3456,3594,138,True
42,708,3456,3594,138,True
50,661,3456,3507,51,True
53,673,3456,3562,106,True
63,724,3456,3562,106,True
68,717,3456,3562,106,True
75,708,3456,3562,106,True
81,634,3456,3562,106,True
82,700,3456,3562,106,True
84,715,3456,3562,106,True
88,702,3456,3562,106,True
94,689,3456,3562,106,True
96,660,3456,3562,106,True
4,702,3457,3594,137,True
5,676,3457,3594,137,True
9,719,3457,3594,137,True
12,697,3457,3594,137,True
16,730,3457,3594,137,True
17,663,3457,3594,137,True
18,693,3457,3594,137,True
22,716,3457,3594,137,True
27,695,3457,3594,137,True
35,700,3457,3536,79,True
38,675,3457,3594,137,True
40,767,3457,3594,137,True
41,701,3457,3594,137,True
42,709,3457,3594,137,True
54,752,3457,3562,105,True
66,669,3457,3562,105,True
77,693,3457,3562,105,True
86,704,3457,3562,105,True
87,657,3457,3562,105,True
88,703,3457,3562,105,True
89,685,3457,3562,105,True
90,698,3457,3562,105,True
0,729,3458,3594,136,True
1,706,3458,3594,136,True
7,655,3458,3594,136,True
9,720,3458,3594,136,True
15,694,3458,3536,78,True
16,731,3458,3594,136,True
22,717,3458,3594,136,True
32,696,3458,3594,136,True
33,690,3458,3594,136,True
34,679,3458,3536,78,True
36,718,3458,3594,136,True
38,676,3458,3594,136,True
49,709,3458,3594,136,True
55,647,3458,3562,104,True
59,704,3458,3562,104,True
71,692,3458,3562,104,True
75,709,3458,3562,104,True
77,694,3458,3562,104,True
82,701,3458,3562,104,True
85,678,3458,3562,104,True
98,679,3458,3562,104,True
0,730,3459,3594,135,True
5,677,3459,3594,135,True
7,656,3459,3594,135,True
9,721,3459,3594,135,True
10,700,3459,3594,135,True
28,707,3459,3594,135,True
32,697,3459,3594,135,True
40,768,3459,3594,135,True
43,654,3459,3594,135,True
44,700,3459,3594,135,True
61,682,3459,3507,48,True
66,670,3459,3562,103,True
68,718,3459,3562,103,True
72,689,3459,3507,48,True
86,705,3459,3562,103,True
93,674,3459,3562,103,True
10,701,3460,3594,134,True
11,682,3460,3594,134,True
12,698,3460,3594,134,True
13,683,3460,3594,134,True
20,673,3460,3536,76,True
22,718,3460,3594,134,True
34,680,3460,3536,76,True
42,710,3460,3594,134,True
54,753,3460,3562,102,True
55,648,3460,3562,102,True
59,705,3460,3562,102,True
71,693,3460,3562,102,True
73,665,3460,3562,102,True
80,726,3460,3562,102,True
85,679,3460,3562,102,True
93,675,3460,3562,102,True
0,731,3461,3594,133,True
14,687,3461,3594,133,True
19,662,3461,3594,133,True
24,648,3461,3594,133,True
36,719,3461,3594,133,True
40,769,3461,3594,133,True
42,711,3461,3594,133,True
52,675,3461,,,False
55,649,3461,3562,101,True
57,673,3461,3562,101,True
58,681,3461,3562,101,True
61,683,3461,3507,46,True
75,710,3461,3562,101,True
81,635,3461,3562,101,True
85,680,3461,3562,101,True
87,658,3461,3562,101,True
89,686,3461,3562,101,True
99,688,3461,3562,101,True
0,732,3462,3594,132,True
1,707,3462,3594,132,True
3,722,3462,3594,132,True
5,678,3462,3594,132,True
7,657,3462,3594,132,True
9,722,3462,3594,132,True
14,688,3462,3594,132,True
16,732,3462,3594,132,True
18,694,3462,3594,132,True
19,663,3462,3594,132,True
20,674,3462,3536,74,True
33,691,3462,3594,132,True
38,677,3462,3594,132,True
40,770,3462,3594,132,True
41,702,3462,3594,132,True
44,701,3462,3594,132,True
45,645,3462,3536,74,True
48,719,3462,3594,132,True
50,662,3462,3507,45,True
60,656,3462,3562,100,True
65,674,3462,3562,100,True
70,710,3462,3507,45,True
74,705,3462,3562,100,True
90,699,3462,3562,100,True
92,730,3462,3562,100,True
95,687,3462,3562,100,True
16,733,3463,3594,131,True
17,664,3463,3594,131,True
19,664,3463,3594,131,True
23,699,3463,3594,131,True
26,681,3463,3594,131,True
31,697,3463,3594,131,True
33,692,3463,3594,131,True
34,681,3463,3594,131,True
38,678,3463,3594,131,True
59,706,3463,3562,99,True
64,741,3463,3562,99,True
67,673,3463,3562,99,True
70,711,3463,3507,44,True
75,711,3463,3562,99,True
77,695,3463,3562,99,True
79,627,3463,3562,99,True
80,727,3463,3562,99,True
81,636,3463,3562,99,True
87,659,3463,3562,99,True
88,704,3463,3562,99,True
90,700,3463,3562,99,True
2,707,3464,3594,130,True
10,702,3464,3594,130,True
11,683,3464,3594,130,True
15,695,3464,3594,130,True
20,675,3464,3536,72,True
21,668,3464,3594,130,True
26,682,3464,3594,130,True
30,693,3464,3594,130,True
34,682,3464,3594,130,True
40,771,3464,3594,130,True
41,703,3464,3594,130,True
47,658,3464,3594,130,True
49,710,3464,3594,130,True
53,674,3464,3562,98,True
73,666,3464,3562,98,True
77,696,3464,3562,98,True
80,728,3464,3562,98,True
82,702,3464,3562,98,True
90,701,3464,3562,98,True
93,676,3464,3562,98,True
94,690,3464,3562,98,True
98,680,3464,3562,98,True
16,734,3465,3594,129,True
17,665,3465,3594,129,True
18,695,3465,3594,129,True
19,665,3465,3594,129,True
21,669,3465,3594,129,True
24,649,3465,3594,129,True
25,695,3465,3594,129,True
33,693,3465,3594,129,True
34,683,3465,3594,129,True
35,701,3465,3594,129,True
38,679,3465,3594,129,True
40,772,3465,3594,129,True
41,704,3465,3594,129,True
45,646,3465,3536,71,True
47,659,3465,3594,129,True
52,676,3465,,,False
60,657,3465,3562,97,True
65,675,3465,3562,97,True
77,697,3465,3562,97,True
79,628,3465,3562,97,True
88,705,3465,3562,97,True
91,682,3465,3562,97,True
97,678,3465,3562,97,True
2,708,3466,3594,128,True
3,723,3466,3594,128,True
11,684,3466,3594,128,True
28,708,3466,3594,128,True
29,679,3466,3594,128,True
36,720,3466,3594,128,True
39,655,3466,3594,128,True
45,647,3466,3594,128,True
55,650,3466,3562,96,True
56,688,3466,3562,96,True
61,684,3466,3507,41,True
64,742,3466,3562,96,True
72,690,3466,3507,41,True
79,629,3466,3562,96,True
82,703,3466,3562,96,True
91,683,3466,3562,96,True
9,723,3467,3594,127,True
14,689,3467,3594,127,True
21,670,3467,3594,127,True
22,719,3467,3594,127,True
38,680,3467,3594,127,True
39,656,3467,3594,127,True
40,773,3467,3594,127,True
43,655,3467,3594,127,True
45,648,3467,3594,127,True
47,660,3467,3594,127,True
52,677,3467,,,False
54,754,3467,3562,95,True
56,689,3467,3562,95,True
58,682,3467,3562,95,True
70,712,3467,3562,95,True
77,698,3467,3562,95,True
83,677,3467,3562,95,True
86,706,3467,3562,95,True
97,679,3467,3562,95,True
0,733,3468,3594,126,True
5,679,3468,3594,126,True
10,703,3468,3594,126,True
13,684,3468,3594,126,True
15,696,3468,3594,126,True
21,671,3468,3594,126,True
23,700,3468,3594,126,True
26,683,3468,3594,126,True
33,694,3468,3594,126,True
34,684,3468,3594,126,True
38,681,3468,3594,126,True
43,656,3468,3594,126,True
45,649,3468,3594,126,True
48,720,3468,3594,126,True
52,678,3468,,,False
53,675,3468,3562,94,True
60,658,3468,3562,94,True
61,685,3468,3507,39,True
62,678,3468,3562,94,True
66,671,3468,3562,94,True
70,713,3468,3562,94,True
71,694,3468,3562,94,True
74,706,3468,3562,94,True
78,713,3468,3614,146,True
88,706,3468,3562,94,True
90,702,3468,3562,94,True
91,684,3468,3562,94,True
97,680,3468,3562,94,True
98,681,3468,3562,94,True
4,703,3469,3594,125,True
13,685,3469,3594,125,True
16,735,3469,3594,125,True
17,666,3469,3594,125,True
18,696,3469,3594,125,True
21,672,3469,3594,125,True
31,698,3469,3594,125,True
34,685,3469,3594,125,True
42,712,3469,3594,125,True
52,679,3469,,,False
74,707,3469,3562,93,True
77,699,3469,3562,93,True
86,707,3469,3562,93,True
89,687,3469,3562,93,True
98,682,3469,3562,93,True
2,709,3470,3646,176,True
4,704,3470,3594,124,True
5,680,3470,3594,124,True
7,658,3470,3594,124,True
14,690,3470,3594,124,True
22,720,3470,3594,124,True
25,696,3470,3646,176,True
31,699,3470,3594,124,True
39,657,3470,3594,124,True
42,713,3470,3594,124,True
43,657,3470,3594,124,True
45,650,3470,3594,124,True
46,685,3470,3594,124,True
48,721,3470,3594,124,True
51,682,3470,3562,92,True
53,676,3470,3562,92,True
54,755,3470,3562,92,True
60,659,3470,3562,92,True
70,714,3470,3562,92,True
74,708,3470,3562,92,True
75,712,3470,3562,92,True
80,729,3470,3562,92,True
83,678,3470,3562,92,True
84,716,3470,3562,92,True
89,688,3470,3562,92,True
95,688,3470,3562,92,True
5,681,3471,3594,123,True
9,724,3471,3594,123,True
11,685,3471,3594,123,True
25,697,3471,3646,175,True
31,700,3471,3594,123,True
43,658,3471,3594,123,True
46,686,3471,3594,123,True
47,661,3471,3594,123,True
48,722,3471,3594,123,True
49,711,3471,3594,123,True
55,651,3471,3562,91,True
57,674,3471,3562,91,True
71,695,3471,3562,91,True
78,714,3471,3614,143,True
83,679,3471,3562,91,True
85,681,3471,3562,91,True
89,689,3471,3562,91,True
90,703,3471,3562,91,True
94,691,3471,3614,143,True
96,661,3471,3562,91,True
97,681,3471,3562,91,True
99,689,3471,3562,91,True
4,705,3472,3594,122,True
7,659,3472,3646,174,True
15,697,3472,3594,122,True
26,684,3472,3594,122,True
36,721,3472,3594,122,True
37,679,3472,3594,122,True
39,658,3472,3594,122,True
42,714,3472,3594,122,True
55,652,3472,3562,90,True
57,675,3472,3562,90,True
61,686,3472,3562,90,True
63,725,3472,3562,90,True
65,676,3472,3562,90,True
80,730,3472,3562,90,True
81,637,3472,3562,90,True
82,704,3472,3562,90,True
92,731,3472,3562,90,True
97,682,3472,3562,90,True
98,683,3472,3564,92,True
1,708,3473,3594,121,True
10,704,3473,3594,121,True
11,686,3473,3594,121,True
12,699,3473,3594,121,True
13,686,3473,3594,121,True
14,691,3473,3594,121,True
31,701,3473,3594,121,True
32,698,3473,3594,121,True
42,715,3473,3594,121,True
44,702,3473,3594,121,True
57,676,3473,3562,89,True
58,683,3473,3562,89,True
60,660,3473,3562,89,True
72,691,3473,3562,89,True
74,709,3473,3562,89,True
75,713,3473,3562,89,True
84,717,3473,3562,89,True
85,682,3473,3562,89,True
89,690,3473,3562,89,True
94,692,3473,3614,141,True
96,662,3473,3562,89,True
1,709,3474,3594,120,True
3,724,3474,3594,120,True
10,705,3474,3594,120,True
15,698,3474,3594,120,True
19,666,3474,3594,120,True
28,709,3474,3594,120,True
31,702,3474,3594,120,True
32,699,3474,3594,120,True
39,659,3474,3594,120,True
46,687,3474,3594,120,True
47,662,3474,3594,120,True
50,663,3474,3562,88,True
58,684,3474,3562,88,True
60,661,3474,3562,88,True
63,726,3474,3562,88,True
67,674,3474,3562,88,True
69,714,3474,3562,88,True
77,700,3474,3562,88,True
85,683,3474,3562,88,True
92,732,3474,3562,88,True
96,663,3474,3562,88,True
98,684,3474,3564,90,True
3,725,3475,3594,119,True
4,706,3475,3594,119,True
5,682,3475,3594,119,True
10,706,3475,3594,119,True
23,701,3475,3594,119,True
25,698,3475,3646,171,True
34,686,3475,3594,119,True
46,688,3475,3594,119,True
55,653,3475,3562,87,True
56,690,3475,3562,87,True
62,679,3475,3562,87,True
63,727,3475,3562,87,True
75,714,3475,3562,87,True
78,715,3475,3614,139,True
81,638,3475,3562,87,True
85,684,3475,3562,87,True
86,708,3475,3562,87,True
87,660,3475,3562,87,True
95,689,3475,3562,87,True
1,710,3476,3594,118,True
2,710,3476,3646,170,True
6,689,3476,3594,118,True
7,660,3476,3646,170,True
8,682,3476,3594,118,True
11,687,3476,3594,118,True
37,680,3476,3594,118,True
40,774,3476,3594,118,True
42,716,3476,3594,118,True
43,659,3476,3594,118,True
44,703,3476,3594,118,True
49,712,3476,3594,118,True
52,680,3476,,,False
55,654,3476,3562,86,True
57,677,3476,3562,86,True
58,685,3476,3562,86,True
66,672,3476,3562,86,True
68,719,3476,3562,86,True
72,692,3476,3562,86,True
73,667,3476,3562,86,True
79,630,3476,3562,86,True
81,639,3476,3562,86,True
88,707,3476,3562,86,True
91,685,3476,3562,86,True
92,733,3476,3562,86,True
95,690,3476,3562,86,True
97,683,3476,3562,86,True
3,726,3477,3594,117,True
6,690,3477,3594,117,True
9,725,3477,3594,117,True
14,692,3477,3594,117,True
16,736,3477,3594,117,True
19,667,3477,3594,117,True
23,702,3477,3594,117,True
27,696,3477,3594,117,True
30,694,3477,3594,117,True
44,704,3477,3594,117,True
52,681,3477,,,False
53,677,3477,3562,85,True
65,677,3477,3562,85,True
79,631,3477,3562,85,True
85,685,3477,3562,85,True
94,693,3477,3614,137,True
95,691,3477,3562,85,True
97,684,3477,3562,85,True
13,687,3478,3594,116,True
14,693,3478,3594,116,True
22,721,3478,3594,116,True
29,680,3478,3594,116,True
37,681,3478,3594,116,True
43,660,3478,3594,116,True
46,689,3478,3594,116,True
50,664,3478,3562,84,True
62,680,3478,3562,84,True
64,743,3478,3562,84,True
71,696,3478,3562,84,True
75,715,3478,3562,84,True
76,696,3478,3562,84,True
77,701,3478,3562,84,True
82,705,3478,3562,84,True
86,709,3478,3562,84,True
90,704,3478,3562,84,True
99,690,3478,3562,84,True
6,691,3479,3594,115,True
7,661,3479,3646,167,True
9,726,3479,3594,115,True
11,688,3479,3594,115,True
12,700,3479,3594,115,True
21,673,3479,3594,115,True
23,703,3479,3594,115,True
24,650,3479,3594,115,True
28,710,3479,3594,115,True
30,695,3479,3594,115,True
35,702,3479,3594,115,True
37,682,3479,3594,115,True
41,705,3479,3594,115,True
43,661,3479,3594,115,True
50,665,3479,3562,83,True
61,687,3479,3562,83,True
72,693,3479,3562,83,True
74,710,3479,3562,83,True
76,697,3479,3562,83,True
77,702,3479,3562,83,True
79,632,3479,3562,83,True
92,734,3479,3562,83,True
94,694,3479,3614,135,True
97,685,3479,3562,83,True
99,691,3479,3562,83,True
11,689,3480,3594,114,True
13,688,3480,3594,114,True
23,704,3480,3594,114,True
25,699,3480,3646,166,True
32,700,3480,3594,114,True
34,687,3480,3594,114,True
35,703,3480,3594,114,True
39,660,3480,3594,114,True
40,775,3480,3594,114,True
43,662,3480,3594,114,True
45,651,3480,3594,114,True
51,683,3480,3562,82,True
54,756,3480,3562,82,True
62,681,3480,3562,82,True
67,675,3480,3614,134,True
73,668,3480,3562,82,True
84,718,3480,3562,82,True
85,686,3480,3562,82,True
89,691,3480,3562,82,True
94,695,3480,3614,134,True
0,734,3481,3594,113,True
2,711,3481,3646,165,True
6,692,3481,3594,113,True
9,727,3481,3594,113,True
10,707,3481,3594,113,True
14,694,3481,3594,113,True
20,676,3481,3594,113,True
34,688,3481,3594,113,True
38,682,3481,3594,113,True
40,776,3481,3594,113,True
47,663,3481,3594,113,True
55,655,3481,3614,133,True
62,682,3481,3562,81,True
78,716,3481,3614,133,True
81,640,3481,3562,81,True
82,706,3481,3562,81,True
94,696,3481,3614,133,True
1,711,3482,3594,112,True
2,712,3482,3646,164,True
14,695,3482,3594,112,True
28,711,3482,3594,112,True
32,701,3482,3594,112,True
33,695,3482,3594,112,True
37,683,3482,3594,112,True
39,661,3482,3594,112,True
43,663,3482,3594,112,True
45,652,3482,3594,112,True
47,664,3482,3594,112,True
48,723,3482,3594,112,True
52,682,3482,,,False
54,757,3482,3562,80,True
55,656,3482,3614,132,True
60,662,3482,3562,80,True
65,678,3482,3562,80,True
75,716,3482,3562,80,True
81,641,3482,3562,80,True
83,680,3482,3562,80,True
93,677,3482,3562,80,True
94,697,3482,3614,132,True
95,692,3482,3564,82,True
97,686,3482,3562,80,True
99,692,3482,3562,80,True
6,693,3483,3594,111,True
8,683,3483,3594,111,True
21,674,3483,3594,111,True
29,681,3483,3594,111,True
31,703,3483,3594,111,True
32,702,3483,3594,111,True
44,705,3483,3594,111,True
45,653,3483,3594,111,True
47,665,3483,3594,111,True
49,713,3483,3594,111,True
57,678,3483,3562,79,True
58,686,3483,3562,79,True
60,663,3483,3562,79,True
61,688,3483,3562,79,True
68,720,3483,3614,131,True
74,711,3483,3562,79,True
85,687,3483,3562,79,True
96,664,3483,3562,79,True
98,685,3483,3564,81,True
99,693,3483,3562,79,True
6,694,3484,3594,110,True
14,696,3484,3594,110,True
24,651,3484,3594,110,True
31,704,3484,3594,110,True
38,683,3484,3594,110,True
41,706,3484,3594,110,True
45,654,3484,3594,110,True
60,664,3484,3562,78,True
61,689,3484,3562,78,True
67,676,3484,3614,130,True
72,694,3484,3562,78,True
73,669,3484,3562,78,True
77,703,3484,3562,78,True
80,731,3484,3562,78,True
84,719,3484,3562,78,True
85,688,3484,3562,78,True
6,695,3485,3594,109,True
11,690,3485,3685,200,True
12,701,3485,3594,109,True
13,689,3485,3594,109,True
17,667,3485,3594,109,True
20,677,3485,3594,109,True
21,675,3485,3594,109,True
29,682,3485,3594,109,True
32,703,3485,3594,109,True
33,696,3485,3594,109,True
43,664,3485,3594,109,True
45,655,3485,3594,109,True
61,690,3485,3562,77,True
64,744,3485,3562,77,True
75,717,3485,3562,77,True
79,633,3485,3562,77,True
80,732,3485,3562,77,True
81,642,3485,3562,77,True
83,681,3485,3562,77,True
90,705,3485,3562,77,True
95,693,3485,3564,79,True
2,713,3486,3646,160,True
5,683,3486,3685,199,True
10,708,3486,3594,108,True
12,702,3486,3594,108,True
24,652,3486,3594,108,True
26,685,3486,3594,108,True
28,712,3486,3594,108,True
30,696,3486,3646,160,True
33,697,3486,3594,108,True
34,689,3486,3594,108,True
38,684,3486,3594,108,True
44,706,3486,3594,108,True
50,666,3486,3562,76,True
57,679,3486,3562,76,True
65,679,3486,3562,76,True
68,721,3486,3614,128,True
78,717,3486,3614,128,True
81,643,3486,3562,76,True
82,707,3486,3562,76,True
87,661,3486,3562,76,True
88,708,3486,3562,76,True
92,735,3486,3562,76,True
94,698,3486,3614,128,True
97,687,3486,3562,76,True
98,686,3486,3564,78,True
0,735,3487,3594,107,True
3,727,3487,3594,107,True
16,737,3487,3594,107,True
18,697,3487,3594,107,True
22,722,3487,3594,107,True
24,653,3487,3594,107,True
30,697,3487,3646,159,True
31,705,3487,3594,107,True
35,704,3487,3646,159,True
36,722,3487,3594,107,True
39,662,3487,3594,107,True
42,717,3487,3594,107,True
44,707,3487,3594,107,True
48,724,3487,3594,107,True
49,714,3487,3594,107,True
50,667,3487,3562,75,True
54,758,3487,3562,75,True
57,680,3487,3562,75,True
58,687,3487,3562,75,True
59,707,3487,3562,75,True
61,691,3487,3562,75,True
64,745,3487,3562,75,True
65,680,3487,3562,75,True
67,677,3487,3614,127,True
72,695,3487,3562,75,True
74,712,3487,3562,75,True
78,718,3487,3614,127,True
83,682,3487,3562,75,True
96,665,3487,3562,75,True
0,736,3488,3594,106,True
2,714,3488,3646,158,True
18,698,3488,3594,106,True
21,676,3488,3594,106,True
25,700,3488,3646,158,True
27,697,3488,3646,158,True
30,698,3488,3646,158,True
32,704,3488,3594,106,True
35,705,3488,3646,158,True
41,707,3488,3594,106,True
42,718,3488,3594,106,True
54,759,3488,3562,74,True
56,691,3488,3562,74,True
60,665,3488,3562,74,True
66,673,3488,3614,126,True
67,678,3488,3614,126,True
72,696,3488,3562,74,True
75,718,3488,3562,74,True
76,698,3488,3562,74,True
78,719,3488,3614,126,True
85,689,3488,3562,74,True
89,692,3488,3614,126,True
92,736,3488,3562,74,True
95,694,3488,3564,76,True
97,688,3488,3562,74,True
98,687,3488,3564,76,True
7,662,3489,3646,157,True
10,709,3489,3594,105,True
15,699,3489,3594,105,True
17,668,3489,3594,105,True
44,708,3489,3594,105,True
45,656,3489,3594,105,True
61,692,3489,3562,73,True
62,683,3489,3562,73,True
63,728,3489,3562,73,True
69,715,3489,3562,73,True
82,708,3489,3562,73,True
86,710,3489,3562,73,True
88,709,3489,3562,73,True
1,712,3490,3594,104,True
4,707,3490,3594,104,True
5,684,3490,3685,195,True
7,663,3490,3646,156,True
8,684,3490,3594,104,True
13,690,3490,3594,104,True
17,669,3490,3594,104,True
31,706,3490,3594,104,True
34,690,3490,3594,104,True
35,706,3490,3646,156,True
37,684,3490,3646,156,True
39,663,3490,3594,104,True
41,708,3490,3594,104,True
46,690,3490,3594,104,True
51,684,3490,3562,72,True
55,657,3490,3614,124,True
56,692,3490,3562,72,True
60,666,3490,3562,72,True
62,684,3490,3562,72,True
70,715,3490,3562,72,True
86,711,3490,3562,72,True
97,689,3490,3562,72,True
0,737,3491,3594,103,True
1,713,3491,3594,103,True
9,728,3491,3646,155,True
12,703,3491,3594,103,True
14,697,3491,3594,103,True
17,670,3491,3594,103,True
23,705,3491,3594,103,True
28,713,3491,3594,103,True
29,683,3491,3594,103,True
37,685,3491,3646,155,True
43,665,3491,3594,103,True
48,725,3491,3594,103,True
50,668,3491,3562,71,True
53,678,3491,3614,123,True
60,667,3491,3562,71,True
61,693,3491,3562,71,True
74,713,3491,3562,71,True
84,720,3491,3562,71,True
87,662,3491,3562,71,True
92,737,3491,3562,71,True
95,695,3491,3564,73,True
1,714,3492,3594,102,True
2,715,3492,3646,154,True
3,728,3492,3594,102,True
5,685,3492,3685,193,True
8,685,3492,3594,102,True
11,691,3492,3685,193,True
16,738,3492,3594,102,True
21,677,3492,3594,102,True
32,705,3492,3594,102,True
36,723,3492,3594,102,True
37,686,3492,3646,154,True
49,715,3492,3594,102,True
54,760,3492,3562,70,True
60,668,3492,3562,70,True
66,674,3492,3614,122,True
68,722,3492,3614,122,True
73,670,3492,3562,70,True
78,720,3492,3614,122,True
81,644,3492,3562,70,True
83,683,3492,3614,122,True
92,738,3492,3562,70,True
95,696,3492,3564,72,True
5,686,3493,3685,192,True
8,686,3493,3594,101,True
18,699,3493,3594,101,True
34,691,3493,3594,101,True
38,685,3493,3594,101,True
42,719,3493,3594,101,True
48,726,3493,3594,101,True
61,694,3493,3562,69,True
63,729,3493,3562,69,True
71,697,3493,3614,121,True
72,697,3493,3562,69,True
73,671,3493,3562,69,True
82,709,3493,3614,121,True
88,710,3493,3562,69,True
89,693,3493,3614,121,True
90,706,3493,3562,69,True
92,739,3493,3625,132,True
99,694,3493,3562,69,True
6,696,3494,3594,100,True
14,698,3494,3594,100,True
18,700,3494,3594,100,True
19,668,3494,3646,152,True
21,678,3494,3594,100,True
30,699,3494,3646,152,True
34,692,3494,3594,100,True
43,666,3494,3594,100,True
58,688,3494,3562,68,True
59,708,3494,3562,68,True
61,695,3494,3562,68,True
63,730,3494,3562,68,True
77,704,3494,3614,120,True
84,721,3494,3562,68,True
85,690,3494,3562,68,True
86,712,3494,3562,68,True
87,663,3494,3562,68,True
95,697,3494,3564,70,True
99,695,3494,3562,68,True
8,687,3495,3594,99,True
19,669,3495,3646,151,True
31,707,3495,3594,99,True
32,706,3495,3594,99,True
33,698,3495,3594,99,True
35,707,3495,3646,151,True
36,724,3495,3594,99,True
39,664,3495,3594,99,True
46,691,3495,3594,99,True
48,727,3495,3594,99,True
50,669,3495,3562,67,True
52,683,3495,,,False
58,689,3495,3562,67,True
64,746,3495,3562,67,True
68,723,3495,3614,119,True
74,714,3495,3562,67,True
77,705,3495,3614,119,True
84,722,3495,3562,67,True
88,711,3495,3614,119,True
89,694,3495,3614,119,True
91,686,3495,3562,67,True
98,688,3495,3564,69,True
1,715,3496,3594,98,True
7,664,3496,3646,150,True
18,701,3496,3594,98,True
27,698,3496,3646,150,True
31,708,3496,3594,98,True
40,777,3496,3594,98,True
53,679,3496,3614,118,True
54,761,3496,3562,66,True
60,669,3496,3562,66,True
65,681,3496,3562,66,True
69,716,3496,3614,118,True
73,672,3496,3562,66,True
75,719,3496,3562,66,True
79,634,3496,3562,66,True
85,691,3496,3562,66,True
90,707,3496,3562,66,True
91,687,3496,3614,118,True
0,738,3497,3594,97,True
4,708,3497,3594,97,True
13,691,3497,3594,97,True
21,679,3497,3594,97,True
23,706,3497,3646,149,True
26,686,3497,3594,97,True
27,699,3497,3646,149,True
29,684,3497,3594,97,True
33,699,3497,3594,97,True
34,693,3497,3594,97,True
43,667,3497,3594,97,True
45,657,3497,3594,97,True
47,666,3497,3594,97,True
53,680,3497,3614,117,True
55,658,3497,3614,117,True
56,693,3497,3562,65,True
57,681,3497,3562,65,True
58,690,3497,3562,65,True
63,731,3497,3614,117,True
68,724,3497,3614,117,True
85,692,3497,3562,65,True
87,664,3497,3562,65,True
88,712,3497,3625,128,True
89,695,3497,3614,117,True
97,690,3497,3614,117,True
3,729,3498,3594,96,True
4,709,3498,3594,96,True
6,697,3498,3594,96,True
9,729,3498,3646,148,True
18,702,3498,3594,96,True
21,680,3498,3594,96,True
28,714,3498,3594,96,True
32,707,3498,3594,96,True
36,725,3498,3594,96,True
38,686,3498,3594,96,True
40,778,3498,3594,96,True
47,667,3498,3594,96,True
48,728,3498,3646,148,True
60,670,3498,3562,64,True
63,732,3498,3614,116,True
67,679,3498,3614,116,True
92,740,3498,3625,127,True
95,698,3498,3564,66,True
17,671,3499,3594,95,True
28,715,3499,3594,95,True
29,685,3499,3594,95,True
30,700,3499,3646,147,True
31,709,3499,3594,95,True
41,709,3499,3594,95,True
43,668,3499,3594,95,True
47,668,3499,3594,95,True
63,733,3499,3614,115,True
66,675,3499,3625,126,True
85,693,3499,3562,63,True
88,713,3499,3625,126,True
91,688,3499,3614,115,True
92,741,3499,3625,126,True
93,678,3499,3614,115,True
94,699,3499,3614,115,True
99,696,3499,3562,63,True
0,739,3500,3594,94,True
2,716,3500,3646,146,True
6,698,3500,3594,94,True
15,700,3500,3594,94,True
25,701,3500,3646,146,True
30,701,3500,3646,146,True
37,687,3500,3646,146,True
45,658,3500,3646,146,True
50,670,3500,3562,62,True
58,691,3500,3562,62,True
65,682,3500,3562,62,True
71,698,3500,3614,114,True
93,679,3500,3614,114,True
0,740,3501,3594,93,True
2,717,3501,3646,145,True
9,730,3501,3646,145,True
17,672,3501,3594,93,True
28,716,3501,3594,93,True
35,708,3501,3646,145,True
36,726,3501,3594,93,True
51,685,3501,3614,113,True
58,692,3501,3562,61,True
64,747,3501,3564,63,True
69,717,3501,3614,113,True
70,716,3501,3562,61,True
73,673,3501,3562,61,True
76,699,3501,3562,61,True
80,733,3501,3614,113,True
81,645,3501,3562,61,True
88,714,3501,3625,124,True
5,687,3502,3685,183,True
9,731,3502,3646,144,True
14,699,3502,3594,92,True
15,701,3502,3594,92,True
17,673,3502,3594,92,True
30,702,3502,3646,144,True
37,688,3502,3646,144,True
41,710,3502,3594,92,True
44,709,3502,3646,144,True
45,659,3502,3646,144,True
47,669,3502,3594,92,True
50,671,3502,3562,60,True
70,717,3502,3562,60,True
73,674,3502,3562,60,True
75,720,3502,3562,60,True
79,635,3502,3562,60,True
85,694,3502,3562,60,True
87,665,3502,3562,60,True
91,689,3502,3614,112,True
95,699,3502,3564,62,True
96,666,3502,3614,112,True
97,691,3502,3614,112,True
99,697,3502,3562,60,True
9,732,3503,3646,143,True
14,700,3503,3594,91,True
20,678,3503,3594,91,True
26,687,3503,3594,91,True
36,727,3503,3594,91,True
39,665,3503,3594,91,True
44,710,3503,3646,143,True
45,660,3503,3646,143,True
50,672,3503,3562,59,True
60,671,3503,3614,111,True
61,696,3503,3562,59,True
63,734,3503,3614,111,True
72,698,3503,3614,111,True
79,636,3503,3562,59,True
82,710,3503,3614,111,True
0,741,3504,3594,90,True
1,716,3504,3594,90,True
9,733,3504,3646,142,True
15,702,3504,3594,90,True
17,674,3504,3594,90,True
19,670,3504,3646,142,True
21,681,3504,3594,90,True
22,723,3504,3594,90,True
28,717,3504,3594,90,True
33,700,3504,3594,90,True
37,689,3504,3646,142,True
41,711,3504,3646,142,True
44,711,3504,3646,142,True
58,693,3504,3562,58,True
59,709,3504,3562,58,True
64,748,3504,3564,60,True
72,699,3504,3614,110,True
81,646,3504,3562,58,True
84,723,3504,3614,110,True
86,713,3504,3562,58,True
95,700,3504,3614,110,True
96,667,3504,3614,110,True
0,742,3505,3594,89,True
10,710,3505,3594,89,True
15,703,3505,3594,89,True
22,724,3505,3594,89,True
35,709,3505,3646,141,True
43,669,3505,3594,89,True
50,673,3505,3562,57,True
60,672,3505,3614,109,True
62,685,3505,3614,109,True
73,675,3505,3562,57,True
74,715,3505,3614,109,True
75,721,3505,3562,57,True
81,647,3505,3562,57,True
88,715,3505,3625,120,True
2,718,3506,3646,140,True
12,704,3506,3594,88,True
23,707,3506,3646,140,True
28,718,3506,3594,88,True
40,779,3506,3594,88,True
49,716,3506,3594,88,True
58,694,3506,3614,108,True
59,710,3506,3562,56,True
69,718,3506,3614,108,True
72,700,3506,3614,108,True
79,637,3506,3562,56,True
82,711,3506,3614,108,True
97,692,3506,3614,108,True
0,743,3507,3594,87,True
6,699,3507,3594,87,True
13,692,3507,3594,87,True
15,704,3507,3594,87,True
18,703,3507,3594,87,True
27,700,3507,3646,139,True
35,710,3507,3646,139,True
40,780,3507,3594,87,True
44,712,3507,3646,139,True
47,670,3507,3594,87,True
49,717,3507,3594,87,True
81,648,3507,3614,107,True
82,712,3507,3614,107,True
86,714,3507,3562,55,True
92,742,3507,3625,118,True
96,668,3507,3614,107,True
2,719,3508,3646,138,True
17,675,3508,3594,86,True
18,704,3508,3594,86,True
21,682,3508,3594,86,True
22,725,3508,3594,86,True
25,702,3508,3646,138,True
28,719,3508,3646,138,True
38,687,3508,3646,138,True
41,712,3508,3646,138,True
53,681,3508,3614,106,True
65,683,3508,3614,106,True
69,719,3508,3614,106,True
70,718,3508,3564,56,True
76,700,3508,3562,54,True
82,713,3508,3614,106,True
87,666,3508,3562,54,True
3,730,3509,3594,85,True
9,734,3509,3646,137,True
11,692,3509,3685,176,True
13,693,3509,3594,85,True
16,739,3509,3685,176,True
18,705,3509,3594,85,True
21,683,3509,3594,85,True
27,701,3509,3646,137,True
30,703,3509,3646,137,True
35,711,3509,3646,137,True
40,781,3509,3594,85,True
56,694,3509,3614,105,True
59,711,3509,3614,105,True
63,735,3509,3614,105,True
72,701,3509,3614,105,True
73,676,3509,3562,53,True
76,701,3509,3562,53,True
84,724,3509,3614,105,True
85,695,3509,3562,53,True
86,715,3509,3562,53,True
91,690,3509,3614,105,True
95,701,3509,3614,105,True
7,665,3510,3646,136,True
21,684,3510,3594,84,True
28,720,3510,3646,136,True
30,704,3510,3646,136,True
37,690,3510,3646,136,True
46,692,3510,3594,84,True
52,684,3510,,,False
61,697,3510,3594,84,True
63,736,3510,3614,104,True
67,680,3510,3614,104,True
83,684,3510,3614,104,True
86,716,3510,3562,52,True
96,669,3510,3614,104,True
1,717,3511,3646,135,True
7,666,3511,3646,135,True
10,711,3511,3594,83,True
22,726,3511,3594,83,True
23,708,3511,3646,135,True
27,702,3511,3646,135,True
38,688,3511,3646,135,True
39,666,3511,3646,135,True
41,713,3511,3646,135,True
44,713,3511,3646,135,True
46,693,3511,3594,83,True
48,729,3511,3646,135,True
51,686,3511,3614,103,True
52,685,3511,,,False
55,659,3511,3614,103,True
58,695,3511,3614,103,True
59,712,3511,3614,103,True
62,686,3511,3614,103,True
72,702,3511,3614,103,True
77,706,3511,3614,103,True
82,714,3511,3614,103,True
84,725,3511,3614,103,True
89,696,3511,3614,103,True
90,708,3511,3614,103,True
3,731,3512,3594,82,True
4,710,3512,3594,82,True
5,688,3512,3685,173,True
15,705,3512,3646,134,True
21,685,3512,3594,82,True
24,654,3512,3646,134,True
32,708,3512,3646,134,True
34,694,3512,3646,134,True
49,718,3512,3594,82,True
52,686,3512,,,False
56,695,3512,3614,102,True
58,696,3512,3614,102,True
62,687,3512,3614,102,True
67,681,3512,3614,102,True
85,696,3512,3562,50,True
92,743,3512,3625,113,True
93,680,3512,3614,102,True
94,700,3512,3614,102,True
95,702,3512,3614,102,True
96,670,3512,3614,102,True
99,698,3512,3614,102,True
4,711,3513,3594,81,True
7,667,3513,3646,133,True
13,694,3513,3594,81,True
15,706,3513,3646,133,True
19,671,3513,3646,133,True
23,709,3513,3646,133,True
25,703,3513,3646,133,True
27,703,3513,3646,133,True
28,721,3513,3646,133,True
42,720,3513,3594,81,True
46,694,3513,3646,133,True
51,687,3513,3614,101,True
66,676,3513,3625,112,True
71,699,3513,3614,101,True
88,716,3513,3625,112,True
89,697,3513,3614,101,True
95,703,3513,3614,101,True
98,689,3513,3564,51,True
99,699,3513,3614,101,True
0,744,3514,3594,80,True
4,712,3514,3594,80,True
11,693,3514,3685,171,True
18,706,3514,3594,80,True
19,672,3514,3646,132,True
22,727,3514,3646,132,True
36,728,3514,3646,132,True
37,691,3514,3646,132,True
45,661,3514,3646,132,True
52,687,3514,,,False
54,762,3514,3625,111,True
59,713,3514,3614,100,True
61,698,3514,3594,80,True
70,719,3514,3564,50,True
80,734,3514,3614,100,True
83,685,3514,3614,100,True
84,726,3514,3614,100,True
88,717,3514,3625,111,True
90,709,3514,3614,100,True
91,691,3514,3614,100,True
93,681,3514,3614,100,True
98,690,3514,3564,50,True
1,718,3515,3646,131,True
11,694,3515,3685,170,True
12,705,3515,3646,131,True
13,695,3515,3646,131,True
14,701,3515,3594,79,True
16,740,3515,3685,170,True
19,673,3515,3646,131,True
22,728,3515,3646,131,True
24,655,3515,3646,131,True
31,710,3515,3594,79,True
32,709,3515,3646,131,True
36,729,3515,3646,131,True
41,714,3515,3646,131,True
44,714,3515,3646,131,True
49,719,3515,3594,79,True
63,737,3515,3614,99,True
64,749,3515,3564,49,True
78,721,3515,3614,99,True
80,735,3515,3614,99,True
85,697,3515,3614,99,True
86,717,3515,3614,99,True
89,698,3515,3614,99,True
97,693,3515,3614,99,True
5,689,3516,3685,169,True
8,688,3516,3594,78,True
14,702,3516,3594,78,True
25,704,3516,3646,130,True
26,688,3516,3646,130,True
36,730,3516,3646,130,True
40,782,3516,3685,169,True
41,715,3516,3646,130,True
49,720,3516,3594,78,True
53,682,3516,3614,98,True
56,696,3516,3614,98,True
58,697,3516,3614,98,True
63,738,3516,3614,98,True
76,702,3516,3614,98,True
77,707,3516,3614,98,True
93,682,3516,3614,98,True
99,700,3516,3614,98,True
8,689,3517,3594,77,True
10,712,3517,3685,168,True
13,696,3517,3646,129,True
20,679,3517,3594,77,True
25,705,3517,3646,129,True
26,689,3517,3646,129,True
35,712,3517,3646,129,True
39,667,3517,3646,129,True
41,716,3517,3646,129,True
46,695,3517,3646,129,True
50,674,3517,3614,97,True
57,682,3517,3594,77,True
62,688,3517,3614,97,True
67,682,3517,3614,97,True
74,716,3517,3614,97,True
76,703,3517,3614,97,True
77,708,3517,3614,97,True
79,638,3517,3584,67,True
93,683,3517,3614,97,True
3,732,3518,3646,128,True
4,713,3518,3594,76,True
5,690,3518,3685,167,True
8,690,3518,3594,76,True
12,706,3518,3646,128,True
17,676,3518,3646,128,True
18,707,3518,3646,128,True
22,729,3518,3646,128,True
23,710,3518,3646,128,True
30,705,3518,3646,128,True
31,711,3518,3594,76,True
37,692,3518,3646,128,True
38,689,3518,3646,128,True
41,717,3518,3646,128,True
44,715,3518,3646,128,True
48,730,3518,3646,128,True
50,675,3518,3614,96,True
56,697,3518,3614,96,True
58,698,3518,3614,96,True
63,739,3518,3614,96,True
71,700,3518,3614,96,True
75,722,3518,3614,96,True
76,704,3518,3614,96,True
78,722,3518,3614,96,True
81,649,3518,3625,107,True
82,715,3518,3614,96,True
86,718,3518,3614,96,True
95,704,3518,3614,96,True
3,733,3519,3646,127,True
7,668,3519,3646,127,True
8,691,3519,3594,75,True
21,686,3519,3594,75,True
22,730,3519,3646,127,True
30,706,3519,3646,127,True
34,695,3519,3646,127,True
40,783,3519,3685,166,True
42,721,3519,3646,127,True
48,731,3519,3646,127,True
49,721,3519,3594,75,True
50,676,3519,3614,95,True
51,688,3519,3614,95,True
55,660,3519,3625,106,True
56,698,3519,3614,95,True
64,750,3519,3564,45,True
73,677,3519,3614,95,True
75,723,3519,3614,95,True
78,723,3519,3614,95,True
88,718,3519,3625,106,True
95,705,3519,3614,95,True
98,691,3519,3614,95,True
4,714,3520,3646,126,True
13,697,3520,3646,126,True
32,710,3520,3646,126,True
37,693,3520,3646,126,True
46,696,3520,3646,126,True
49,722,3520,3594,74,True
63,740,3520,3614,94,True
67,683,3520,3614,94,True
74,717,3520,3614,94,True
77,709,3520,3614,94,True
78,724,3520,3614,94,True
94,701,3520,3614,94,True
96,671,3520,3734,214,True
3,734,3521,3646,125,True
5,691,3521,3685,164,True
12,707,3521,3646,125,True
14,703,3521,3594,73,True
30,707,3521,3646,125,True
31,712,3521,3646,125,True
35,713,3521,3646,125,True
36,731,3521,3685,164,True
37,694,3521,3646,125,True
42,722,3521,3646,125,True
50,677,3521,3614,93,True
53,683,3521,3625,104,True
55,661,3521,3625,104,True
56,699,3521,3614,93,True
60,673,3521,3614,93,True
61,699,3521,3594,73,True
78,725,3521,3614,93,True
82,716,3521,3614,93,True
85,698,3521,3614,93,True
86,719,3521,3614,93,True
91,692,3521,3614,93,True
93,684,3521,3614,93,True
96,672,3521,3734,213,True
98,692,3521,3614,93,True
2,720,3522,3646,124,True
3,735,3522,3646,124,True
6,700,3522,3646,124,True
8,692,3522,3594,72,True
11,695,3522,3685,163,True
19,674,3522,3646,124,True
22,731,3522,3646,124,True
24,656,3522,3646,124,True
25,706,3522,3646,124,True
27,704,3522,3646,124,True
29,686,3522,3594,72,True
32,711,3522,3646,124,True
33,701,3522,3594,72,True
42,723,3522,3646,124,True
43,670,3522,3646,124,True
50,678,3522,3614,92,True
54,763,3522,3625,103,True
57,683,3522,3594,72,True
63,741,3522,3614,92,True
77,710,3522,3614,92,True
84,727,3522,3614,92,True
85,699,3522,3614,92,True
86,720,3522,3614,92,True
90,710,3522,3614,92,True
93,685,3522,3734,212,True
97,694,3522,3614,92,True
0,745,3523,3685,162,True
8,693,3523,3594,71,True
13,698,3523,3646,123,True
22,732,3523,3646,123,True
28,722,3523,3646,123,True
35,714,3523,3646,123,True
57,684,3523,3594,71,True
59,714,3523,3614,91,True
61,700,3523,3594,71,True
62,689,3523,3614,91,True
63,742,3523,3614,91,True
65,684,3523,3614,91,True
68,725,3523,3614,91,True
70,720,3523,3614,91,True
72,703,3523,3614,91,True
73,678,3523,3614,91,True
80,736,3523,3614,91,True
85,700,3523,3614,91,True
91,693,3523,3614,91,True
5,692,3524,3685,161,True
6,701,3524,3646,122,True
10,713,3524,3685,161,True
11,696,3524,3685,161,True
13,699,3524,3646,122,True
19,675,3524,3646,122,True
24,657,3524,3646,122,True
26,690,3524,3646,122,True
38,690,3524,3646,122,True
53,684,3524,3625,101,True
54,764,3524,3625,101,True
57,685,3524,3594,70,True
71,701,3524,3614,90,True
91,694,3524,3614,90,True
3,736,3525,3646,121,True
4,715,3525,3646,121,True
7,669,3525,3646,121,True
11,697,3525,3685,160,True
22,733,3525,3646,121,True
29,687,3525,3594,69,True
30,708,3525,3646,121,True
39,668,3525,3646,121,True
41,718,3525,3646,121,True
45,662,3525,3646,121,True
46,697,3525,3646,121,True
51,689,3525,3625,100,True
54,765,3525,3625,100,True
61,701,3525,3594,69,True
62,690,3525,3614,89,True
63,743,3525,3625,100,True
77,711,3525,3614,89,True
86,721,3525,3614,89,True
90,711,3525,3614,89,True
92,744,3525,3625,100,True
99,701,3525,3614,89,True
0,746,3526,3685,159,True
3,737,3526,3646,120,True
4,716,3526,3646,120,True
8,694,3526,3685,159,True
11,698,3526,3685,159,True
23,711,3526,3646,120,True
26,691,3526,3646,120,True
27,705,3526,3646,120,True
29,688,3526,3594,68,True
30,709,3526,3646,120,True
39,669,3526,3646,120,True
45,663,3526,3646,120,True
48,732,3526,3646,120,True
52,688,3526,,,False
70,721,3526,3614,88,True
75,724,3526,3614,88,True
85,701,3526,3614,88,True
86,722,3526,3614,88,True
87,667,3526,3614,88,True
89,699,3526,3734,208,True
90,712,3526,3614,88,True
92,745,3526,3625,99,True
93,686,3526,3734,208,True
98,693,3526,3614,88,True
1,719,3527,3646,119,True
21,687,3527,3685,158,True
31,713,3527,3646,119,True
35,715,3527,3646,119,True
39,670,3527,3685,158,True
46,698,3527,3646,119,True
50,679,3527,3614,87,True
53,685,3527,3625,98,True
57,686,3527,3594,67,True
64,751,3527,3614,87,True
68,726,3527,3614,87,True
71,702,3527,3614,87,True
78,726,3527,3614,87,True
94,702,3527,3614,87,True
1,720,3528,3685,157,True
2,721,3528,3646,118,True
7,670,3528,3646,118,True
9,735,3528,3646,118,True
22,734,3528,3646,118,True
23,712,3528,3646,118,True
30,710,3528,3646,118,True
31,714,3528,3646,118,True
35,716,3528,3646,118,True
36,732,3528,3685,157,True
38,691,3528,3646,118,True
40,784,3528,3685,157,True
42,724,3528,3646,118,True
48,733,3528,3646,118,True
51,690,3528,3625,97,True
53,686,3528,3625,97,True
64,752,3528,3614,86,True
65,685,3528,3614,86,True
68,727,3528,3614,86,True
77,712,3528,3614,86,True
80,737,3528,3614,86,True
84,728,3528,3614,86,True
90,713,3528,3614,86,True
94,703,3528,3614,86,True
99,702,3528,3614,86,True
0,747,3529,3685,156,True
1,721,3529,3685,156,True
2,722,3529,3646,117,True
9,736,3529,3646,117,True
12,708,3529,3646,117,True
15,707,3529,3646,117,True
21,688,3529,3685,156,True
24,658,3529,3646,117,True
29,689,3529,3685,156,True
40,785,3529,3685,156,True
43,671,3529,3646,117,True
59,715,3529,3614,85,True
60,674,3529,3614,85,True
68,728,3529,3614,85,True
69,720,3529,3614,85,True
70,722,3529,3614,85,True
83,686,3529,3625,96,True
88,719,3529,3625,96,True
93,687,3529,3734,205,True
96,673,3529,3734,205,True
97,695,3529,3614,85,True
3,738,3530,3685,155,True
6,702,3530,3646,116,True
9,737,3530,3646,116,True
10,714,3530,3685,155,True
24,659,3530,3646,116,True
31,715,3530,3646,116,True
37,695,3530,3646,116,True
44,716,3530,3646,116,True
45,664,3530,3646,116,True
74,718,3530,3614,84,True
76,705,3530,3625,95,True
80,738,3530,3614,84,True
86,723,3530,3614,84,True
92,746,3530,3625,95,True
1,722,3531,3685,154,True
6,703,3531,3646,115,True
12,709,3531,3646,115,True
14,704,3531,3594,63,True
18,708,3531,3646,115,True
22,735,3531,3646,115,True
29,690,3531,3685,154,True
30,711,3531,3646,115,True
31,716,3531,3646,115,True
35,717,3531,3646,115,True
38,692,3531,3646,115,True
42,725,3531,3646,115,True
57,687,3531,3614,83,True
61,702,3531,3614,83,True
77,713,3531,3614,83,True
83,687,3531,3625,94,True
85,702,3531,3614,83,True
86,724,3531,3614,83,True
87,668,3531,3614,83,True
1,723,3532,3685,153,True
7,671,3532,3685,153,True
9,738,3532,3646,114,True
10,715,3532,3685,153,True
27,706,3532,3646,114,True
28,723,3532,3646,114,True
31,717,3532,3646,114,True
32,712,3532,3646,114,True
38,693,3532,3646,114,True
39,671,3532,3685,153,True
42,726,3532,3646,114,True
43,672,3532,3646,114,True
55,662,3532,3625,93,True
70,723,3532,3614,82,True
71,703,3532,3625,93,True
76,706,3532,3625,93,True
81,650,3532,3625,93,True
84,729,3532,3614,82,True
89,700,3532,3734,202,True
94,704,3532,3614,82,True
96,674,3532,3734,202,True
2,723,3533,3685,152,True
4,717,3533,3646,113,True
11,699,3533,3685,152,True
20,680,3533,3646,113,True
27,707,3533,3646,113,True
44,717,3533,3685,152,True
45,665,3533,3646,113,True
50,680,3533,3614,81,True
51,691,3533,3625,92,True
59,716,3533,3625,92,True
62,691,3533,3625,92,True
64,753,3533,3614,81,True
65,686,3533,3614,81,True
73,679,3533,3614,81,True
78,727,3533,3625,92,True
81,651,3533,3625,92,True
82,717,3533,3625,92,True
83,688,3533,3625,92,True
85,703,3533,3614,81,True
92,747,3533,3625,92,True
94,705,3533,3614,81,True
97,696,3533,3614,81,True
0,748,3534,3685,151,True
4,718,3534,3646,112,True
12,710,3534,3646,112,True
18,709,3534,3646,112,True
19,676,3534,3646,112,True
21,689,3534,3685,151,True
26,692,3534,3646,112,True
27,708,3534,3646,112,True
29,691,3534,3685,151,True
31,718,3534,3646,112,True
41,719,3534,3646,112,True
43,673,3534,3685,151,True
46,699,3534,3646,112,True
52,689,3534,,,False
54,766,3534,3625,91,True
60,675,3534,3625,91,True
68,729,3534,3614,80,True
70,724,3534,3614,80,True
89,701,3534,3734,200,True
99,703,3534,3614,80,True
0,749,3535,3685,150,True
8,695,3535,3685,150,True
10,716,3535,3685,150,True
27,709,3535,3646,111,True
30,712,3535,3646,111,True
37,696,3535,3646,111,True
42,727,3535,3646,111,True
46,700,3535,3646,111,True
48,734,3535,3685,150,True
53,687,3535,3625,90,True
57,688,3535,3614,79,True
60,676,3535,3625,90,True
66,677,3535,3625,90,True
68,730,3535,3614,79,True
69,721,3535,3625,90,True
70,725,3535,3614,79,True
71,704,3535,3625,90,True
85,704,3535,3614,79,True
94,706,3535,3625,90,True
97,697,3535,3614,79,True
0,750,3536,3685,149,True
4,719,3536,3646,110,True
10,717,3536,3685,149,True
16,741,3536,3685,149,True
21,690,3536,3685,149,True
28,724,3536,3646,110,True
39,672,3536,3685,149,True
41,720,3536,3646,110,True
42,728,3536,3646,110,True
43,674,3536,3685,149,True
48,735,3536,3685,149,True
61,703,3536,3614,78,True
71,705,3536,3625,89,True
81,652,3536,3625,89,True
89,702,3536,3734,198,True
92,748,3536,3625,89,True
98,694,3536,3614,78,True
2,724,3537,3685,148,True
15,708,3537,3646,109,True
17,677,3537,3646,109,True
30,713,3537,3646,109,True
31,719,3537,3646,109,True
35,718,3537,3646,109,True
36,733,3537,3685,148,True
38,694,3537,3646,109,True
41,721,3537,3646,109,True
44,718,3537,3725,188,True
46,701,3537,3646,109,True
52,690,3537,,,False
53,688,3537,3625,88,True
56,700,3537,3614,77,True
58,699,3537,3614,77,True
59,717,3537,3625,88,True
73,680,3537,3625,88,True
77,714,3537,3614,77,True
82,718,3537,3625,88,True
86,725,3537,3614,77,True
89,703,3537,3734,197,True
90,714,3537,3614,77,True
91,695,3537,3614,77,True
95,706,3537,3646,109,True
0,751,3538,3685,147,True
2,725,3538,3685,147,True
4,720,3538,3646,108,True
11,700,3538,3685,147,True
12,711,3538,3646,108,True
19,677,3538,3685,147,True
27,710,3538,3646,108,True
35,719,3538,3646,108,True
46,702,3538,3646,108,True
53,689,3538,3625,87,True
55,663,3538,3625,87,True
62,692,3538,3625,87,True
69,722,3538,3625,87,True
71,706,3538,3625,87,True
76,707,3538,3625,87,True
85,705,3538,3614,76,True
89,704,3538,3734,196,True
99,704,3538,3625,87,True
8,696,3539,3685,146,True
10,718,3539,3685,146,True
18,710,3539,3646,107,True
21,691,3539,3685,146,True
25,707,3539,3646,107,True
34,696,3539,3646,107,True
35,720,3539,3646,107,True
39,673,3539,3685,146,True
49,723,3539,3646,107,True
51,692,3539,3625,86,True
55,664,3539,3625,86,True
59,718,3539,3625,86,True
63,744,3539,3625,86,True
65,687,3539,3614,75,True
73,681,3539,3625,86,True
80,739,3539,3625,86,True
89,705,3539,3734,195,True
99,705,3539,3625,86,True
1,724,3540,3685,145,True
4,721,3540,3685,145,True
11,701,3540,3685,145,True
15,709,3540,3646,106,True
18,711,3540,3646,106,True
19,678,3540,3685,145,True
25,708,3540,3646,106,True
29,692,3540,3685,145,True
31,720,3540,3646,106,True
34,697,3540,3646,106,True
42,729,3540,3646,106,True
44,719,3540,3725,185,True
45,666,3540,3646,106,True
46,703,3540,3646,106,True
57,689,3540,3614,74,True
59,719,3540,3625,85,True
79,639,3540,3614,74,True
83,689,3540,3625,85,True
95,707,3540,3646,106,True
1,725,3541,3685,144,True
4,722,3541,3685,144,True
12,712,3541,3646,105,True
20,681,3541,3646,105,True
23,713,3541,3646,105,True
25,709,3541,3646,105,True
40,786,3541,3685,144,True
43,675,3541,3685,144,True
49,724,3541,3646,105,True
51,693,3541,3625,84,True
60,677,3541,3625,84,True
61,704,3541,3614,73,True
71,707,3541,3625,84,True
73,682,3541,3625,84,True
80,740,3541,3625,84,True
84,730,3541,3614,73,True
87,669,3541,3625,84,True
90,715,3541,3625,84,True
92,749,3541,3625,84,True
19,679,3542,3685,143,True
27,711,3542,3646,104,True
32,713,3542,3685,143,True
37,697,3542,3685,143,True
44,720,3542,3725,183,True
60,678,3542,3625,83,True
68,731,3542,3646,104,True
70,726,3542,3614,72,True
71,708,3542,3625,83,True
80,741,3542,3625,83,True
83,690,3542,3646,104,True
84,731,3542,3614,72,True
87,670,3542,3625,83,True
0,752,3543,3685,142,True
2,726,3543,3685,142,True
6,704,3543,3685,142,True
7,672,3543,3685,142,True
10,719,3543,3685,142,True
15,710,3543,3646,103,True
24,660,3543,3646,103,True
26,693,3543,3646,103,True
32,714,3543,3685,142,True
37,698,3543,3685,142,True
38,695,3543,3685,142,True
46,704,3543,3646,103,True
47,671,3543,3685,142,True
60,679,3543,3625,82,True
63,745,3543,3625,82,True
72,704,3543,3614,71,True
75,725,3543,3625,82,True
82,719,3543,3625,82,True
92,750,3543,3625,82,True
5,693,3544,3685,141,True
6,705,3544,3685,141,True
20,682,3544,3646,102,True
22,736,3544,3646,102,True
24,661,3544,3646,102,True
29,693,3544,3685,141,True
36,734,3544,3685,141,True
46,705,3544,3646,102,True
47,672,3544,3685,141,True
50,681,3544,3625,81,True
51,694,3544,3625,81,True
52,691,3544,,,False
53,690,3544,3646,102,True
54,767,3544,3625,81,True
62,693,3544,3734,190,True
63,746,3544,3625,81,True
64,754,3544,3614,70,True
66,678,3544,3625,81,True
68,732,3544,3646,102,True
70,727,3544,3614,70,True
75,726,3544,3625,81,True
77,715,3544,3625,81,True
79,640,3544,3614,70,True
96,675,3544,3734,190,True
99,706,3544,3625,81,True
6,706,3545,3685,140,True
9,739,3545,3685,140,True
22,737,3545,3646,101,True
27,712,3545,3685,140,True
31,721,3545,3646,101,True
42,730,3545,3646,101,True
44,721,3545,3725,180,True
49,725,3545,3685,140,True
52,692,3545,,,False
53,691,3545,3646,101,True
56,701,3545,3625,80,True
57,690,3545,3614,69,True
62,694,3545,3734,189,True
71,709,3545,3625,80,True
77,716,3545,3625,80,True
78,728,3545,3625,80,True
79,641,3545,3625,80,True
80,742,3545,3625,80,True
87,671,3545,3625,80,True
92,751,3545,3625,80,True
97,698,3545,3614,69,True
98,695,3545,3614,69,True
4,723,3546,3685,139,True
5,694,3546,3685,139,True
8,697,3546,3685,139,True
9,740,3546,3685,139,True
14,705,3546,3685,139,True
19,680,3546,3685,139,True
20,683,3546,3646,100,True
30,714,3546,3646,100,True
32,715,3546,3685,139,True
45,667,3546,3646,100,True
48,736,3546,3685,139,True
50,682,3546,3625,79,True
53,692,3546,3646,100,True
54,768,3546,3625,79,True
56,702,3546,3625,79,True
68,733,3546,3646,100,True
70,728,3546,3614,68,True
74,719,3546,3625,79,True
87,672,3546,3625,79,True
88,720,3546,3625,79,True
89,706,3546,3734,188,True
92,752,3546,3625,79,True
94,707,3546,3625,79,True
1,726,3547,3685,138,True
4,724,3547,3685,138,True
10,720,3547,3685,138,True
18,712,3547,3646,99,True
22,738,3547,3646,99,True
23,714,3547,3685,138,True
28,725,3547,3646,99,True
31,722,3547,3646,99,True
39,674,3547,3685,138,True
43,676,3547,3685,138,True
44,722,3547,3725,178,True
45,668,3547,3646,99,True
52,693,3547,,,False
73,683,3547,3625,78,True
78,729,3547,3625,78,True
81,653,3547,3625,78,True
85,706,3547,3625,78,True
87,673,3547,3625,78,True
94,708,3547,3625,78,True
95,708,3547,3646,99,True
7,673,3548,3685,137,True
18,713,3548,3646,98,True
23,715,3548,3685,137,True
24,662,3548,3726,178,True
26,694,3548,3646,98,True
37,699,3548,3685,137,True
39,675,3548,3685,137,True
44,723,3548,3725,177,True
49,726,3548,3685,137,True
54,769,3548,3625,77,True
63,747,3548,3625,77,True
70,729,3548,3614,66,True
80,743,3548,3625,77,True
87,674,3548,3625,77,True
90,716,3548,3625,77,True
92,753,3548,3625,77,True
4,725,3549,3685,136,True
10,721,3549,3685,136,True
12,713,3549,3685,136,True
14,706,3549,3685,136,True
19,681,3549,3685,136,True
24,663,3549,3726,177,True
25,710,3549,3685,136,True
26,695,3549,3646,97,True
40,787,3549,3685,136,True
42,731,3549,3646,97,True
43,677,3549,3685,136,True
47,673,3549,3685,136,True
67,684,3549,3646,97,True
69,723,3549,3625,76,True
70,730,3549,3614,65,True
75,727,3549,3625,76,True
77,717,3549,3625,76,True
93,688,3549,3734,185,True
98,696,3549,3614,65,True
2,727,3550,3685,135,True
13,700,3550,3646,96,True
19,682,3550,3685,135,True
21,692,3550,3685,135,True
26,696,3550,3685,135,True
34,698,3550,3646,96,True
39,676,3550,3685,135,True
41,722,3550,3685,135,True
50,683,3550,3625,75,True
52,694,3550,,,False
53,693,3550,3646,96,True
54,770,3550,3625,75,True
57,691,3550,3614,64,True
73,684,3550,3625,75,True
75,728,3550,3625,75,True
78,730,3550,3625,75,True
79,642,3550,3625,75,True
88,721,3550,3781,231,True
93,689,3550,3734,184,True
95,709,3550,3646,96,True
97,699,3550,3625,75,True
3,739,3551,3685,134,True
5,695,3551,3685,134,True
7,674,3551,3685,134,True
20,684,3551,3646,95,True
21,693,3551,3685,134,True
28,726,3551,3725,174,True
33,702,3551,3685,134,True
38,696,3551,3685,134,True
49,727,3551,3685,134,True
50,684,3551,3664,113,True
52,695,3551,,,False
53,694,3551,3646,95,True
54,771,3551,3625,74,True
64,755,3551,3646,95,True
67,685,3551,3646,95,True
71,710,3551,3625,74,True
72,705,3551,3621,70,True
73,685,3551,3625,74,True
76,708,3551,3625,74,True
81,654,3551,3625,74,True
84,732,3551,3646,95,True
87,675,3551,3625,74,True
93,690,3551,3734,183,True
97,700,3551,3625,74,True
3,740,3552,3685,133,True
5,696,3552,3685,133,True
7,675,3552,3685,133,True
11,702,3552,3685,133,True
12,714,3552,3685,133,True
14,707,3552,3685,133,True
21,694,3552,3685,133,True
31,723,3552,3646,94,True
36,735,3552,3685,133,True
37,700,3552,3685,133,True
43,678,3552,3685,133,True
53,695,3552,3646,94,True
57,692,3552,3614,62,True
65,688,3552,3625,73,True
68,734,3552,3646,94,True
71,711,3552,3625,73,True
73,686,3552,3625,73,True
79,643,3552,3625,73,True
89,707,3552,3734,182,True
90,717,3552,3625,73,True
91,696,3552,3625,73,True
99,707,3552,3625,73,True
0,753,3553,3685,132,True
4,726,3553,3726,173,True
5,697,3553,3685,132,True
8,698,3553,3685,132,True
12,715,3553,3685,132,True
16,742,3553,3685,132,True
19,683,3553,3685,132,True
22,739,3553,3685,132,True
23,716,3553,3685,132,True
24,664,3553,3726,173,True
28,727,3553,3725,172,True
31,724,3553,3646,93,True
37,701,3553,3685,132,True
40,788,3553,3685,132,True
47,674,3553,3685,132,True
48,737,3553,3685,132,True
54,772,3553,3625,72,True
60,680,3553,3625,72,True
75,729,3553,3625,72,True
80,744,3553,3625,72,True
81,655,3553,3625,72,True
83,691,3553,3646,93,True
90,718,3553,3625,72,True
98,697,3553,3614,61,True
8,699,3554,3685,131,True
16,743,3554,3685,131,True
20,685,3554,3646,92,True
23,717,3554,3685,131,True
24,665,3554,3726,172,True
25,711,3554,3685,131,True
36,736,3554,3685,131,True
40,789,3554,3685,131,True
41,723,3554,3685,131,True
43,679,3554,3685,131,True
50,685,3554,3664,110,True
55,665,3554,3734,180,True
58,700,3554,3625,71,True
59,720,3554,3625,71,True
61,705,3554,3614,60,True
69,724,3554,3625,71,True
71,712,3554,3625,71,True
72,706,3554,3621,67,True
75,730,3554,3625,71,True
76,709,3554,3625,71,True
80,745,3554,3625,71,True
95,710,3554,3646,92,True
98,698,3554,3614,60,True
1,727,3555,3685,130,True
11,703,3555,3685,130,True
13,701,3555,3646,91,True
16,744,3555,3685,130,True
31,725,3555,3646,91,True
37,702,3555,3685,130,True
38,697,3555,3685,130,True
39,677,3555,3685,130,True
40,790,3555,3685,130,True
54,773,3555,3625,70,True
58,701,3555,3625,70,True
63,748,3555,3734,179,True
68,735,3555,3646,91,True
73,687,3555,3625,70,True
74,720,3555,3734,179,True
91,697,3555,3625,70,True
93,691,3555,3734,179,True
98,699,3555,3646,91,True
1,728,3556,3685,129,True
4,727,3556,3726,170,True
18,714,3556,3725,169,True
20,686,3556,3646,90,True
23,718,3556,3685,129,True
25,712,3556,3685,129,True
28,728,3556,3725,169,True
32,716,3556,3685,129,True
36,737,3556,3685,129,True
37,703,3556,3685,129,True
39,678,3556,3685,129,True
42,732,3556,3685,129,True
45,669,3556,3646,90,True
49,728,3556,3685,129,True
55,666,3556,3734,178,True
57,693,3556,3646,90,True
61,706,3556,3646,90,True
68,736,3556,3646,90,True
72,707,3556,3621,65,True
87,676,3556,3625,69,True
90,719,3556,3625,69,True
92,754,3556,3625,69,True
95,711,3556,3646,90,True
12,716,3557,3685,128,True
17,678,3557,3685,128,True
21,695,3557,3685,128,True
24,666,3557,3726,169,True
28,729,3557,3725,168,True
38,698,3557,3685,128,True
43,680,3557,3685,128,True
47,675,3557,3685,128,True
54,774,3557,3625,68,True
62,695,3557,3734,177,True
68,737,3557,3646,89,True
69,725,3557,3625,68,True
72,708,3557,3621,64,True
73,688,3557,3625,68,True
75,731,3557,3625,68,True
84,733,3557,3646,89,True
92,755,3557,3625,68,True
95,712,3557,3646,89,True
99,708,3557,3625,68,True
2,728,3558,3725,167,True
7,676,3558,3685,127,True
11,704,3558,3685,127,True
12,717,3558,3685,127,True
17,679,3558,3685,127,True
38,699,3558,3685,127,True
40,791,3558,3685,127,True
44,724,3558,3725,167,True
60,681,3558,3734,176,True
70,731,3558,3646,88,True
77,718,3558,3625,67,True
78,731,3558,3734,176,True
84,734,3558,3646,88,True
86,726,3558,3646,88,True
92,756,3558,3625,67,True
0,754,3559,3685,126,True
1,729,3559,3685,126,True
6,707,3559,3685,126,True
11,705,3559,3685,126,True
20,687,3559,3646,87,True
22,740,3559,3685,126,True
25,713,3559,3685,126,True
27,713,3559,3685,126,True
34,699,3559,3725,166,True
35,721,3559,3646,87,True
36,738,3559,3685,126,True
37,704,3559,3685,126,True
38,700,3559,3685,126,True
44,725,3559,3725,166,True
47,676,3559,3685,126,True
55,667,3559,3734,175,True
69,726,3559,3625,66,True
73,689,3559,3625,66,True
74,721,3559,3734,175,True
84,735,3559,3646,87,True
86,727,3559,3646,87,True
88,722,3559,3781,222,True
97,701,3559,3625,66,True
8,700,3560,3685,125,True
12,718,3560,3685,125,True
20,688,3560,3646,86,True
22,741,3560,3685,125,True
33,703,3560,3685,125,True
34,700,3560,3725,165,True
35,722,3560,3646,86,True
41,724,3560,3685,125,True
49,729,3560,3685,125,True
50,686,3560,3664,104,True
51,695,3560,3646,86,True
57,694,3560,3646,86,True
58,702,3560,3625,65,True
62,696,3560,3734,174,True
66,679,3560,3646,86,True
67,686,3560,3646,86,True
69,727,3560,3625,65,True
75,732,3560,3625,65,True
78,732,3560,3734,174,True
79,644,3560,3625,65,True
83,692,3560,3646,86,True
85,707,3560,3664,104,True
86,728,3560,3646,86,True
87,677,3560,3625,65,True
88,723,3560,3781,221,True
1,730,3561,3685,124,True
2,729,3561,3725,164,True
3,741,3561,3685,124,True
7,677,3561,3685,124,True
11,706,3561,3685,124,True
16,745,3561,3685,124,True
17,680,3561,3685,124,True
19,684,3561,3685,124,True
21,696,3561,3685,124,True
25,714,3561,3685,124,True
26,697,3561,3685,124,True
30,715,3561,3725,164,True
34,701,3561,3725,164,True
35,723,3561,3646,85,True
36,739,3561,3685,124,True
38,701,3561,3685,124,True
42,733,3561,3685,124,True
53,696,3561,3646,85,True
68,738,3561,3646,85,True
73,690,3561,3664,103,True
83,693,3561,3646,85,True
84,736,3561,3646,85,True
87,678,3561,3625,64,True
90,720,3561,3625,64,True
94,709,3561,3646,85,True
98,700,3561,3646,85,True
4,728,3562,3726,164,True
9,741,3562,3685,123,True
10,722,3562,3726,164,True
11,707,3562,3685,123,True
12,719,3562,3685,123,True
15,711,3562,3646,84,True
30,716,3562,3725,163,True
33,704,3562,3685,123,True
43,681,3562,3685,123,True
57,695,3562,3646,84,True
60,682,3562,3734,172,True
68,739,3562,3646,84,True
70,732,3562,3646,84,True
72,709,3562,3664,102,True
78,733,3562,3734,172,True
82,720,3562,3734,172,True
85,708,3562,3664,102,True
88,724,3562,3781,219,True
89,708,3562,3734,172,True
90,721,3562,3625,63,True
94,710,3562,3646,84,True
96,676,3562,3734,172,True
11,708,3563,3685,122,True
18,715,3563,3725,162,True
33,705,3563,3685,122,True
43,682,3563,3685,122,True
47,677,3563,3685,122,True
49,730,3563,3685,122,True
51,696,3563,3646,83,True
55,668,3563,3734,171,True
58,703,3563,3625,62,True
59,721,3563,3625,62,True
61,707,3563,3646,83,True
64,756,3563,3646,83,True
65,689,3563,3664,101,True
67,687,3563,3646,83,True
68,740,3563,3646,83,True
77,719,3563,3625,62,True
79,645,3563,3664,101,True
83,694,3563,3646,83,True
84,737,3563,3646,83,True
85,709,3563,3664,101,True
90,722,3563,3625,62,True
95,713,3563,3646,83,True
96,677,3563,3734,171,True
1,731,3564,3685,121,True
5,698,3564,3685,121,True
13,702,3564,3685,121,True
22,742,3564,3685,121,True
31,726,3564,3685,121,True
35,724,3564,3725,161,True
40,792,3564,3725,161,True
41,725,3564,3685,121,True
47,678,3564,3685,121,True
58,704,3564,3625,61,True
71,713,3564,3781,217,True
75,733,3564,3625,61,True
78,734,3564,3734,170,True
81,656,3564,3625,61,True
83,695,3564,3646,82,True
87,679,3564,3625,61,True
95,714,3564,3646,82,True
98,701,3564,3646,82,True
99,709,3564,3625,61,True
12,720,3565,3685,120,True
17,681,3565,3685,120,True
21,697,3565,3685,120,True
26,698,3565,3685,120,True
29,694,3565,3685,120,True
44,726,3565,3725,160,True
49,731,3565,3685,120,True
55,669,3565,3734,169,True
60,683,3565,3734,169,True
75,734,3565,3734,169,True
76,710,3565,3664,99,True
79,646,3565,3664,99,True
90,723,3565,3625,60,True
97,702,3565,3625,60,True
3,742,3566,3685,119,True
6,708,3566,3685,119,True
9,742,3566,3685,119,True
12,721,3566,3685,119,True
23,719,3566,3726,160,True
26,699,3566,3685,119,True
27,714,3566,3725,159,True
30,717,3566,3725,159,True
34,702,3566,3725,159,True
37,705,3566,3685,119,True
40,793,3566,3725,159,True
41,726,3566,3685,119,True
47,679,3566,3685,119,True
49,732,3566,3685,119,True
50,687,3566,3664,98,True
54,775,3566,3625,59,True
57,696,3566,3646,80,True
58,705,3566,3625,59,True
66,680,3566,3646,80,True
79,647,3566,3664,98,True
83,696,3566,3734,168,True
92,757,3566,3625,59,True
94,711,3566,3646,80,True
99,710,3566,3625,59,True
1,732,3567,3685,118,True
3,743,3567,3685,118,True
4,729,3567,3726,159,True
12,722,3567,3685,118,True
18,716,3567,3725,158,True
19,685,3567,3685,118,True
24,667,3567,3726,159,True
26,700,3567,3685,118,True
30,718,3567,3725,158,True
43,683,3567,3685,118,True
51,697,3567,3646,79,True
52,696,3567,,,False
58,706,3567,3625,58,True
60,684,3567,3734,167,True
62,697,3567,3734,167,True
69,728,3567,3625,58,True
92,758,3567,3625,58,True
95,715,3567,3646,79,True
96,678,3567,3734,167,True
97,703,3567,3646,79,True
98,702,3567,3646,79,True
5,699,3568,3725,157,True
7,678,3568,3725,157,True
8,701,3568,3685,117,True
12,723,3568,3685,117,True
15,712,3568,3646,78,True
17,682,3568,3685,117,True
18,717,3568,3725,157,True
22,743,3568,3725,157,True
28,730,3568,3725,157,True
31,727,3568,3685,117,True
37,706,3568,3685,117,True
39,679,3568,3725,157,True
46,706,3568,3685,117,True
53,697,3568,3734,166,True
61,708,3568,3646,78,True
65,690,3568,3664,96,True
66,681,3568,3734,166,True
69,729,3568,3625,57,True
70,733,3568,3646,78,True
79,648,3568,3664,96,True
83,697,3568,3734,166,True
85,710,3568,3664,96,True
86,729,3568,3646,78,True
88,725,3568,3781,213,True
89,709,3568,3734,166,True
93,692,3568,3734,166,True
97,704,3568,3646,78,True
8,702,3569,3685,116,True
25,715,3569,3685,116,True
29,695,3569,3685,116,True
35,725,3569,3725,156,True
40,794,3569,3725,156,True
42,734,3569,3685,116,True
54,776,3569,3625,56,True
62,698,3569,3734,165,True
64,757,3569,3646,77,True
69,730,3569,3625,56,True
73,691,3569,3664,95,True
75,735,3569,3734,165,True
79,649,3569,3664,95,True
80,746,3569,3646,77,True
86,730,3569,3734,165,True
92,759,3569,3625,56,True
96,679,3569,3734,165,True
97,705,3569,3646,77,True
99,711,3569,3625,56,True
1,733,3570,3685,115,True
2,730,3570,3725,155,True
6,709,3570,3685,115,True
22,744,3570,3725,155,True
31,728,3570,3685,115,True
32,717,3570,3685,115,True
39,680,3570,3725,155,True
51,698,3570,3646,76,True
57,697,3570,3646,76,True
63,749,3570,3734,164,True
66,682,3570,3734,164,True
72,710,3570,3664,94,True
73,692,3570,3664,94,True
79,650,3570,3664,94,True
83,698,3570,3734,164,True
90,724,3570,3625,55,True
94,712,3570,3646,76,True
95,716,3570,3646,76,True
0,755,3571,3685,114,True
9,743,3571,3725,154,True
11,709,3571,3685,114,True
15,713,3571,3646,75,True
20,689,3571,3646,75,True
25,716,3571,3685,114,True
30,719,3571,3725,154,True
39,681,3571,3725,154,True
50,688,3571,3664,93,True
59,722,3571,3625,54,True
63,750,3571,3734,163,True
65,691,3571,3664,93,True
67,688,3571,3646,75,True
77,720,3571,3625,54,True
78,735,3571,3734,163,True
79,651,3571,3664,93,True
97,706,3571,3646,75,True
6,710,3572,3685,113,True
14,708,3572,3685,113,True
16,746,3572,3685,113,True
18,718,3572,3725,153,True
23,720,3572,3726,154,True
25,717,3572,3685,113,True
43,684,3572,3685,113,True
45,670,3572,3646,74,True
51,699,3572,3646,74,True
54,777,3572,3734,162,True
69,731,3572,3625,53,True
71,714,3572,3781,209,True
89,710,3572,3734,162,True
93,693,3572,3734,162,True
97,707,3572,3646,74,True
98,703,3572,3646,74,True
11,710,3573,3685,112,True
16,747,3573,3725,152,True
18,719,3573,3725,152,True
19,686,3573,3725,152,True
20,690,3573,3646,73,True
21,698,3573,3685,112,True
27,715,3573,3725,152,True
29,696,3573,3685,112,True
32,718,3573,3685,112,True
42,735,3573,3685,112,True
44,727,3573,3725,152,True
46,707,3573,3685,112,True
50,689,3573,3664,91,True
52,697,3573,,,False
53,698,3573,3734,161,True
57,698,3573,3646,73,True
60,685,3573,3734,161,True
74,722,3573,3734,161,True
76,711,3573,3734,161,True
78,736,3573,3734,161,True
80,747,3573,3646,73,True
86,731,3573,3734,161,True
87,680,3573,3734,161,True
91,698,3573,3646,73,True
92,760,3573,3646,73,True
93,694,3573,3734,161,True
97,708,3573,3646,73,True
2,731,3574,3725,151,True
16,748,3574,3725,151,True
23,721,3574,3726,152,True
24,668,3574,3726,152,True
26,701,3574,3685,111,True
28,731,3574,3725,151,True
36,740,3574,3725,151,True
39,682,3574,3725,151,True
59,723,3574,3625,51,True
61,709,3574,3646,72,True
65,692,3574,3664,90,True
67,689,3574,3646,72,True
76,712,3574,3734,160,True
80,748,3574,3734,160,True
85,711,3574,3734,160,True
95,717,3574,3646,72,True
14,709,3575,3685,110,True
31,729,3575,3685,110,True
36,741,3575,3725,150,True
42,736,3575,3685,110,True
43,685,3575,3725,150,True
46,708,3575,3685,110,True
79,652,3575,3664,89,True
81,657,3575,3734,159,True
85,712,3575,3734,159,True
95,718,3575,3646,71,True
3,744,3576,3685,109,True
12,724,3576,3725,149,True
13,703,3576,3685,109,True
19,687,3576,3725,149,True
23,722,3576,3726,150,True
24,669,3576,3726,150,True
30,720,3576,3725,149,True
45,671,3576,3725,149,True
46,709,3576,3685,109,True
52,698,3576,,,False
65,693,3576,3664,88,True
67,690,3576,3646,70,True
69,732,3576,3734,158,True
86,732,3576,3734,158,True
87,681,3576,3734,158,True
91,699,3576,3646,70,True
92,761,3576,3734,158,True
95,719,3576,3646,70,True
96,680,3576,3734,158,True
3,745,3577,3685,108,True
6,711,3577,3725,148,True
16,749,3577,3725,148,True
18,720,3577,3725,148,True
26,702,3577,3685,108,True
36,742,3577,3725,148,True
45,672,3577,3725,148,True
54,778,3577,3734,157,True
56,703,3577,3734,157,True
57,699,3577,3646,69,True
62,699,3577,3734,157,True
66,683,3577,3781,204,True
67,691,3577,3646,69,True
70,734,3577,3646,69,True
71,715,3577,3781,204,True
73,693,3577,3664,87,True
80,749,3577,3734,157,True
82,721,3577,3734,157,True
86,733,3577,3734,157,True
88,726,3577,3781,204,True
92,762,3577,3734,157,True
94,713,3577,3734,157,True
97,709,3577,3646,69,True
7,679,3578,3725,147,True
10,723,3578,3726,148,True
28,732,3578,3725,147,True
29,697,3578,3685,107,True
33,706,3578,3685,107,True
34,703,3578,3725,147,True
35,726,3578,3725,147,True
45,673,3578,3725,147,True
47,680,3578,3725,147,True
59,724,3578,3781,203,True
65,694,3578,3664,86,True
70,735,3578,3646,68,True
75,736,3578,3734,156,True
77,721,3578,3781,203,True
81,658,3578,3734,156,True
82,722,3578,3734,156,True
85,713,3578,3734,156,True
93,695,3578,3734,156,True
94,714,3578,3781,203,True
99,712,3578,3734,156,True
11,711,3579,3685,106,True
15,714,3579,3646,67,True
24,670,3579,3726,147,True
27,716,3579,3725,146,True
30,721,3579,3725,146,True
31,730,3579,3685,106,True
32,719,3579,3725,146,True
33,707,3579,3685,106,True
34,704,3579,3725,146,True
41,727,3579,3685,106,True
43,686,3579,3725,146,True
55,670,3579,3781,202,True
58,707,3579,3734,155,True
63,751,3579,3734,155,True
64,758,3579,3646,67,True
70,736,3579,3646,67,True
72,711,3579,3664,85,True
81,659,3579,3734,155,True
82,723,3579,3734,155,True
84,738,3579,3734,155,True
86,734,3579,3734,155,True
89,711,3579,3734,155,True
93,696,3579,3734,155,True
98,704,3579,3646,67,True
10,724,3580,3726,146,True
17,683,3580,3725,145,True
18,721,3580,3725,145,True
28,733,3580,3725,145,True
38,702,3580,3725,145,True
48,738,3580,3726,146,True
49,733,3580,3685,105,True
65,695,3580,3664,84,True
77,722,3580,3781,201,True
87,682,3580,3734,154,True
91,700,3580,3646,66,True
92,763,3580,3734,154,True
0,756,3581,3685,104,True
3,746,3581,3685,104,True
4,730,3581,3726,145,True
10,725,3581,3726,145,True
14,710,3581,3685,104,True
24,671,3581,3726,145,True
32,720,3581,3725,144,True
37,707,3581,3725,144,True
38,703,3581,3725,144,True
39,683,3581,3725,144,True
41,728,3581,3685,104,True
44,728,3581,3725,144,True
52,699,3581,,,False
53,699,3581,3781,200,True
60,686,3581,3734,153,True
63,752,3581,3734,153,True
65,696,3581,3664,83,True
80,750,3581,3734,153,True
83,699,3581,3734,153,True
84,739,3581,3734,153,True
85,714,3581,3734,153,True
96,681,3581,3734,153,True
0,757,3582,3685,103,True
1,734,3582,3685,103,True
3,747,3582,3685,103,True
6,712,3582,3725,143,True
12,725,3582,3725,143,True
19,688,3582,3725,143,True
24,672,3582,3726,144,True
25,718,3582,3725,143,True
27,717,3582,3725,143,True
36,743,3582,3725,143,True
42,737,3582,3725,143,True
47,681,3582,3725,143,True
48,739,3582,3726,144,True
64,759,3582,3646,64,True
67,692,3582,3734,152,True
68,741,3582,3664,82,True
73,694,3582,3734,152,True
80,751,3582,3734,152,True
85,715,3582,3734,152,True
88,727,3582,3781,199,True
93,697,3582,3734,152,True
94,715,3582,3781,199,True
0,758,3583,3725,142,True
7,680,3583,3725,142,True
14,711,3583,3685,102,True
20,691,3583,3646,63,True
21,699,3583,3685,102,True
25,719,3583,3725,142,True
28,734,3583,3725,142,True
31,731,3583,3725,142,True
34,705,3583,3725,142,True
42,738,3583,3725,142,True
43,687,3583,3726,143,True
45,674,3583,3725,142,True
47,682,3583,3725,142,True
60,687,3583,3734,151,True
64,760,3583,3646,63,True
68,742,3583,3664,81,True
69,733,3583,3781,198,True
74,723,3583,3734,151,True
77,723,3583,3781,198,True
80,752,3583,3734,151,True
82,724,3583,3734,151,True
85,716,3583,3734,151,True
90,725,3583,3734,151,True
97,710,3583,3646,63,True
3,748,3584,3685,101,True
8,703,3584,3725,141,True
10,726,3584,3726,142,True
13,704,3584,3725,141,True
16,750,3584,3725,141,True
17,684,3584,3725,141,True
24,673,3584,3726,142,True
31,732,3584,3725,141,True
35,727,3584,3726,142,True
41,729,3584,3725,141,True
42,739,3584,3725,141,True
43,688,3584,3726,142,True
44,729,3584,3725,141,True
56,704,3584,3734,150,True
59,725,3584,3781,197,True
61,710,3584,3646,62,True
66,684,3584,3781,197,True
70,737,3584,3646,62,True
73,695,3584,3734,150,True
80,753,3584,3734,150,True
82,725,3584,3734,150,True
89,712,3584,3781,197,True
90,726,3584,3734,150,True
93,698,3584,3734,150,True
96,682,3584,3734,150,True
97,711,3584,3646,62,True
8,704,3585,3725,140,True
10,727,3585,3726,141,True
21,700,3585,3685,100,True
22,745,3585,3725,140,True
27,718,3585,3725,140,True
32,721,3585,3725,140,True
35,728,3585,3726,141,True
37,708,3585,3725,140,True
45,675,3585,3725,140,True
46,710,3585,3685,100,True
47,683,3585,3725,140,True
52,700,3585,,,False
53,700,3585,3781,196,True
57,700,3585,3646,61,True
63,753,3585,3734,149,True
77,724,3585,3781,196,True
79,653,3585,3734,149,True
83,700,3585,3734,149,True
88,728,3585,3781,196,True
89,713,3585,3781,196,True
0,759,3586,3725,139,True
7,681,3586,3725,139,True
8,705,3586,3725,139,True
10,728,3586,3726,140,True
13,705,3586,3725,139,True
17,685,3586,3725,139,True
22,746,3586,3725,139,True
37,709,3586,3725,139,True
39,684,3586,3725,139,True
40,795,3586,3726,140,True
46,711,3586,3685,99,True
49,734,3586,3685,99,True
58,708,3586,3734,148,True
72,712,3586,3664,78,True
82,726,3586,3734,148,True
85,717,3586,3734,148,True
86,735,3586,3734,148,True
88,729,3586,3781,195,True
89,714,3586,3781,195,True
99,713,3586,3734,148,True
2,732,3587,3725,138,True
16,751,3587,3725,138,True
20,692,3587,3646,59,True
33,708,3587,3725,138,True
37,710,3587,3725,138,True
42,740,3587,3725,138,True
52,701,3587,,,False
55,671,3587,3781,194,True
57,701,3587,3646,59,True
62,700,3587,3734,147,True
70,738,3587,3646,59,True
73,696,3587,3734,147,True
75,737,3587,3734,147,True
77,725,3587,3781,194,True
81,660,3587,3734,147,True
88,730,3587,3781,194,True
90,727,3587,3734,147,True
95,720,3587,3734,147,True
98,705,3587,3664,77,True
3,749,3588,3685,97,True
7,682,3588,3725,137,True
11,712,3588,3725,137,True
18,722,3588,3725,137,True
19,689,3588,3725,137,True
25,720,3588,3725,137,True
32,722,3588,3725,137,True
33,709,3588,3725,137,True
43,689,3588,3726,138,True
45,676,3588,3725,137,True
47,684,3588,3725,137,True
62,701,3588,3734,146,True
74,724,3588,3734,146,True
77,726,3588,3781,193,True
83,701,3588,3781,193,True
84,740,3588,3734,146,True
89,715,3588,3781,193,True
90,728,3588,3734,146,True
93,699,3588,3734,146,True
95,721,3588,3734,146,True
96,683,3588,3781,193,True
1,735,3589,3685,96,True
4,731,3589,3726,137,True
6,713,3589,3725,136,True
7,683,3589,3725,136,True
16,752,3589,3725,136,True
31,733,3589,3725,136,True
40,796,3589,3726,137,True
42,741,3589,3725,136,True
47,685,3589,3725,136,True
51,700,3589,3734,145,True
53,701,3589,3781,192,True
54,779,3589,3734,145,True
58,709,3589,3734,145,True
59,726,3589,3781,192,True
64,761,3589,3734,145,True
66,685,3589,3781,192,True
67,693,3589,3734,145,True
71,716,3589,3781,192,True
78,737,3589,3781,192,True
98,706,3589,3664,75,True
99,714,3589,3734,145,True
4,732,3590,3726,136,True
7,684,3590,3725,135,True
11,713,3590,3725,135,True
14,712,3590,3685,95,True
21,701,3590,3685,95,True
31,734,3590,3725,135,True
37,711,3590,3725,135,True
42,742,3590,3725,135,True
48,740,3590,3726,136,True
51,701,3590,3734,144,True
53,702,3590,3781,191,True
54,780,3590,3734,144,True
56,705,3590,3734,144,True
61,711,3590,3646,56,True
65,697,3590,3781,191,True
78,738,3590,3781,191,True
96,684,3590,3781,191,True
1,736,3591,3685,94,True
5,700,3591,3725,134,True
6,714,3591,3725,134,True
7,685,3591,3725,134,True
8,706,3591,3725,134,True
10,729,3591,3726,135,True
15,715,3591,3646,55,True
22,747,3591,3725,134,True
25,721,3591,3725,134,True
26,703,3591,3725,134,True
31,735,3591,3725,134,True
34,706,3591,3725,134,True
45,677,3591,3725,134,True
46,712,3591,3725,134,True
53,703,3591,3781,190,True
61,712,3591,3646,55,True
69,734,3591,3781,190,True
70,739,3591,3664,73,True
83,702,3591,3781,190,True
86,736,3591,3734,143,True
88,731,3591,3781,190,True
93,700,3591,3734,143,True
1,737,3592,3685,93,True
3,750,3592,3726,134,True
4,733,3592,3726,134,True
6,715,3592,3725,133,True
7,686,3592,3725,133,True
8,707,3592,3725,133,True
12,726,3592,3725,133,True
20,693,3592,3646,54,True
23,723,3592,3726,134,True
27,719,3592,3725,133,True
29,698,3592,3685,93,True
31,736,3592,3725,133,True
33,710,3592,3725,133,True
41,730,3592,3725,133,True
45,678,3592,3725,133,True
46,713,3592,3725,133,True
48,741,3592,3726,134,True
50,690,3592,3734,142,True
54,781,3592,3734,142,True
55,672,3592,3781,189,True
56,706,3592,3734,142,True
63,754,3592,3734,142,True
64,762,3592,3734,142,True
68,743,3592,3781,189,True
69,735,3592,3781,189,True
73,697,3592,3734,142,True
75,738,3592,3734,142,True
76,713,3592,3734,142,True
77,727,3592,3781,189,True
86,737,3592,3734,142,True
88,732,3592,3781,189,True
4,734,3593,3726,133,True
5,701,3593,3725,132,True
7,687,3593,3725,132,True
15,716,3593,3646,53,True
17,686,3593,3725,132,True
20,694,3593,3646,53,True
28,735,3593,3725,132,True
31,737,3593,3725,132,True
32,723,3593,3725,132,True
36,744,3593,3725,132,True
37,712,3593,3725,132,True
38,704,3593,3725,132,True
40,797,3593,3726,133,True
46,714,3593,3725,132,True
55,673,3593,3781,188,True
61,713,3593,3664,71,True
64,763,3593,3734,141,True
71,717,3593,3781,188,True
74,725,3593,3734,141,True
81,661,3593,3734,141,True
82,727,3593,3734,141,True
84,741,3593,3734,141,True
88,733,3593,3781,188,True
93,701,3593,3781,188,True
96,685,3593,3781,188,True
9,744,3594,3725,131,True
16,753,3594,3725,131,True
18,723,3594,3725,131,True
21,702,3594,3685,91,True
26,704,3594,3725,131,True
28,736,3594,3725,131,True
32,724,3594,3725,131,True
37,713,3594,3725,131,True
39,685,3594,3725,131,True
53,704,3594,3781,187,True
60,688,3594,3781,187,True
72,713,3594,3664,70,True
73,698,3594,3734,140,True
76,714,3594,3734,140,True
77,728,3594,3781,187,True
87,683,3594,3734,140,True
91,701,3594,3734,140,True
5,702,3595,3725,130,True
14,713,3595,3685,90,True
24,674,3595,3726,131,True
32,725,3595,3725,130,True
35,729,3595,3726,131,True
36,745,3595,3725,130,True
37,714,3595,3725,130,True
38,705,3595,3726,131,True
46,715,3595,3725,130,True
52,702,3595,,,False
53,705,3595,3781,186,True
55,674,3595,3781,186,True
65,698,3595,3781,186,True
70,740,3595,3664,69,True
82,728,3595,3734,139,True
84,742,3595,3734,139,True
86,738,3595,3734,139,True
91,702,3595,3734,139,True
93,702,3595,3781,186,True
94,716,3595,3781,186,True
22,748,3596,3725,129,True
27,720,3596,3725,129,True
28,737,3596,3725,129,True
33,711,3596,3725,129,True
37,715,3596,3725,129,True
41,731,3596,3725,129,True
48,742,3596,3726,130,True
53,706,3596,3781,185,True
61,714,3596,3664,68,True
65,699,3596,3781,185,True
71,718,3596,3781,185,True
73,699,3596,3734,138,True
81,662,3596,3734,138,True
86,739,3596,3734,138,True
98,707,3596,3734,138,True
3,751,3597,3726,129,True
5,703,3597,3725,128,True
13,706,3597,3725,128,True
14,714,3597,3685,88,True
17,687,3597,3726,129,True
21,703,3597,3725,128,True
26,705,3597,3725,128,True
29,699,3597,3725,128,True
40,798,3597,3726,129,True
42,743,3597,3725,128,True
48,743,3597,3726,129,True
50,691,3597,3734,137,True
51,702,3597,3734,137,True
54,782,3597,3734,137,True
64,764,3597,3734,137,True
65,700,3597,3781,184,True
68,744,3597,3781,184,True
72,714,3597,3664,67,True
73,700,3597,3734,137,True
77,729,3597,3781,184,True
94,717,3597,3781,184,True
95,722,3597,3734,137,True
98,708,3597,3734,137,True
0,760,3598,3725,127,True
4,735,3598,3726,128,True
5,704,3598,3725,127,True
9,745,3598,3725,127,True
10,730,3598,3726,128,True
14,715,3598,3685,87,True
22,749,3598,3725,127,True
27,721,3598,3725,127,True
31,738,3598,3725,127,True
33,712,3598,3725,127,True
37,716,3598,3725,127,True
42,744,3598,3725,127,True
43,690,3598,3726,128,True
48,744,3598,3726,128,True
51,703,3598,3734,136,True
63,755,3598,3781,183,True
65,701,3598,3781,183,True
68,745,3598,3781,183,True
70,741,3598,3664,66,True
74,726,3598,3781,183,True
77,730,3598,3781,183,True
79,654,3598,3734,136,True
84,743,3598,3781,183,True
87,684,3598,3734,136,True
91,703,3598,3734,136,True
4,736,3599,3726,127,True
7,688,3599,3726,127,True
11,714,3599,3725,126,True
25,722,3599,3726,127,True
31,739,3599,3725,126,True
32,726,3599,3726,127,True
34,707,3599,3725,126,True
35,730,3599,3726,127,True
39,686,3599,3725,126,True
43,691,3599,3726,127,True
44,730,3599,3725,126,True
45,679,3599,3725,126,True
53,707,3599,3781,182,True
55,675,3599,3781,182,True
65,702,3599,3781,182,True
67,694,3599,3734,135,True
71,719,3599,3781,182,True
75,739,3599,3734,135,True
78,739,3599,3781,182,True
98,709,3599,3734,135,True
3,752,3600,3726,126,True
13,707,3600,3725,125,True
15,717,3600,3725,125,True
24,675,3600,3726,126,True
29,700,3600,3725,125,True
34,708,3600,3725,125,True
35,731,3600,3726,126,True
36,746,3600,3725,125,True
37,717,3600,3725,125,True
38,706,3600,3726,126,True
42,745,3600,3725,125,True
44,731,3600,3725,125,True
49,735,3600,3725,125,True
55,676,3600,3781,181,True
61,715,3600,3664,64,True
67,695,3600,3734,134,True
78,740,3600,3781,181,True
81,663,3600,3781,181,True
86,740,3600,3734,134,True
89,716,3600,3781,181,True
96,686,3600,3781,181,True
1,738,3601,3685,84,True
2,733,3601,3725,124,True
6,716,3601,3725,124,True
8,708,3601,3725,124,True
10,731,3601,3726,125,True
12,727,3601,3725,124,True
14,716,3601,3685,84,True
16,754,3601,3725,124,True
22,750,3601,3725,124,True
24,676,3601,3726,125,True
29,701,3601,3725,124,True
45,680,3601,3725,124,True
48,745,3601,3726,125,True
49,736,3601,3725,124,True
55,677,3601,3781,180,True
60,689,3601,3781,180,True
66,686,3601,3781,180,True
78,741,3601,3781,180,True
86,741,3601,3734,133,True
90,729,3601,3781,180,True
91,704,3601,3734,133,True
96,687,3601,3781,180,True
0,761,3602,3725,123,True
3,753,3602,3726,124,True
4,737,3602,3726,124,True
5,705,3602,3726,124,True
6,717,3602,3725,123,True
8,709,3602,3725,123,True
12,728,3602,3725,123,True
13,708,3602,3726,124,True
17,688,3602,3726,124,True
22,751,3602,3725,123,True
25,723,3602,3726,124,True
26,706,3602,3725,123,True
37,718,3602,3725,123,True
38,707,3602,3726,124,True
41,732,3602,3725,123,True
46,716,3602,3725,123,True
47,686,3602,3725,123,True
49,737,3602,3725,123,True
51,704,3602,3734,132,True
54,783,3602,3734,132,True
59,727,3602,3781,179,True
63,756,3602,3781,179,True
64,765,3602,3734,132,True
70,742,3602,3734,132,True
72,715,3602,3664,62,True
80,754,3602,3734,132,True
82,729,3602,3734,132,True
86,742,3602,3734,132,True
87,685,3602,3734,132,True
89,717,3602,3781,179,True
91,705,3602,3734,132,True
93,703,3602,3781,179,True
94,718,3602,3781,179,True
96,688,3602,3781,179,True
5,706,3603,3726,123,True
6,718,3603,3725,122,True
15,718,3603,3725,122,True
35,732,3603,3726,123,True
37,719,3603,3725,122,True
39,687,3603,3726,123,True
45,681,3603,3725,122,True
52,703,3603,,,False
55,678,3603,3781,178,True
57,702,3603,3664,61,True
62,702,3603,3781,178,True
63,757,3603,3781,178,True
65,703,3603,3781,178,True
72,716,3603,3664,61,True
84,744,3603,3781,178,True
89,718,3603,3781,178,True
99,715,3603,3781,178,True
2,734,3604,3725,121,True
6,719,3604,3725,121,True
10,732,3604,3726,122,True
14,717,3604,3685,81,True
22,752,3604,3725,121,True
24,677,3604,3726,122,True
25,724,3604,3726,122,True
28,738,3604,3726,122,True
30,722,3604,3725,121,True
34,709,3604,3725,121,True
35,733,3604,3726,122,True
37,720,3604,3725,121,True
38,708,3604,3726,122,True
41,733,3604,3725,121,True
47,687,3604,3725,121,True
58,710,3604,3781,177,True
59,728,3604,3781,177,True
68,746,3604,3781,177,True
71,720,3604,3781,177,True
72,717,3604,3664,60,True
73,701,3604,3734,130,True
76,715,3604,3734,130,True
87,686,3604,3734,130,True
92,764,3604,3781,177,True
95,723,3604,3734,130,True
96,689,3604,3781,177,True
3,754,3605,3726,121,True
7,689,3605,3726,121,True
8,710,3605,3725,120,True
15,719,3605,3725,120,True
18,724,3605,3726,121,True
26,707,3605,3725,120,True
33,713,3605,3725,120,True
34,710,3605,3725,120,True
36,747,3605,3725,120,True
41,734,3605,3725,120,True
44,732,3605,3815,210,True
47,688,3605,3725,120,True
49,738,3605,3725,120,True
53,708,3605,3781,176,True
58,711,3605,3781,176,True
60,690,3605,3781,176,True
63,758,3605,3781,176,True
65,704,3605,3781,176,True
72,718,3605,3664,59,True
78,742,3605,3781,176,True
80,755,3605,3734,129,True
83,703,3605,3781,176,True
88,734,3605,3781,176,True
94,719,3605,3781,176,True
97,712,3605,3781,176,True
0,762,3606,3725,119,True
3,755,3606,3726,120,True
7,690,3606,3726,120,True
8,711,3606,3725,119,True
12,729,3606,3725,119,True
13,709,3606,3726,120,True
14,718,3606,3685,79,True
20,695,3606,3734,128,True
21,704,3606,3725,119,True
29,702,3606,3725,119,True
31,740,3606,3725,119,True
45,682,3606,3725,119,True
46,717,3606,3725,119,True
59,729,3606,3781,175,True
65,705,3606,3781,175,True
66,687,3606,3781,175,True
67,696,3606,3781,175,True
69,736,3606,3781,175,True
70,743,3606,3734,128,True
73,702,3606,3734,128,True
78,743,3606,3781,175,True
80,756,3606,3734,128,True
92,765,3606,3781,175,True
98,710,3606,3734,128,True
19,690,3607,3725,118,True
22,753,3607,3725,118,True
30,723,3607,3725,118,True
36,748,3607,3726,119,True
47,689,3607,3725,118,True
48,746,3607,3726,119,True
62,703,3607,3781,174,True
65,706,3607,3781,174,True
67,697,3607,3781,174,True
71,721,3607,3781,174,True
75,740,3607,3734,127,True
77,731,3607,3781,174,True
81,664,3607,3781,174,True
96,690,3607,3781,174,True
99,716,3607,3781,174,True
4,738,3608,3726,118,True
9,746,3608,3726,118,True
16,755,3608,3726,118,True
21,705,3608,3725,117,True
25,725,3608,3726,118,True
35,734,3608,3726,118,True
37,721,3608,3725,117,True
44,733,3608,3815,207,True
56,707,3608,3781,173,True
70,744,3608,3734,126,True
85,718,3608,3734,126,True
99,717,3608,3781,173,True
4,739,3609,3726,117,True
9,747,3609,3726,117,True
10,733,3609,3726,117,True
13,710,3609,3726,117,True
17,689,3609,3726,117,True
24,678,3609,3726,117,True
26,708,3609,3725,116,True
27,722,3609,3726,117,True
28,739,3609,3726,117,True
35,735,3609,3726,117,True
37,722,3609,3725,116,True
40,799,3609,3726,117,True
42,746,3609,3726,117,True
43,692,3609,3726,117,True
44,734,3609,3815,206,True
50,692,3609,3734,125,True
58,712,3609,3781,172,True
63,759,3609,3781,172,True
64,766,3609,3734,125,True
67,698,3609,3781,172,True
72,719,3609,3734,125,True
73,703,3609,3781,172,True
75,741,3609,3781,172,True
78,744,3609,3781,172,True
83,704,3609,3781,172,True
89,719,3609,3781,172,True
91,706,3609,3781,172,True
1,739,3610,3725,115,True
7,691,3610,3726,116,True
8,712,3610,3725,115,True
15,720,3610,3726,116,True
19,691,3610,3726,116,True
21,706,3610,3725,115,True
25,726,3610,3726,116,True
27,723,3610,3726,116,True
31,741,3610,3725,115,True
43,693,3610,3726,116,True
54,784,3610,3781,171,True
63,760,3610,3781,171,True
66,688,3610,3781,171,True
70,745,3610,3734,124,True
94,720,3610,3781,171,True
4,740,3611,3726,115,True
9,748,3611,3726,115,True
10,734,3611,3726,115,True
17,690,3611,3726,115,True
21,707,3611,3725,114,True
22,754,3611,3726,115,True
25,727,3611,3726,115,True
26,709,3611,3725,114,True
32,727,3611,3726,115,True
38,709,3611,3726,115,True
39,688,3611,3726,115,True
43,694,3611,3726,115,True
46,718,3611,3726,115,True
49,739,3611,3725,114,True
55,679,3611,3781,170,True
60,691,3611,3781,170,True
69,737,3611,3781,170,True
73,704,3611,3781,170,True
79,655,3611,3734,123,True
84,745,3611,3781,170,True
88,735,3611,3781,170,True
99,718,3611,3781,170,True
10,735,3612,3726,114,True
14,719,3612,3685,73,True
15,721,3612,3726,114,True
22,755,3612,3726,114,True
23,724,3612,3726,114,True
25,728,3612,3726,114,True
26,710,3612,3725,113,True
28,740,3612,3726,114,True
36,749,3612,3726,114,True
41,735,3612,3726,114,True
48,747,3612,3726,114,True
58,713,3612,3781,169,True
63,761,3612,3781,169,True
74,727,3612,3781,169,True
82,730,3612,3781,169,True
84,746,3612,3781,169,True
97,713,3612,3781,169,True
98,711,3612,3734,122,True
0,763,3613,3725,112,True
9,749,3613,3726,113,True
13,711,3613,3726,113,True
17,691,3613,3726,113,True
18,725,3613,3726,113,True
22,756,3613,3726,113,True
27,724,3613,3726,113,True
32,728,3613,3726,113,True
40,800,3613,3726,113,True
51,705,3613,3781,168,True
60,692,3613,3781,168,True
69,738,3613,3781,168,True
72,720,3613,3734,121,True
81,665,3613,3781,168,True
83,705,3613,3781,168,True
0,764,3614,3725,111,True
2,735,3614,3725,111,True
9,750,3614,3726,112,True
12,730,3614,3725,111,True
19,692,3614,3726,112,True
34,711,3614,3725,111,True
38,710,3614,3726,112,True
40,801,3614,3726,112,True
50,693,3614,3781,167,True
56,708,3614,3781,167,True
60,693,3614,3781,167,True
61,716,3614,3734,120,True
65,707,3614,3781,167,True
69,739,3614,3781,167,True
70,746,3614,3781,167,True
73,705,3614,3781,167,True
81,666,3614,3781,167,True
82,731,3614,3781,167,True
89,720,3614,3781,167,True
92,766,3614,3781,167,True
94,721,3614,3781,167,True
2,736,3615,3725,110,True
3,756,3615,3726,111,True
5,707,3615,3726,111,True
7,692,3615,3726,111,True
10,736,3615,3726,111,True
12,731,3615,3725,110,True
23,725,3615,3726,111,True
33,714,3615,3725,110,True
35,736,3615,3726,111,True
36,750,3615,3726,111,True
41,736,3615,3726,111,True
58,714,3615,3781,166,True
63,762,3615,3781,166,True
64,767,3615,3734,119,True
66,689,3615,3781,166,True
81,667,3615,3781,166,True
85,719,3615,3781,166,True
86,743,3615,3781,166,True
89,721,3615,3781,166,True
93,704,3615,3781,166,True
95,724,3615,3734,119,True
99,719,3615,3781,166,True
3,757,3616,3726,110,True
8,713,3616,3725,109,True
12,732,3616,3725,109,True
27,725,3616,3726,110,True
33,715,3616,3725,109,True
34,712,3616,3726,110,True
46,719,3616,3726,110,True
49,740,3616,3725,109,True
51,706,3616,3781,165,True
53,709,3616,3781,165,True
63,763,3616,3781,165,True
70,747,3616,3781,165,True
75,742,3616,3781,165,True
78,745,3616,3781,165,True
80,757,3616,3781,165,True
81,668,3616,3781,165,True
90,730,3616,3781,165,True
92,767,3616,3781,165,True
94,722,3616,3781,165,True
5,708,3617,3726,109,True
17,692,3617,3726,109,True
19,693,3617,3726,109,True
22,757,3617,3726,109,True
25,729,3617,3726,109,True
27,726,3617,3726,109,True
29,703,3617,3725,108,True
40,802,3617,3726,109,True
43,695,3617,3726,109,True
45,683,3617,3725,108,True
46,720,3617,3726,109,True
47,690,3617,3725,108,True
53,710,3617,3781,164,True
55,680,3617,3781,164,True
61,717,3617,3734,117,True
67,699,3617,3781,164,True
75,743,3617,3781,164,True
86,744,3617,3781,164,True
87,687,3617,3781,164,True
89,722,3617,3781,164,True
90,731,3617,3781,164,True
92,768,3617,3781,164,True
1,740,3618,3725,107,True
5,709,3618,3726,108,True
7,693,3618,3726,108,True
14,720,3618,3725,107,True
16,756,3618,3726,108,True
19,694,3618,3726,108,True
27,727,3618,3726,108,True
36,751,3618,3726,108,True
46,721,3618,3726,108,True
48,748,3618,3726,108,True
59,730,3618,3781,163,True
68,747,3618,3781,163,True
75,744,3618,3781,163,True
76,716,3618,3781,163,True
85,720,3618,3781,163,True
86,745,3618,3781,163,True
91,707,3618,3781,163,True
93,705,3618,3781,163,True
94,723,3618,3781,163,True
96,691,3618,3781,163,True
97,714,3618,3781,163,True
10,737,3619,3726,107,True
17,693,3619,3726,107,True
18,726,3619,3726,107,True
19,695,3619,3726,107,True
20,696,3619,3734,115,True
27,728,3619,3726,107,True
36,752,3619,3726,107,True
39,689,3619,3726,107,True
40,803,3619,3726,107,True
48,749,3619,3726,107,True
50,694,3619,3781,162,True
52,704,3619,,,False
58,715,3619,3781,162,True
70,748,3619,3781,162,True
86,746,3619,3781,162,True
91,708,3619,3781,162,True
92,769,3619,3781,162,True
93,706,3619,3781,162,True
94,724,3619,3781,162,True
96,692,3619,3781,162,True
99,720,3619,3781,162,True
1,741,3620,3725,105,True
8,714,3620,3725,105,True
13,712,3620,3726,106,True
18,727,3620,3726,106,True
22,758,3620,3726,106,True
23,726,3620,3726,106,True
26,711,3620,3726,106,True
27,729,3620,3726,106,True
41,737,3620,3726,106,True
44,735,3620,3815,195,True
55,681,3620,3781,161,True
56,709,3620,3781,161,True
59,731,3620,3781,161,True
64,768,3620,3781,161,True
67,700,3620,3781,161,True
69,740,3620,3781,161,True
75,745,3620,3781,161,True
79,656,3620,3781,161,True
81,669,3620,3781,161,True
82,732,3620,3781,161,True
86,747,3620,3781,161,True
92,770,3620,3781,161,True
95,725,3620,3734,114,True
99,721,3620,3781,161,True
1,742,3621,3725,104,True
5,710,3621,3726,105,True
12,733,3621,3726,105,True
14,721,3621,3725,104,True
16,757,3621,3726,105,True
17,694,3621,3726,105,True
19,696,3621,3726,105,True
22,759,3621,3726,105,True
28,741,3621,3726,105,True
30,724,3621,3725,104,True
37,723,3621,3726,105,True
38,711,3621,3726,105,True
39,690,3621,3726,105,True
40,804,3621,3726,105,True
42,747,3621,3726,105,True
43,696,3621,3726,105,True
44,736,3621,3815,194,True
45,684,3621,3726,105,True
48,750,3621,3726,105,True
52,705,3621,,,False
56,710,3621,3781,160,True
57,703,3621,3734,113,True
59,732,3621,3781,160,True
65,708,3621,3781,160,True
69,741,3621,3781,160,True
75,746,3621,3781,160,True
76,717,3621,3781,160,True
80,758,3621,3781,160,True
90,732,3621,3781,160,True
98,712,3621,3734,113,True
3,758,3622,3726,104,True
12,734,3622,3726,104,True
13,713,3622,3726,104,True
16,758,3622,3726,104,True
21,708,3622,3725,103,True
29,704,3622,3725,103,True
38,712,3622,3726,104,True
46,722,3622,3726,104,True
47,691,3622,3725,103,True
50,695,3622,3781,159,True
51,707,3622,3781,159,True
55,682,3622,3781,159,True
56,711,3622,3781,159,True
65,709,3622,3781,159,True
66,690,3622,3781,159,True
69,742,3622,3781,159,True
76,718,3622,3781,159,True
82,733,3622,3781,159,True
84,747,3622,3781,159,True
4,741,3623,3726,103,True
9,751,3623,3726,103,True
10,738,3623,3726,103,True
12,735,3623,3726,103,True
13,714,3623,3726,103,True
17,695,3623,3726,103,True
28,742,3623,3726,103,True
33,716,3623,3815,192,True
34,713,3623,3726,103,True
40,805,3623,3726,103,True
45,685,3623,3726,103,True
57,704,3623,3734,111,True
62,704,3623,3781,158,True
65,710,3623,3781,158,True
66,691,3623,3781,158,True
72,721,3623,3781,158,True
87,688,3623,3781,158,True
88,736,3623,3781,158,True
91,709,3623,3781,158,True
3,759,3624,3726,102,True
4,742,3624,3726,102,True
9,752,3624,3726,102,True
10,739,3624,3726,102,True
12,736,3624,3726,102,True
13,715,3624,3726,102,True
15,722,3624,3734,110,True
16,759,3624,3726,102,True
18,728,3624,3726,102,True
28,743,3624,3726,102,True
31,742,3624,3726,102,True
35,737,3624,3726,102,True
38,713,3624,3726,102,True
42,748,3624,3726,102,True
50,696,3624,3781,157,True
51,708,3624,3781,157,True
57,705,3624,3734,110,True
59,733,3624,3781,157,True
63,764,3624,3781,157,True
64,769,3624,3781,157,True
79,657,3624,3781,157,True
85,721,3624,3781,157,True
87,689,3624,3781,157,True
88,737,3624,3781,157,True
91,710,3624,3781,157,True
92,771,3624,3781,157,True
4,743,3625,3726,101,True
6,720,3625,3726,101,True
16,760,3625,3726,101,True
18,729,3625,3726,101,True
20,697,3625,3734,109,True
21,709,3625,3725,100,True
22,760,3625,3726,101,True
29,705,3625,3725,100,True
47,692,3625,3725,100,True
50,697,3625,3781,156,True
52,706,3625,,,False
53,711,3625,3781,156,True
60,694,3625,3781,156,True
62,705,3625,3781,156,True
68,748,3625,3781,156,True
70,749,3625,3781,156,True
90,733,3625,3781,156,True
91,711,3625,3781,156,True
10,740,3626,3726,100,True
18,730,3626,3726,100,True
22,761,3626,3726,100,True
24,679,3626,3726,100,True
28,744,3626,3726,100,True
33,717,3626,3815,189,True
38,714,3626,3726,100,True
43,697,3626,3726,100,True
46,723,3626,3726,100,True
48,751,3626,3726,100,True
53,712,3626,3781,155,True
54,785,3626,3781,155,True
58,716,3626,3781,155,True
61,718,3626,3734,108,True
62,706,3626,3781,155,True
66,692,3626,3781,155,True
84,748,3626,3781,155,True
91,712,3626,3781,155,True
97,715,3626,3781,155,True
0,765,3627,3725,98,True
4,744,3627,3726,99,True
15,723,3627,3734,107,True
16,761,3627,3726,99,True
18,731,3627,3726,99,True
23,727,3627,3726,99,True
25,730,3627,3726,99,True
26,712,3627,3726,99,True
33,718,3627,3815,188,True
36,753,3627,3726,99,True
41,738,3627,3726,99,True
58,717,3627,3781,154,True
64,770,3627,3781,154,True
68,749,3627,3781,154,True
69,743,3627,3781,154,True
70,750,3627,3781,154,True
71,722,3627,3781,154,True
78,746,3627,3781,154,True
81,670,3627,3781,154,True
84,749,3627,3781,154,True
87,690,3627,3781,154,True
90,734,3627,3781,154,True
93,707,3627,3781,154,True
96,693,3627,3781,154,True
99,722,3627,3781,154,True
1,743,3628,3725,97,True
4,745,3628,3726,98,True
10,741,3628,3726,98,True
11,715,3628,3815,187,True
14,722,3628,3725,97,True
21,710,3628,3815,187,True
32,729,3628,3815,187,True
34,714,3628,3726,98,True
38,715,3628,3726,98,True
41,739,3628,3726,98,True
42,749,3628,3726,98,True
54,786,3628,3781,153,True
57,706,3628,3734,106,True
59,734,3628,3781,153,True
60,695,3628,3781,153,True
68,750,3628,3781,153,True
74,728,3628,3781,153,True
86,748,3628,3781,153,True
90,735,3628,3781,153,True
93,708,3628,3781,153,True
97,716,3628,3781,153,True
0,766,3629,3815,186,True
10,742,3629,3726,97,True
11,716,3629,3815,186,True
15,724,3629,3734,105,True
23,728,3629,3726,97,True
26,713,3629,3726,97,True
28,745,3629,3726,97,True
35,738,3629,3726,97,True
39,691,3629,3726,97,True
40,806,3629,3726,97,True
41,740,3629,3726,97,True
43,698,3629,3726,97,True
51,709,3629,3781,152,True
52,707,3629,,,False
63,765,3629,3781,152,True
76,719,3629,3781,152,True
78,747,3629,3781,152,True
84,750,3629,3781,152,True
92,772,3629,3781,152,True
93,709,3629,3781,152,True
95,726,3629,3781,152,True
0,767,3630,3815,185,True
2,737,3630,3815,185,True
3,760,3630,3726,96,True
8,715,3630,3726,96,True
11,717,3630,3815,185,True
13,716,3630,3726,96,True
20,698,3630,3734,104,True
31,743,3630,3726,96,True
33,719,3630,3815,185,True
37,724,3630,3726,96,True
38,716,3630,3726,96,True
51,710,3630,3781,151,True
54,787,3630,3781,151,True
55,683,3630,3781,151,True
56,712,3630,3781,151,True
57,707,3630,3734,104,True
58,718,3630,3781,151,True
59,735,3630,3781,151,True
62,707,3630,3781,151,True
65,711,3630,3781,151,True
68,751,3630,3781,151,True
80,759,3630,3781,151,True
82,734,3630,3781,151,True
84,751,3630,3781,151,True
85,722,3630,3781,151,True
92,773,3630,3781,151,True
94,725,3630,3781,151,True
1,744,3631,3725,94,True
7,694,3631,3726,95,True
11,718,3631,3815,184,True
12,737,3631,3815,184,True
13,717,3631,3726,95,True
22,762,3631,3726,95,True
28,746,3631,3726,95,True
29,706,3631,3725,94,True
31,744,3631,3726,95,True
33,720,3631,3815,184,True
37,725,3631,3726,95,True
42,750,3631,3726,95,True
44,737,3631,3815,184,True
53,713,3631,3781,150,True
79,658,3631,3781,150,True
83,706,3631,3781,150,True
85,723,3631,3781,150,True
86,749,3631,3781,150,True
92,774,3631,3781,150,True
96,694,3631,3781,150,True
98,713,3631,3781,150,True
4,746,3632,3726,94,True
6,721,3632,3726,94,True
10,743,3632,3726,94,True
12,738,3632,3815,183,True
13,718,3632,3726,94,True
14,723,3632,3725,93,True
21,711,3632,3815,183,True
24,680,3632,3726,94,True
32,730,3632,3815,183,True
37,726,3632,3726,94,True
44,738,3632,3815,183,True
45,686,3632,3726,94,True
53,714,3632,3781,149,True
56,713,3632,3781,149,True
59,736,3632,3781,149,True
63,766,3632,3781,149,True
71,723,3632,3781,149,True
74,729,3632,3781,149,True
77,732,3632,3781,149,True
78,748,3632,3781,149,True
81,671,3632,3781,149,True
83,707,3632,3781,149,True
84,752,3632,3781,149,True
88,738,3632,3781,149,True
93,710,3632,3781,149,True
99,723,3632,3781,149,True
8,716,3633,3815,182,True
16,762,3633,3726,93,True
22,763,3633,3726,93,True
33,721,3633,3815,182,True
43,699,3633,3726,93,True
44,739,3633,3815,182,True
61,719,3633,3734,101,True
64,771,3633,3781,148,True
68,752,3633,3781,148,True
72,722,3633,3781,148,True
75,747,3633,3781,148,True
88,739,3633,3781,148,True
91,713,3633,3781,148,True
93,711,3633,3781,148,True
99,724,3633,3781,148,True
0,768,3634,3815,181,True
20,699,3634,3734,100,True
21,712,3634,3815,181,True
24,681,3634,3726,92,True
26,714,3634,3726,92,True
33,722,3634,3815,181,True
35,739,3634,3726,92,True
37,727,3634,3726,92,True
38,717,3634,3726,92,True
42,751,3634,3726,92,True
55,684,3634,3781,147,True
57,708,3634,3781,147,True
59,737,3634,3781,147,True
62,708,3634,3781,147,True
64,772,3634,3781,147,True
75,748,3634,3781,147,True
81,672,3634,3781,147,True
82,735,3634,3781,147,True
88,740,3634,3781,147,True
1,745,3635,3725,90,True
6,722,3635,3726,91,True
8,717,3635,3815,180,True
14,724,3635,3725,90,True
15,725,3635,3734,99,True
17,696,3635,3726,91,True
21,713,3635,3815,180,True
23,729,3635,3726,91,True
25,731,3635,3726,91,True
29,707,3635,3725,90,True
35,740,3635,3726,91,True
49,741,3635,3815,180,True
57,709,3635,3781,146,True
68,753,3635,3781,146,True
72,723,3635,3781,146,True
73,706,3635,3781,146,True
81,673,3635,3781,146,True
83,708,3635,3781,146,True
96,695,3635,3781,146,True
0,769,3636,3815,179,True
4,747,3636,3726,90,True
21,714,3636,3815,179,True
28,747,3636,3726,90,True
30,725,3636,3726,90,True
32,731,3636,3815,179,True
38,718,3636,3726,90,True
44,740,3636,3815,179,True
45,687,3636,3726,90,True
47,693,3636,3815,179,True
49,742,3636,3815,179,True
52,708,3636,,,False
53,715,3636,3781,145,True
54,788,3636,3781,145,True
60,696,3636,3781,145,True
61,720,3636,3781,145,True
65,712,3636,3781,145,True
72,724,3636,3781,145,True
75,749,3636,3781,145,True
76,720,3636,3781,145,True
80,760,3636,3781,145,True
84,753,3636,3781,145,True
87,691,3636,3781,145,True
93,712,3636,3781,145,True
97,717,3636,3781,145,True
3,761,3637,3726,89,True
5,711,3637,3726,89,True
8,718,3637,3815,178,True
11,719,3637,3815,178,True
31,745,3637,3726,89,True
33,723,3637,3815,178,True
41,741,3637,3726,89,True
53,716,3637,3781,144,True
59,738,3637,3781,144,True
72,725,3637,3781,144,True
76,721,3637,3781,144,True
85,724,3637,3781,144,True
97,718,3637,3781,144,True
2,738,3638,3815,177,True
14,725,3638,3725,87,True
15,726,3638,3734,96,True
16,763,3638,3726,88,True
30,726,3638,3726,88,True
36,754,3638,3815,177,True
38,719,3638,3726,88,True
44,741,3638,3815,177,True
53,717,3638,3781,143,True
57,710,3638,3781,143,True
68,754,3638,3781,143,True
89,723,3638,3781,143,True
90,736,3638,3781,143,True
94,726,3638,3781,143,True
97,719,3638,3781,143,True
8,719,3639,3815,176,True
10,744,3639,3726,87,True
16,764,3639,3726,87,True
18,732,3639,3726,87,True
22,764,3639,3726,87,True
25,732,3639,3726,87,True
30,727,3639,3726,87,True
34,715,3639,3726,87,True
35,741,3639,3726,87,True
36,755,3639,3815,176,True
40,807,3639,3726,87,True
42,752,3639,3726,87,True
45,688,3639,3726,87,True
60,697,3639,3781,142,True
64,773,3639,3781,142,True
77,733,3639,3781,142,True
78,749,3639,3781,142,True
89,724,3639,3781,142,True
6,723,3640,3726,86,True
23,730,3640,3726,86,True
26,715,3640,3815,175,True
33,724,3640,3815,175,True
36,756,3640,3815,175,True
40,808,3640,3726,86,True
48,752,3640,3726,86,True
49,743,3640,3815,175,True
55,685,3640,3781,141,True
57,711,3640,3781,141,True
59,739,3640,3781,141,True
64,774,3640,3781,141,True
67,701,3640,3781,141,True
78,750,3640,3781,141,True
79,659,3640,3781,141,True
81,674,3640,3781,141,True
84,754,3640,3781,141,True
85,725,3640,3781,141,True
89,725,3640,3781,141,True
91,714,3640,3781,141,True
92,775,3640,3781,141,True
93,713,3640,3781,141,True
94,727,3640,3781,141,True
99,725,3640,3781,141,True
4,748,3641,3726,85,True
7,695,3641,3815,174,True
8,720,3641,3815,174,True
21,715,3641,3815,174,True
28,748,3641,3726,85,True
31,746,3641,3726,85,True
32,732,3641,3815,174,True
42,753,3641,3726,85,True
46,724,3641,3726,85,True
55,686,3641,3781,140,True
59,740,3641,3781,140,True
62,709,3641,3781,140,True
64,775,3641,3781,140,True
82,736,3641,3781,140,True
83,709,3641,3781,140,True
92,776,3641,3781,140,True
0,770,3642,3815,173,True
5,712,3642,3726,84,True
6,724,3642,3815,173,True
7,696,3642,3815,173,True
27,730,3642,3815,173,True
29,708,3642,3815,173,True
32,733,3642,3815,173,True
37,728,3642,3815,173,True
46,725,3642,3726,84,True
54,789,3642,3781,139,True
55,687,3642,3781,139,True
63,767,3642,3781,139,True
65,713,3642,3781,139,True
69,744,3642,3781,139,True
72,726,3642,3781,139,True
76,722,3642,3781,139,True
78,751,3642,3781,139,True
85,726,3642,3781,139,True
90,737,3642,3781,139,True
96,696,3642,3781,139,True
97,720,3642,3781,139,True
98,714,3642,3781,139,True
5,713,3643,3726,83,True
7,697,3643,3815,172,True
13,719,3643,3726,83,True
21,716,3643,3815,172,True
25,733,3643,3726,83,True
32,734,3643,3815,172,True
35,742,3643,3726,83,True
36,757,3643,3815,172,True
45,689,3643,3734,91,True
46,726,3643,3815,172,True
48,753,3643,3726,83,True
52,709,3643,,,False
54,790,3643,3781,138,True
55,688,3643,3781,138,True
68,755,3643,3781,138,True
70,751,3643,3781,138,True
72,727,3643,3781,138,True
74,730,3643,3781,138,True
76,723,3643,3781,138,True
80,761,3643,3781,138,True
1,746,3644,3815,171,True
4,749,3644,3726,82,True
22,765,3644,3726,82,True
26,716,3644,3815,171,True
30,728,3644,3726,82,True
33,725,3644,3815,171,True
35,743,3644,3726,82,True
38,720,3644,3726,82,True
41,742,3644,3726,82,True
42,754,3644,3726,82,True
49,744,3644,3815,171,True
53,718,3644,3781,137,True
54,791,3644,3781,137,True
60,698,3644,3781,137,True
61,721,3644,3781,137,True
64,776,3644,3781,137,True
68,756,3644,3781,137,True
72,728,3644,3781,137,True
76,724,3644,3781,137,True
80,762,3644,3781,137,True
86,750,3644,3781,137,True
88,741,3644,3781,137,True
94,728,3644,3781,137,True
6,725,3645,3815,170,True
10,745,3645,3726,81,True
11,720,3645,3815,170,True
19,697,3645,3726,81,True
37,729,3645,3815,170,True
44,742,3645,3815,170,True
55,689,3645,3781,136,True
56,714,3645,3781,136,True
62,710,3645,3781,136,True
69,745,3645,3781,136,True
73,707,3645,3781,136,True
84,755,3645,3781,136,True
85,727,3645,3781,136,True
88,742,3645,3781,136,True
89,726,3645,3781,136,True
93,714,3645,3781,136,True
94,729,3645,3781,136,True
97,721,3645,3781,136,True
2,739,3646,3815,169,True
10,746,3646,3726,80,True
11,721,3646,3815,169,True
12,739,3646,3815,169,True
14,726,3646,3815,169,True
18,733,3646,3726,80,True
26,717,3646,3815,169,True
33,726,3646,3815,169,True
34,716,3646,3726,80,True
37,730,3646,3815,169,True
41,743,3646,3815,169,True
42,755,3646,3726,80,True
44,743,3646,3815,169,True
59,741,3646,3781,135,True
68,757,3646,3781,135,True
75,750,3646,3781,135,True
77,734,3646,3781,135,True
94,730,3646,3781,135,True
96,697,3646,3781,135,True
7,698,3647,3815,168,True
10,747,3647,3726,79,True
11,722,3647,3815,168,True
12,740,3647,3815,168,True
16,765,3647,3815,168,True
19,698,3647,3726,79,True
26,718,3647,3815,168,True
44,744,3647,3815,168,True
46,727,3647,3815,168,True
49,745,3647,3815,168,True
55,690,3647,3781,134,True
61,722,3647,3781,134,True
65,714,3647,3781,134,True
70,752,3647,3781,134,True
80,763,3647,3781,134,True
84,756,3647,3781,134,True
86,751,3647,3781,134,True
88,743,3647,3781,134,True
90,738,3647,3781,134,True
92,777,3647,3781,134,True
93,715,3647,3781,134,True
96,698,3647,3781,134,True
97,722,3647,3781,134,True
11,723,3648,3815,167,True
12,741,3648,3815,167,True
16,766,3648,3815,167,True
18,734,3648,3726,78,True
20,700,3648,3734,86,True
22,766,3648,3726,78,True
23,731,3648,3815,167,True
28,749,3648,3726,78,True
30,729,3648,3726,78,True
43,700,3648,3726,78,True
44,745,3648,3815,167,True
64,777,3648,3781,133,True
65,715,3648,3781,133,True
67,702,3648,3781,133,True
72,729,3648,3781,133,True
77,735,3648,3781,133,True
84,757,3648,3781,133,True
85,728,3648,3781,133,True
97,723,3648,3781,133,True
1,747,3649,3815,166,True
2,740,3649,3815,166,True
3,762,3649,3815,166,True
26,719,3649,3815,166,True
31,747,3649,3815,166,True
34,717,3649,3726,77,True
35,744,3649,3726,77,True
42,756,3649,3815,166,True
46,728,3649,3815,166,True
55,691,3649,3781,132,True
62,711,3649,3781,132,True
65,716,3649,3781,132,True
78,752,3649,3781,132,True
80,764,3649,3781,132,True
82,737,3649,3781,132,True
88,744,3649,3781,132,True
89,727,3649,3781,132,True
90,739,3649,3781,132,True
91,715,3649,3781,132,True
94,731,3649,3781,132,True
3,763,3650,3815,165,True
5,714,3650,3726,76,True
6,726,3650,3815,165,True
7,699,3650,3815,165,True
9,753,3650,3815,165,True
13,720,3650,3726,76,True
16,767,3650,3815,165,True
24,682,3650,3726,76,True
26,720,3650,3815,165,True
27,731,3650,3815,165,True
33,727,3650,3815,165,True
40,809,3650,3726,76,True
41,744,3650,3815,165,True
46,729,3650,3815,165,True
49,746,3650,3815,165,True
53,719,3650,3781,131,True
62,712,3650,3781,131,True
70,753,3650,3781,131,True
72,730,3650,3781,131,True
74,731,3650,3781,131,True
75,751,3650,3781,131,True
78,753,3650,3781,131,True
86,752,3650,3781,131,True
87,692,3650,3781,131,True
89,728,3650,3781,131,True
91,716,3650,3781,131,True
92,778,3650,3781,131,True
96,699,3650,3781,131,True
97,724,3650,3781,131,True
1,748,3651,3815,164,True
3,764,3651,3815,164,True
8,721,3651,3815,164,True
12,742,3651,3815,164,True
14,727,3651,3815,164,True
15,727,3651,3734,83,True
16,768,3651,3815,164,True
17,697,3651,3815,164,True
24,683,3651,3726,75,True
32,735,3651,3815,164,True
36,758,3651,3815,164,True
40,810,3651,3726,75,True
41,745,3651,3815,164,True
47,694,3651,3815,164,True
54,792,3651,3781,130,True
56,715,3651,3781,130,True
58,719,3651,3781,130,True
59,742,3651,3781,130,True
62,713,3651,3781,130,True
63,768,3651,3781,130,True
65,717,3651,3781,130,True
69,746,3651,3781,130,True
77,736,3651,3781,130,True
79,660,3651,3781,130,True
81,675,3651,3781,130,True
82,738,3651,3781,130,True
86,753,3651,3781,130,True
87,693,3651,3781,130,True
94,732,3651,3781,130,True
97,725,3651,3781,130,True
0,771,3652,3815,163,True
6,727,3652,3815,163,True
13,721,3652,3726,74,True
14,728,3652,3815,163,True
18,735,3652,3726,74,True
23,732,3652,3815,163,True
33,728,3652,3815,163,True
36,759,3652,3815,163,True
37,731,3652,3815,163,True
42,757,3652,3815,163,True
44,746,3652,3815,163,True
50,698,3652,3781,129,True
56,716,3652,3781,129,True
58,720,3652,3781,129,True
66,693,3652,3781,129,True
67,703,3652,3781,129,True
70,754,3652,3781,129,True
75,752,3652,3781,129,True
80,765,3652,3781,129,True
81,676,3652,3781,129,True
83,710,3652,3781,129,True
88,745,3652,3781,129,True
90,740,3652,3781,129,True
97,726,3652,3781,129,True
1,749,3653,3815,162,True
3,765,3653,3815,162,True
22,767,3653,3726,73,True
23,733,3653,3815,162,True
24,684,3653,3726,73,True
25,734,3653,3726,73,True
28,750,3653,3726,73,True
32,736,3653,3815,162,True
36,760,3653,3815,162,True
57,712,3653,3781,128,True
59,743,3653,3781,128,True
66,694,3653,3781,128,True
78,754,3653,3781,128,True
87,694,3653,3781,128,True
94,733,3653,3781,128,True
4,750,3654,3815,161,True
7,700,3654,3815,161,True
10,748,3654,3815,161,True
11,724,3654,3815,161,True
19,699,3654,3726,72,True
22,768,3654,3726,72,True
28,751,3654,3726,72,True
29,709,3654,3815,161,True
38,721,3654,3726,72,True
41,746,3654,3815,161,True
45,690,3654,3734,80,True
47,695,3654,3815,161,True
51,711,3654,3781,127,True
52,710,3654,,,False
59,744,3654,3781,127,True
61,723,3654,3781,127,True
66,695,3654,3781,127,True
68,758,3654,3781,127,True
71,724,3654,3781,127,True
83,711,3654,3781,127,True
87,695,3654,3781,127,True
89,729,3654,3781,127,True
95,727,3654,3781,127,True
96,700,3654,3781,127,True
99,726,3654,3781,127,True
1,750,3655,3815,160,True
4,751,3655,3815,160,True
5,715,3655,3726,71,True
9,754,3655,3815,160,True
14,729,3655,3815,160,True
42,758,3655,3815,160,True
45,691,3655,3734,79,True
47,696,3655,3815,160,True
48,754,3655,3726,71,True
60,699,3655,3781,126,True
71,725,3655,3781,126,True
74,732,3655,3781,126,True
76,725,3655,3781,126,True
79,661,3655,3781,126,True
80,766,3655,3781,126,True
82,739,3655,3781,126,True
85,729,3655,3781,126,True
97,727,3655,3781,126,True
98,715,3655,3781,126,True
13,722,3656,3726,70,True
24,685,3656,3815,159,True
26,721,3656,3815,159,True
29,710,3656,3815,159,True
32,737,3656,3815,159,True
42,759,3656,3815,159,True
46,730,3656,3815,159,True
47,697,3656,3815,159,True
49,747,3656,3815,159,True
59,745,3656,3781,125,True
65,718,3656,3781,125,True
68,759,3656,3781,125,True
76,726,3656,3781,125,True
77,737,3656,3781,125,True
81,677,3656,3781,125,True
82,740,3656,3781,125,True
99,727,3656,3781,125,True
2,741,3657,3815,158,True
8,722,3657,3815,158,True
12,743,3657,3815,158,True
22,769,3657,3726,69,True
29,711,3657,3815,158,True
30,730,3657,3726,69,True
36,761,3657,3815,158,True
50,699,3657,3781,124,True
57,713,3657,3781,124,True
69,747,3657,3781,124,True
80,767,3657,3781,124,True
81,678,3657,3781,124,True
83,712,3657,3781,124,True
86,754,3657,3781,124,True
89,730,3657,3781,124,True
91,717,3657,3781,124,True
93,716,3657,3781,124,True
97,728,3657,3781,124,True
0,772,3658,3815,157,True
10,749,3658,3815,157,True
16,769,3658,3815,157,True
28,752,3658,3726,68,True
32,738,3658,3815,157,True
33,729,3658,3815,157,True
41,747,3658,3815,157,True
42,760,3658,3815,157,True
46,731,3658,3815,157,True
52,711,3658,,,False
56,717,3658,3781,123,True
62,714,3658,3781,123,True
63,769,3658,3781,123,True
66,696,3658,3781,123,True
74,733,3658,3781,123,True
77,738,3658,3781,123,True
81,679,3658,3781,123,True
82,741,3658,3781,123,True
93,717,3658,3781,123,True
95,728,3658,3781,123,True
10,750,3659,3815,156,True
12,744,3659,3815,156,True
15,728,3659,3734,75,True
17,698,3659,3815,156,True
18,736,3659,3815,156,True
21,717,3659,3815,156,True
27,732,3659,3815,156,True
34,718,3659,3815,156,True
36,762,3659,3815,156,True
38,722,3659,3726,67,True
39,692,3659,3815,156,True
41,748,3659,3815,156,True
45,692,3659,3734,75,True
56,718,3659,3781,122,True
57,714,3659,3781,122,True
68,760,3659,3781,122,True
69,748,3659,3781,122,True
70,755,3659,3781,122,True
71,726,3659,3781,122,True
72,731,3659,3781,122,True
74,734,3659,3781,122,True
80,768,3659,3781,122,True
82,742,3659,3781,122,True
88,746,3659,3781,122,True
98,716,3659,3781,122,True
0,773,3660,3815,155,True
1,751,3660,3815,155,True
6,728,3660,3815,155,True
16,770,3660,3838,178,True
28,753,3660,3726,66,True
32,739,3660,3815,155,True
34,719,3660,3815,155,True
35,745,3660,3726,66,True
36,763,3660,3815,155,True
48,755,3660,3815,155,True
54,793,3660,3781,121,True
56,719,3660,3781,121,True
59,746,3660,3781,121,True
64,778,3660,3781,121,True
74,735,3660,3781,121,True
81,680,3660,3781,121,True
86,755,3660,3781,121,True
87,696,3660,3781,121,True
90,741,3660,3781,121,True
95,729,3660,3781,121,True
3,766,3661,3815,154,True
4,752,3661,3815,154,True
12,745,3661,3815,154,True
15,729,3661,3734,73,True
24,686,3661,3815,154,True
26,722,3661,3815,154,True
27,733,3661,3815,154,True
28,754,3661,3726,65,True
33,730,3661,3815,154,True
37,732,3661,3815,154,True
44,747,3661,3815,154,True
58,721,3661,3781,120,True
60,700,3661,3781,120,True
67,704,3661,3781,120,True
68,761,3661,3781,120,True
78,755,3661,3781,120,True
84,758,3661,3781,120,True
88,747,3661,3781,120,True
99,728,3661,3781,120,True
0,774,3662,3815,153,True
5,716,3662,3815,153,True
9,755,3662,3815,153,True
10,751,3662,3815,153,True
11,725,3662,3815,153,True
15,730,3662,3734,72,True
32,740,3662,3815,153,True
42,761,3662,3815,153,True
45,693,3662,3734,72,True
56,720,3662,3781,119,True
57,715,3662,3781,119,True
58,722,3662,3781,119,True
63,770,3662,3781,119,True
66,697,3662,3781,119,True
71,727,3662,3781,119,True
81,681,3662,3781,119,True
92,779,3662,3781,119,True
98,717,3662,3781,119,True
2,742,3663,3815,152,True
3,767,3663,3815,152,True
6,729,3663,3815,152,True
7,701,3663,3815,152,True
14,730,3663,3815,152,True
18,737,3663,3815,152,True
22,770,3663,3815,152,True
31,748,3663,3815,152,True
32,741,3663,3815,152,True
34,720,3663,3815,152,True
40,811,3663,3726,63,True
42,762,3663,3815,152,True
43,701,3663,3726,63,True
49,748,3663,3815,152,True
55,692,3663,3781,118,True
59,747,3663,3781,118,True
66,698,3663,3781,118,True
74,736,3663,3781,118,True
79,662,3663,3781,118,True
90,742,3663,3781,118,True
92,780,3663,3781,118,True
1,752,3664,3815,151,True
6,730,3664,3815,151,True
16,771,3664,3838,174,True
21,718,3664,3815,151,True
31,749,3664,3815,151,True
32,742,3664,3815,151,True
34,721,3664,3815,151,True
41,749,3664,3815,151,True
50,700,3664,3781,117,True
52,712,3664,,,False
58,723,3664,3781,117,True
62,715,3664,3781,117,True
68,762,3664,3781,117,True
77,739,3664,3781,117,True
79,663,3664,3781,117,True
88,748,3664,3781,117,True
89,731,3664,3781,117,True
91,718,3664,3781,117,True
97,729,3664,3781,117,True
4,753,3665,3815,150,True
9,756,3665,3815,150,True
11,726,3665,3815,150,True
13,723,3665,3815,150,True
19,700,3665,3815,150,True
30,731,3665,3815,150,True
33,731,3665,3815,150,True
35,746,3665,3726,61,True
36,764,3665,3815,150,True
41,750,3665,3815,150,True
43,702,3665,3726,61,True
58,724,3665,3781,116,True
70,756,3665,3781,116,True
78,756,3665,3781,116,True
81,682,3665,3781,116,True
82,743,3665,3781,116,True
83,713,3665,3781,116,True
84,759,3665,3781,116,True
97,730,3665,3781,116,True
98,718,3665,3781,116,True
99,729,3665,3781,116,True
4,754,3666,3815,149,True
5,717,3666,3815,149,True
18,738,3666,3815,149,True
27,734,3666,3815,149,True
29,712,3666,3815,149,True
32,743,3666,3815,149,True
35,747,3666,3726,60,True
36,765,3666,3815,149,True
46,732,3666,3815,149,True
47,698,3666,3838,172,True
50,701,3666,3781,115,True
60,701,3666,3781,115,True
62,716,3666,3781,115,True
65,719,3666,3781,115,True
72,732,3666,3781,115,True
77,740,3666,3781,115,True
84,760,3666,3781,115,True
93,718,3666,3781,115,True
96,701,3666,3781,115,True
3,768,3667,3815,148,True
11,727,3667,3815,148,True
18,739,3667,3815,148,True
27,735,3667,3815,148,True
29,713,3667,3815,148,True
34,722,3667,3815,148,True
40,812,3667,3815,148,True
41,751,3667,3815,148,True
44,748,3667,3815,148,True
48,756,3667,3815,148,True
54,794,3667,3781,114,True
55,693,3667,3781,114,True
59,748,3667,3781,114,True
63,771,3667,3781,114,True
76,727,3667,3781,114,True
85,730,3667,3781,114,True
90,743,3667,3781,114,True
96,702,3667,3781,114,True
4,755,3668,3815,147,True
14,731,3668,3815,147,True
15,731,3668,3734,66,True
23,734,3668,3815,147,True
27,736,3668,3815,147,True
40,813,3668,3815,147,True
41,752,3668,3815,147,True
49,749,3668,3815,147,True
54,795,3668,3781,113,True
61,724,3668,3781,113,True
70,757,3668,3781,113,True
74,737,3668,3781,113,True
83,714,3668,3781,113,True
84,761,3668,3781,113,True
85,731,3668,3781,113,True
89,732,3668,3781,113,True
90,744,3668,3781,113,True
92,781,3668,3781,113,True
95,730,3668,3781,113,True
96,703,3668,3781,113,True
3,769,3669,3815,146,True
5,718,3669,3815,146,True
7,702,3669,3815,146,True
13,724,3669,3815,146,True
25,735,3669,3726,57,True
29,714,3669,3815,146,True
41,753,3669,3815,146,True
44,749,3669,3838,169,True
45,694,3669,3734,65,True
46,733,3669,3815,146,True
49,750,3669,3815,146,True
52,713,3669,,,False
53,720,3669,3781,112,True
58,725,3669,3781,112,True
64,779,3669,3781,112,True
67,705,3669,3781,112,True
68,763,3669,3781,112,True
69,749,3669,3781,112,True
72,733,3669,3781,112,True
82,744,3669,3781,112,True
88,749,3669,3781,112,True
98,719,3669,3781,112,True
3,770,3670,3815,145,True
4,756,3670,3815,145,True
5,719,3670,3815,145,True
11,728,3670,3815,145,True
18,740,3670,3815,145,True
22,771,3670,3815,145,True
37,733,3670,3815,145,True
39,693,3670,3815,145,True
41,754,3670,3815,145,True
45,695,3670,3734,64,True
47,699,3670,3838,168,True
49,751,3670,3815,145,True
50,702,3670,3781,111,True
63,772,3670,3781,111,True
64,780,3670,3781,111,True
65,720,3670,3781,111,True
67,706,3670,3781,111,True
70,758,3670,3781,111,True
71,728,3670,3781,111,True
81,683,3670,3781,111,True
92,782,3670,3781,111,True
93,719,3670,3781,111,True
95,731,3670,3781,111,True
3,771,3671,3815,144,True
4,757,3671,3815,144,True
15,732,3671,3815,144,True
16,772,3671,3838,167,True
19,701,3671,3815,144,True
21,719,3671,3815,144,True
29,715,3671,3815,144,True
37,734,3671,3815,144,True
38,723,3671,3815,144,True
43,703,3671,3815,144,True
47,700,3671,3838,167,True
50,703,3671,3781,110,True
54,796,3671,3781,110,True
64,781,3671,3781,110,True
68,764,3671,3781,110,True
87,697,3671,3781,110,True
95,732,3671,3781,110,True
96,704,3671,3829,158,True
2,743,3672,3815,143,True
4,758,3672,3815,143,True
7,703,3672,3815,143,True
10,752,3672,3815,143,True
13,725,3672,3815,143,True
14,732,3672,3838,166,True
22,772,3672,3815,143,True
32,744,3672,3815,143,True
33,732,3672,3815,143,True
39,694,3672,3815,143,True
42,763,3672,3815,143,True
43,704,3672,3815,143,True
45,696,3672,3734,62,True
60,702,3672,3781,109,True
62,717,3672,3781,109,True
64,782,3672,3781,109,True
74,738,3672,3781,109,True
78,757,3672,3781,109,True
82,745,3672,3781,109,True
84,762,3672,3781,109,True
85,732,3672,3781,109,True
87,698,3672,3781,109,True
89,733,3672,3781,109,True
91,719,3672,3781,109,True
94,734,3672,3781,109,True
99,730,3672,3781,109,True
1,753,3673,3815,142,True
2,744,3673,3815,142,True
5,720,3673,3815,142,True
35,748,3673,3815,142,True
36,766,3673,3815,142,True
40,814,3673,3815,142,True
44,750,3673,3838,165,True
46,734,3673,3815,142,True
48,757,3673,3815,142,True
52,714,3673,,,False
55,694,3673,3781,108,True
59,749,3673,3781,108,True
62,718,3673,3781,108,True
66,699,3673,3781,108,True
68,765,3673,3781,108,True
74,739,3673,3781,108,True
77,741,3673,3781,108,True
82,746,3673,3781,108,True
6,731,3674,3815,141,True
7,704,3674,3815,141,True
10,753,3674,3815,141,True
13,726,3674,3815,141,True
27,737,3674,3815,141,True
29,716,3674,3815,141,True
34,723,3674,3815,141,True
44,751,3674,3838,164,True
45,697,3674,3734,60,True
46,735,3674,3815,141,True
56,721,3674,3815,141,True
57,716,3674,3781,107,True
58,726,3674,3781,107,True
70,759,3674,3781,107,True
75,753,3674,3781,107,True
77,742,3674,3781,107,True
94,735,3674,3781,107,True
95,733,3674,3781,107,True
10,754,3675,3815,140,True
12,746,3675,3815,140,True
13,727,3675,3815,140,True
20,701,3675,3734,59,True
22,773,3675,3815,140,True
24,687,3675,3815,140,True
25,736,3675,3815,140,True
28,755,3675,3815,140,True
31,750,3675,3815,140,True
34,724,3675,3815,140,True
37,735,3675,3815,140,True
43,705,3675,3815,140,True
45,698,3675,3734,59,True
48,758,3675,3815,140,True
49,752,3675,3815,140,True
50,704,3675,3781,106,True
62,719,3675,3781,106,True
85,733,3675,3781,106,True
89,734,3675,3781,106,True
92,783,3675,3829,154,True
93,720,3675,3781,106,True
5,721,3676,3815,139,True
10,755,3676,3815,139,True
12,747,3676,3815,139,True
20,702,3676,3734,58,True
21,720,3676,3815,139,True
29,717,3676,3838,162,True
33,733,3676,3815,139,True
40,815,3676,3815,139,True
42,764,3676,3815,139,True
44,752,3676,3838,162,True
47,701,3676,3838,162,True
55,695,3676,3781,105,True
56,722,3676,3815,139,True
58,727,3676,3781,105,True
77,743,3676,3781,105,True
79,664,3676,3781,105,True
80,769,3676,3781,105,True
84,763,3676,3781,105,True
91,720,3676,3781,105,True
93,721,3676,3781,105,True
95,734,3676,3781,105,True
97,731,3676,3781,105,True
1,754,3677,3815,138,True
9,757,3677,3815,138,True
17,699,3677,3815,138,True
36,767,3677,3815,138,True
40,816,3677,3815,138,True
42,765,3677,3815,138,True
62,720,3677,3781,104,True
71,729,3677,3781,104,True
73,708,3677,3781,104,True
75,754,3677,3781,104,True
98,720,3677,3781,104,True
2,745,3678,3815,137,True
8,723,3678,3815,137,True
13,728,3678,3815,137,True
16,773,3678,3838,160,True
23,735,3678,3815,137,True
31,751,3678,3815,137,True
36,768,3678,3815,137,True
41,755,3678,3815,137,True
43,706,3678,3815,137,True
46,736,3678,3815,137,True
49,753,3678,3815,137,True
57,717,3678,3781,103,True
59,750,3678,3781,103,True
65,721,3678,3781,103,True
67,707,3678,3781,103,True
68,766,3678,3781,103,True
70,760,3678,3781,103,True
72,734,3678,3781,103,True
79,665,3678,3781,103,True
86,756,3678,3781,103,True
88,750,3678,3829,151,True
97,732,3678,3829,151,True
5,722,3679,3815,136,True
11,729,3679,3815,136,True
14,733,3679,3838,159,True
31,752,3679,3815,136,True
32,745,3679,3815,136,True
44,753,3679,3838,159,True
48,759,3679,3815,136,True
52,715,3679,,,False
56,723,3679,3815,136,True
60,703,3679,3781,102,True
61,725,3679,3781,102,True
62,721,3679,3781,102,True
66,700,3679,3781,102,True
67,708,3679,3781,102,True
72,735,3679,3781,102,True
75,755,3679,3781,102,True
81,684,3679,3781,102,True
82,747,3679,3781,102,True
93,722,3679,3781,102,True
95,735,3679,3781,102,True
12,748,3680,3815,135,True
20,703,3680,3815,135,True
33,734,3680,3815,135,True
35,749,3680,3815,135,True
38,724,3680,3815,135,True
39,695,3680,3815,135,True
46,737,3680,3815,135,True
51,712,3680,3815,135,True
53,721,3680,3781,101,True
54,797,3680,3781,101,True
57,718,3680,3781,101,True
59,751,3680,3781,101,True
64,783,3680,3815,135,True
65,722,3680,3781,101,True
68,767,3680,3781,101,True
69,750,3680,3781,101,True
75,756,3680,3781,101,True
77,744,3680,3781,101,True
78,758,3680,3781,101,True
82,748,3680,3781,101,True
89,735,3680,3781,101,True
93,723,3680,3781,101,True
94,736,3680,3781,101,True
0,775,3681,3838,157,True
6,732,3681,3815,134,True
8,724,3681,3815,134,True
11,730,3681,3815,134,True
25,737,3681,3815,134,True
35,750,3681,3815,134,True
38,725,3681,3815,134,True
59,752,3681,3781,100,True
68,768,3681,3781,100,True
71,730,3681,3781,100,True
73,709,3681,3815,134,True
77,745,3681,3781,100,True
86,757,3681,3781,100,True
95,736,3681,3781,100,True
3,772,3682,3815,133,True
5,723,3682,3815,133,True
8,725,3682,3815,133,True
27,738,3682,3815,133,True
28,756,3682,3815,133,True
36,769,3682,3815,133,True
42,766,3682,3815,133,True
47,702,3682,3838,156,True
56,724,3682,3815,133,True
64,784,3682,3815,133,True
66,701,3682,3781,99,True
71,731,3682,3829,147,True
73,710,3682,3815,133,True
86,758,3682,3781,99,True
87,699,3682,3781,99,True
90,745,3682,3781,99,True
92,784,3682,3829,147,True
95,737,3682,3781,99,True
5,724,3683,3815,132,True
7,705,3683,3815,132,True
11,731,3683,3838,155,True
16,774,3683,3838,155,True
37,736,3683,3815,132,True
55,696,3683,3781,98,True
57,719,3683,3781,98,True
69,751,3683,3781,98,True
73,711,3683,3815,132,True
75,757,3683,3781,98,True
76,728,3683,3781,98,True
78,759,3683,3781,98,True
85,734,3683,3815,132,True
94,737,3683,3781,98,True
95,738,3683,3781,98,True
97,733,3683,3829,146,True
0,776,3684,3838,154,True
6,733,3684,3815,131,True
9,758,3684,3815,131,True
18,741,3684,3815,131,True
21,721,3684,3838,154,True
26,723,3684,3815,131,True
28,757,3684,3815,131,True
30,732,3684,3815,131,True
34,725,3684,3815,131,True
48,760,3684,3815,131,True
54,798,3684,3781,97,True
56,725,3684,3815,131,True
58,728,3684,3781,97,True
67,709,3684,3781,97,True
78,760,3684,3829,145,True
81,685,3684,3781,97,True
88,751,3684,3829,145,True
0,777,3685,3838,153,True
1,755,3685,3838,153,True
10,756,3685,3838,153,True
13,729,3685,3815,130,True
14,734,3685,3838,153,True
23,736,3685,3838,153,True
27,739,3685,3815,130,True
28,758,3685,3815,130,True
31,753,3685,3815,130,True
36,770,3685,3815,130,True
39,696,3685,3815,130,True
45,699,3685,3815,130,True
48,761,3685,3815,130,True
54,799,3685,3781,96,True
59,753,3685,3781,96,True
66,702,3685,3781,96,True
67,710,3685,3781,96,True
71,732,3685,3829,144,True
74,740,3685,3781,96,True
76,729,3685,3781,96,True
81,686,3685,3781,96,True
82,749,3685,3781,96,True
93,724,3685,3781,96,True
97,734,3685,3829,144,True
98,721,3685,3781,96,True
2,746,3686,3815,129,True
8,726,3686,3815,129,True
13,730,3686,3815,129,True
24,688,3686,3815,129,True
31,754,3686,3815,129,True
33,735,3686,3838,152,True
35,751,3686,3815,129,True
42,767,3686,3815,129,True
56,726,3686,3815,129,True
57,720,3686,3781,95,True
58,729,3686,3781,95,True
61,726,3686,3815,129,True
70,761,3686,3781,95,True
73,712,3686,3815,129,True
74,741,3686,3781,95,True
80,770,3686,3781,95,True
81,687,3686,3781,95,True
84,764,3686,3781,95,True
85,735,3686,3815,129,True
88,752,3686,3829,143,True
99,731,3686,3781,95,True
11,732,3687,3838,151,True
19,702,3687,3815,128,True
29,718,3687,3838,151,True
31,755,3687,3815,128,True
34,726,3687,3815,128,True
36,771,3687,3815,128,True
42,768,3687,3815,128,True
43,707,3687,3815,128,True
49,754,3687,3815,128,True
50,705,3687,3781,94,True
52,716,3687,,,False
54,800,3687,3781,94,True
56,727,3687,3815,128,True
59,754,3687,3781,94,True
62,722,3687,3829,142,True
69,752,3687,3781,94,True
70,762,3687,3781,94,True
72,736,3687,3781,94,True
84,765,3687,3781,94,True
98,722,3687,3781,94,True
1,756,3688,3838,150,True
5,725,3688,3815,127,True
11,733,3688,3838,150,True
12,749,3688,3815,127,True
14,735,3688,3838,150,True
15,733,3688,3815,127,True
38,726,3688,3815,127,True
39,697,3688,3815,127,True
47,703,3688,3838,150,True
54,801,3688,3781,93,True
56,728,3688,3815,127,True
57,721,3688,3781,93,True
58,730,3688,3781,93,True
63,773,3688,3781,93,True
80,771,3688,3781,93,True
82,750,3688,3781,93,True
83,715,3688,3781,93,True
88,753,3688,3829,141,True
90,746,3688,3829,141,True
0,778,3689,3838,149,True
8,727,3689,3838,149,True
9,759,3689,3815,126,True
13,731,3689,3815,126,True
15,734,3689,3815,126,True
18,742,3689,3815,126,True
24,689,3689,3815,126,True
30,733,3689,3815,126,True
37,737,3689,3815,126,True
39,698,3689,3815,126,True
45,700,3689,3815,126,True
46,738,3689,3815,126,True
49,755,3689,3815,126,True
61,727,3689,3815,126,True
69,753,3689,3781,92,True
72,737,3689,3781,92,True
79,666,3689,3781,92,True
80,772,3689,3781,92,True
91,721,3689,3781,92,True
97,735,3689,3829,140,True
99,732,3689,3781,92,True
2,747,3690,3815,125,True
6,734,3690,3815,125,True
13,732,3690,3815,125,True
15,735,3690,3815,125,True
16,775,3690,3838,148,True
19,703,3690,3815,125,True
29,719,3690,3838,148,True
33,736,3690,3838,148,True
36,772,3690,3815,125,True
47,704,3690,3838,148,True
50,706,3690,3781,91,True
53,722,3690,3829,139,True
57,722,3690,3781,91,True
61,728,3690,3815,125,True
66,703,3690,3781,91,True
69,754,3690,3781,91,True
70,763,3690,3781,91,True
75,758,3690,3829,139,True
76,730,3690,3781,91,True
86,759,3690,3781,91,True
88,754,3690,3829,139,True
89,736,3690,3829,139,True
94,738,3690,3781,91,True
2,748,3691,3815,124,True
7,706,3691,3838,147,True
12,750,3691,3815,124,True
18,743,3691,3815,124,True
19,704,3691,3815,124,True
33,737,3691,3838,147,True
38,727,3691,3815,124,True
46,739,3691,3815,124,True
56,729,3691,3815,124,True
66,704,3691,3781,90,True
73,713,3691,3815,124,True
79,667,3691,3781,90,True
12,751,3692,3815,123,True
13,733,3692,3815,123,True
24,690,3692,3815,123,True
31,756,3692,3815,123,True
41,756,3692,3815,123,True
43,708,3692,3815,123,True
44,754,3692,3838,146,True
48,762,3692,3815,123,True
58,731,3692,3781,89,True
64,785,3692,3815,123,True
75,759,3692,3829,137,True
79,668,3692,3781,89,True
81,688,3692,3781,89,True
82,751,3692,3781,89,True
92,785,3692,3829,137,True
94,739,3692,3781,89,True
96,705,3692,3829,137,True
10,757,3693,3838,145,True
11,734,3693,3838,145,True
15,736,3693,3815,122,True
16,776,3693,3838,145,True
19,705,3693,3815,122,True
20,704,3693,3815,122,True
26,724,3693,3815,122,True
27,740,3693,3815,122,True
34,727,3693,3815,122,True
37,738,3693,3838,145,True
42,769,3693,3815,122,True
44,755,3693,3838,145,True
46,740,3693,3815,122,True
52,717,3693,,,False
55,697,3693,3781,88,True
61,729,3693,3815,122,True
65,723,3693,3781,88,True
77,746,3693,3781,88,True
82,752,3693,3781,88,True
84,766,3693,3781,88,True
86,760,3693,3781,88,True
87,700,3693,3829,136,True
88,755,3693,3829,136,True
94,740,3693,3781,88,True
6,735,3694,3815,121,True
14,736,3694,3838,144,True
30,734,3694,3815,121,True
35,752,3694,3815,121,True
37,739,3694,3838,144,True
38,728,3694,3815,121,True
42,770,3694,3815,121,True
44,756,3694,3838,144,True
45,701,3694,3815,121,True
54,802,3694,3781,87,True
59,755,3694,3829,135,True
60,704,3694,3781,87,True
66,705,3694,3781,87,True
70,764,3694,3815,121,True
79,669,3694,3781,87,True
89,737,3694,3829,135,True
2,749,3695,3838,143,True
6,736,3695,3815,120,True
8,728,3695,3838,143,True
10,758,3695,3838,143,True
25,738,3695,3838,143,True
28,759,3695,3815,120,True
31,757,3695,3815,120,True
34,728,3695,3815,120,True
44,757,3695,3838,143,True
46,741,3695,3815,120,True
48,763,3695,3815,120,True
52,718,3695,,,False
56,730,3695,3815,120,True
57,723,3695,3781,86,True
63,774,3695,3829,134,True
79,670,3695,3781,86,True
81,689,3695,3781,86,True
85,736,3695,3815,120,True
95,739,3695,3781,86,True
98,723,3695,3781,86,True
20,705,3696,3815,119,True
22,774,3696,3815,119,True
29,720,3696,3838,142,True
36,773,3696,3815,119,True
37,740,3696,3838,142,True
46,742,3696,3815,119,True
47,705,3696,3838,142,True
48,764,3696,3815,119,True
49,756,3696,3838,142,True
58,732,3696,3829,133,True
60,705,3696,3781,85,True
69,755,3696,3829,133,True
76,731,3696,3781,85,True
82,753,3696,3781,85,True
95,740,3696,3781,85,True
4,759,3697,3815,118,True
5,726,3697,3815,118,True
10,759,3697,3838,141,True
11,735,3697,3838,141,True
13,734,3697,3838,141,True
17,700,3697,3815,118,True
19,706,3697,3838,141,True
23,737,3697,3838,141,True
24,691,3697,3815,118,True
25,739,3697,3838,141,True
30,735,3697,3815,118,True
35,753,3697,3815,118,True
39,699,3697,3838,141,True
53,723,3697,3829,132,True
57,724,3697,3781,84,True
60,706,3697,3781,84,True
63,775,3697,3829,132,True
65,724,3697,3815,118,True
68,769,3697,3781,84,True
74,742,3697,3781,84,True
76,732,3697,3781,84,True
77,747,3697,3781,84,True
82,754,3697,3781,84,True
84,767,3697,3781,84,True
85,737,3697,3815,118,True
94,741,3697,3815,118,True
4,760,3698,3815,117,True
6,737,3698,3815,117,True
10,760,3698,3838,140,True
22,775,3698,3815,117,True
24,692,3698,3815,117,True
26,725,3698,3815,117,True
34,729,3698,3815,117,True
38,729,3698,3815,117,True
48,765,3698,3815,117,True
87,701,3698,3829,131,True
90,747,3698,3829,131,True
93,725,3698,3829,131,True
97,736,3698,3829,131,True
98,724,3698,3781,83,True
0,779,3699,3838,139,True
2,750,3699,3838,139,True
8,729,3699,3838,139,True
14,737,3699,3838,139,True
17,701,3699,3815,116,True
27,741,3699,3815,116,True
28,760,3699,3815,116,True
29,721,3699,3838,139,True
38,730,3699,3815,116,True
40,817,3699,3815,116,True
58,733,3699,3829,130,True
59,756,3699,3829,130,True
73,714,3699,3815,116,True
78,761,3699,3829,130,True
83,716,3699,3781,82,True
93,726,3699,3829,130,True
96,706,3699,3829,130,True
98,725,3699,3781,82,True
99,733,3699,3829,130,True
12,752,3700,3838,138,True
13,735,3700,3838,138,True
14,738,3700,3838,138,True
20,706,3700,3815,115,True
21,722,3700,3838,138,True
30,736,3700,3815,115,True
33,738,3700,3838,138,True
34,730,3700,3815,115,True
37,741,3700,3838,138,True
42,771,3700,3815,115,True
45,702,3700,3815,115,True
57,725,3700,3815,115,True
65,725,3700,3815,115,True
79,671,3700,3781,81,True
84,768,3700,3829,129,True
87,702,3700,3829,129,True
88,756,3700,3829,129,True
91,722,3700,3781,81,True
94,742,3700,3815,115,True
14,739,3701,3838,137,True
26,726,3701,3815,114,True
31,758,3701,3815,114,True
37,742,3701,3838,137,True
47,706,3701,3838,137,True
56,731,3701,3815,114,True
75,760,3701,3829,128,True
76,733,3701,3815,114,True
78,762,3701,3829,128,True
80,773,3701,3781,80,True
81,690,3701,3829,128,True
85,738,3701,3829,128,True
87,703,3701,3829,128,True
96,707,3701,3829,128,True
3,773,3702,3838,136,True
4,761,3702,3815,113,True
6,738,3702,3815,113,True
8,730,3702,3838,136,True
11,736,3702,3838,136,True
13,736,3702,3838,136,True
15,737,3702,3815,113,True
17,702,3702,3815,113,True
20,707,3702,3815,113,True
25,740,3702,3838,136,True
33,739,3702,3838,136,True
42,772,3702,3838,136,True
55,698,3702,3857,155,True
58,734,3702,3829,127,True
61,730,3702,3815,113,True
62,723,3702,3829,127,True
71,733,3702,3829,127,True
80,774,3702,3781,79,True
81,691,3702,3829,127,True
83,717,3702,3781,79,True
85,739,3702,3829,127,True
91,723,3702,3781,79,True
97,737,3702,3829,127,True
11,737,3703,3838,135,True
12,753,3703,3838,135,True
13,737,3703,3838,135,True
22,776,3703,3815,112,True
23,738,3703,3838,135,True
26,727,3703,3815,112,True
27,742,3703,3815,112,True
31,759,3703,3815,112,True
35,754,3703,3815,112,True
39,700,3703,3838,135,True
56,732,3703,3829,126,True
58,735,3703,3829,126,True
65,726,3703,3815,112,True
67,711,3703,3781,78,True
73,715,3703,3815,112,True
81,692,3703,3829,126,True
94,743,3703,3815,112,True
96,708,3703,3829,126,True
5,727,3704,3838,134,True
7,707,3704,3838,134,True
9,760,3704,3815,111,True
10,761,3704,3838,134,True
11,738,3704,3838,134,True
12,754,3704,3838,134,True
20,708,3704,3815,111,True
24,693,3704,3815,111,True
25,741,3704,3838,134,True
26,728,3704,3815,111,True
32,746,3704,3838,134,True
42,773,3704,3838,134,True
52,719,3704,,,False
53,724,3704,3829,125,True
54,803,3704,3829,125,True
58,736,3704,3829,125,True
66,706,3704,3829,125,True
79,672,3704,3815,111,True
82,755,3704,3829,125,True
85,740,3704,3829,125,True
87,704,3704,3829,125,True
89,738,3704,3829,125,True
92,786,3704,3829,125,True
93,727,3704,3829,125,True
95,741,3704,3815,111,True
1,757,3705,3838,133,True
10,762,3705,3838,133,True
12,755,3705,3838,133,True
29,722,3705,3838,133,True
36,774,3705,3838,133,True
38,731,3705,3815,110,True
41,757,3705,3815,110,True
42,774,3705,3838,133,True
50,707,3705,3829,124,True
53,725,3705,3829,124,True
54,804,3705,3829,124,True
61,731,3705,3815,110,True
75,761,3705,3829,124,True
79,673,3705,3815,110,True
80,775,3705,3781,76,True
84,769,3705,3829,124,True
88,757,3705,3829,124,True
95,742,3705,3815,110,True
98,726,3705,3781,76,True
0,780,3706,3838,132,True
2,751,3706,3838,132,True
5,728,3706,3838,132,True
14,740,3706,3838,132,True
21,723,3706,3838,132,True
24,694,3706,3815,109,True
28,761,3706,3815,109,True
35,755,3706,3815,109,True
36,775,3706,3838,132,True
37,743,3706,3838,132,True
38,732,3706,3815,109,True
41,758,3706,3815,109,True
42,775,3706,3838,132,True
55,699,3706,3857,151,True
58,737,3706,3829,123,True
60,707,3706,3829,123,True
63,776,3706,3829,123,True
66,707,3706,3829,123,True
69,756,3706,3829,123,True
71,734,3706,3829,123,True
78,763,3706,3829,123,True
81,693,3706,3829,123,True
87,705,3706,3829,123,True
94,744,3706,3815,109,True
97,738,3706,3829,123,True
1,758,3707,3838,131,True
2,752,3707,3838,131,True
8,731,3707,3838,131,True
11,739,3707,3838,131,True
16,777,3707,3838,131,True
20,709,3707,3815,108,True
23,739,3707,3838,131,True
25,742,3707,3838,131,True
28,762,3707,3815,108,True
42,776,3707,3838,131,True
57,726,3707,3815,108,True
58,738,3707,3829,122,True
60,708,3707,3829,122,True
86,761,3707,3815,108,True
89,739,3707,3829,122,True
92,787,3707,3829,122,True
95,743,3707,3815,108,True
97,739,3707,3829,122,True
98,727,3707,3781,74,True
99,734,3707,3829,122,True
1,759,3708,3838,130,True
6,739,3708,3815,107,True
11,740,3708,3838,130,True
12,756,3708,3838,130,True
17,703,3708,3838,130,True
18,744,3708,3838,130,True
19,707,3708,3838,130,True
27,743,3708,3838,130,True
34,731,3708,3815,107,True
41,759,3708,3838,130,True
43,709,3708,3838,130,True
50,708,3708,3829,121,True
57,727,3708,3815,107,True
66,708,3708,3829,121,True
75,762,3708,3829,121,True
82,756,3708,3829,121,True
85,741,3708,3829,121,True
95,744,3708,3815,107,True
98,728,3708,3781,73,True
13,738,3709,3838,129,True
19,708,3709,3838,129,True
21,724,3709,3838,129,True
24,695,3709,3815,106,True
39,701,3709,3838,129,True
52,720,3709,,,False
56,733,3709,3829,120,True
60,709,3709,3829,120,True
67,712,3709,3829,120,True
68,770,3709,3815,106,True
80,776,3709,3815,106,True
88,758,3709,3829,120,True
94,745,3709,3815,106,True
2,753,3710,3838,128,True
17,704,3710,3838,128,True
26,729,3710,3838,128,True
33,740,3710,3838,128,True
35,756,3710,3815,105,True
40,818,3710,3838,128,True
57,728,3710,3815,105,True
59,757,3710,3829,119,True
61,732,3710,3815,105,True
62,724,3710,3829,119,True
67,713,3710,3829,119,True
72,738,3710,3815,105,True
74,743,3710,3829,119,True
75,763,3710,3829,119,True
79,674,3710,3815,105,True
80,777,3710,3815,105,True
86,762,3710,3815,105,True
87,706,3710,3829,119,True
90,748,3710,3829,119,True
91,724,3710,3829,119,True
92,788,3710,3829,119,True
96,709,3710,3829,119,True
99,735,3710,3829,119,True
1,760,3711,3838,127,True
3,774,3711,3838,127,True
5,729,3711,3838,127,True
19,709,3711,3838,127,True
21,725,3711,3838,127,True
39,702,3711,3838,127,True
46,743,3711,3838,127,True
57,729,3711,3815,104,True
68,771,3711,3815,104,True
69,757,3711,3829,118,True
72,739,3711,3815,104,True
74,744,3711,3829,118,True
75,764,3711,3829,118,True
78,764,3711,3829,118,True
83,718,3711,3829,118,True
92,789,3711,3829,118,True
96,710,3711,3829,118,True
97,740,3711,3829,118,True
99,736,3711,3829,118,True
3,775,3712,3838,126,True
5,730,3712,3838,126,True
7,708,3712,3838,126,True
8,732,3712,3838,126,True
18,745,3712,3838,126,True
29,723,3712,3838,126,True
33,741,3712,3838,126,True
34,732,3712,3815,103,True
37,744,3712,3838,126,True
42,777,3712,3838,126,True
46,744,3712,3838,126,True
48,766,3712,3815,103,True
55,700,3712,3857,145,True
57,730,3712,3815,103,True
60,710,3712,3829,117,True
63,777,3712,3829,117,True
70,765,3712,3815,103,True
72,740,3712,3815,103,True
75,765,3712,3829,117,True
76,734,3712,3815,103,True
78,765,3712,3829,117,True
79,675,3712,3815,103,True
80,778,3712,3815,103,True
83,719,3712,3829,117,True
88,759,3712,3829,117,True
94,746,3712,3815,103,True
97,741,3712,3829,117,True
3,776,3713,3838,125,True
4,762,3713,3838,125,True
6,740,3713,3838,125,True
26,730,3713,3838,125,True
28,763,3713,3838,125,True
38,733,3713,3815,102,True
40,819,3713,3838,125,True
42,778,3713,3838,125,True
45,703,3713,3815,102,True
46,745,3713,3838,125,True
60,711,3713,3829,116,True
71,735,3713,3829,116,True
72,741,3713,3815,102,True
73,716,3713,3815,102,True
78,766,3713,3829,116,True
82,757,3713,3829,116,True
85,742,3713,3829,116,True
93,728,3713,3829,116,True
97,742,3713,3829,116,True
99,737,3713,3829,116,True
1,761,3714,3838,124,True
7,709,3714,3838,124,True
10,763,3714,3838,124,True
20,710,3714,3815,101,True
22,777,3714,3838,124,True
24,696,3714,3838,124,True
26,731,3714,3838,124,True
31,760,3714,3815,101,True
37,745,3714,3838,124,True
48,767,3714,3838,124,True
49,757,3714,3838,124,True
55,701,3714,3857,143,True
59,758,3714,3829,115,True
62,725,3714,3829,115,True
64,786,3714,3815,101,True
66,709,3714,3829,115,True
75,766,3714,3829,115,True
78,767,3714,3829,115,True
81,694,3714,3829,115,True
86,763,3714,3815,101,True
87,707,3714,3829,115,True
88,760,3714,3829,115,True
91,725,3714,3829,115,True
93,729,3714,3829,115,True
97,743,3714,3829,115,True
99,738,3714,3829,115,True
3,777,3715,3838,123,True
15,738,3715,3815,100,True
16,778,3715,3838,123,True
19,710,3715,3838,123,True
22,778,3715,3838,123,True
26,732,3715,3838,123,True
33,742,3715,3838,123,True
39,703,3715,3838,123,True
47,707,3715,3838,123,True
72,742,3715,3815,100,True
80,779,3715,3815,100,True
82,758,3715,3829,114,True
85,743,3715,3829,114,True
86,764,3715,3815,100,True
95,745,3715,3815,100,True
98,729,3715,3815,100,True
0,781,3716,3838,122,True
4,763,3716,3838,122,True
5,731,3716,3838,122,True
13,739,3716,3838,122,True
16,779,3716,3838,122,True
21,726,3716,3838,122,True
22,779,3716,3838,122,True
25,743,3716,3838,122,True
28,764,3716,3838,122,True
32,747,3716,3838,122,True
41,760,3716,3838,122,True
42,779,3716,3838,122,True
50,709,3716,3829,113,True
51,713,3716,3829,113,True
52,721,3716,,,False
62,726,3716,3829,113,True
77,748,3716,3829,113,True
88,761,3716,3829,113,True
93,730,3716,3829,113,True
0,782,3717,3838,121,True
6,741,3717,3838,121,True
10,764,3717,3838,121,True
32,748,3717,3838,121,True
42,780,3717,3838,121,True
49,758,3717,3838,121,True
59,759,3717,3829,112,True
72,743,3717,3815,98,True
75,767,3717,3829,112,True
79,676,3717,3815,98,True
89,740,3717,3829,112,True
97,744,3717,3829,112,True
4,764,3718,3838,120,True
5,732,3718,3838,120,True
7,710,3718,3838,120,True
10,765,3718,3838,120,True
16,780,3718,3838,120,True
20,711,3718,3815,97,True
24,697,3718,3838,120,True
25,744,3718,3838,120,True
26,733,3718,3838,120,True
29,724,3718,3838,120,True
30,737,3718,3815,97,True
34,733,3718,3815,97,True
42,781,3718,3838,120,True
45,704,3718,3815,97,True
48,768,3718,3838,120,True
49,759,3718,3838,120,True
50,710,3718,3829,111,True
56,734,3718,3829,111,True
58,739,3718,3829,111,True
59,760,3718,3829,111,True
63,778,3718,3829,111,True
68,772,3718,3829,111,True
79,677,3718,3815,97,True
82,759,3718,3829,111,True
89,741,3718,3829,111,True
94,747,3718,3829,111,True
97,745,3718,3829,111,True
4,765,3719,3838,119,True
5,733,3719,3838,119,True
6,742,3719,3838,119,True
14,741,3719,3838,119,True
17,705,3719,3838,119,True
19,711,3719,3838,119,True
20,712,3719,3815,96,True
23,740,3719,3838,119,True
27,744,3719,3838,119,True
36,776,3719,3838,119,True
39,704,3719,3838,119,True
46,746,3719,3838,119,True
49,760,3719,3838,119,True
53,726,3719,3829,110,True
54,805,3719,3829,110,True
56,735,3719,3829,110,True
58,740,3719,3829,110,True
62,727,3719,3829,110,True
65,727,3719,3815,96,True
72,744,3719,3815,96,True
75,768,3719,3829,110,True
79,678,3719,3829,110,True
84,770,3719,3829,110,True
87,708,3719,3829,110,True
90,749,3719,3829,110,True
91,726,3719,3829,110,True
2,754,3720,3838,118,True
4,766,3720,3838,118,True
10,766,3720,3838,118,True
16,781,3720,3838,118,True
33,743,3720,3838,118,True
44,758,3720,3838,118,True
45,705,3720,3815,95,True
46,747,3720,3838,118,True
53,727,3720,3829,109,True
55,702,3720,3857,137,True
65,728,3720,3815,95,True
66,710,3720,3829,109,True
73,717,3720,3829,109,True
74,745,3720,3829,109,True
76,735,3720,3815,95,True
81,695,3720,3829,109,True
83,720,3720,3829,109,True
88,762,3720,3829,109,True
97,746,3720,3829,109,True
4,767,3721,3838,117,True
12,757,3721,3838,117,True
30,738,3721,3815,94,True
31,761,3721,3838,117,True
35,757,3721,3815,94,True
38,734,3721,3838,117,True
44,759,3721,3838,117,True
51,714,3721,3829,108,True
53,728,3721,3829,108,True
73,718,3721,3829,108,True
74,746,3721,3829,108,True
79,679,3721,3829,108,True
80,780,3721,3829,108,True
87,709,3721,3829,108,True
3,778,3722,3838,116,True
7,711,3722,3838,116,True
8,733,3722,3838,116,True
13,740,3722,3838,116,True
17,706,3722,3838,116,True
20,713,3722,3815,93,True
24,698,3722,3838,116,True
32,749,3722,3838,116,True
33,744,3722,3838,116,True
36,777,3722,3838,116,True
41,761,3722,3838,116,True
53,729,3722,3829,107,True
57,731,3722,3815,93,True
70,766,3722,3815,93,True
72,745,3722,3815,93,True
75,769,3722,3829,107,True
77,749,3722,3829,107,True
80,781,3722,3829,107,True
81,696,3722,3829,107,True
82,760,3722,3829,107,True
84,771,3722,3829,107,True
85,744,3722,3829,107,True
86,765,3722,3815,93,True
92,790,3722,3829,107,True
94,748,3722,3829,107,True
99,739,3722,3829,107,True
4,768,3723,3838,115,True
12,758,3723,3838,115,True
36,778,3723,3838,115,True
38,735,3723,3838,115,True
39,705,3723,3838,115,True
48,769,3723,3838,115,True
58,741,3723,3829,106,True
61,733,3723,3829,106,True
64,787,3723,3815,92,True
66,711,3723,3829,106,True
82,761,3723,3829,106,True
83,721,3723,3829,106,True
85,745,3723,3829,106,True
88,763,3723,3918,195,True
89,742,3723,3829,106,True
90,750,3723,3829,106,True
91,727,3723,3829,106,True
92,791,3723,3829,106,True
1,762,3724,3838,114,True
2,755,3724,3838,114,True
5,734,3724,3838,114,True
9,761,3724,3838,114,True
11,741,3724,3838,114,True
20,714,3724,3815,91,True
26,734,3724,3838,114,True
33,745,3724,3838,114,True
47,708,3724,3838,114,True
50,711,3724,3829,105,True
55,703,3724,3857,133,True
60,712,3724,3829,105,True
71,736,3724,3829,105,True
77,750,3724,3829,105,True
78,768,3724,3829,105,True
84,772,3724,3829,105,True
85,746,3724,3829,105,True
91,728,3724,3829,105,True
99,740,3724,3829,105,True
6,743,3725,3838,113,True
8,734,3725,3838,113,True
15,739,3725,3839,114,True
17,707,3725,3838,113,True
19,712,3725,3838,113,True
23,741,3725,3838,113,True
27,745,3725,3838,113,True
38,736,3725,3838,113,True
41,762,3725,3838,113,True
42,782,3725,3838,113,True
44,760,3725,3838,113,True
48,770,3725,3838,113,True
55,704,3725,3857,132,True
60,713,3725,3829,104,True
62,728,3725,3829,104,True
66,712,3725,3829,104,True
71,737,3725,3829,104,True
79,680,3725,3829,104,True
80,782,3725,3829,104,True
84,773,3725,3829,104,True
85,747,3725,3829,104,True
90,751,3725,3829,104,True
92,792,3725,3829,104,True
93,731,3725,3829,104,True
94,749,3725,3829,104,True
3,779,3726,3838,112,True
6,744,3726,3838,112,True
29,725,3726,3838,112,True
44,761,3726,3838,112,True
45,706,3726,3815,89,True
51,715,3726,3829,103,True
53,730,3726,3829,103,True
63,779,3726,3829,103,True
68,773,3726,3829,103,True
70,767,3726,3815,89,True
71,738,3726,3829,103,True
72,746,3726,3815,89,True
80,783,3726,3829,103,True
82,762,3726,3829,103,True
85,748,3726,3829,103,True
86,766,3726,3829,103,True
88,764,3726,3918,192,True
97,747,3726,3829,103,True
98,730,3726,3829,103,True
15,740,3727,3839,112,True
17,708,3727,3838,111,True
21,727,3727,3838,111,True
22,780,3727,3838,111,True
28,765,3727,3838,111,True
31,762,3727,3838,111,True
34,734,3727,3815,88,True
39,706,3727,3838,111,True
40,820,3727,3838,111,True
42,783,3727,3838,111,True
56,736,3727,3829,102,True
58,742,3727,3829,102,True
69,758,3727,3829,102,True
74,747,3727,3829,102,True
75,770,3727,3829,102,True
80,784,3727,3829,102,True
82,763,3727,3829,102,True
83,722,3727,3829,102,True
86,767,3727,3829,102,True
92,793,3727,3829,102,True
97,748,3727,3829,102,True
98,731,3727,3829,102,True
5,735,3728,3838,110,True
10,767,3728,3838,110,True
15,741,3728,3839,111,True
29,726,3728,3838,110,True
42,784,3728,3838,110,True
50,712,3728,3829,101,True
51,716,3728,3829,101,True
54,806,3728,3829,101,True
58,743,3728,3829,101,True
69,759,3728,3829,101,True
77,751,3728,3829,101,True
78,769,3728,3829,101,True
80,785,3728,3829,101,True
85,749,3728,3829,101,True
87,710,3728,3829,101,True
94,750,3728,3829,101,True
98,732,3728,3829,101,True
1,763,3729,3838,109,True
16,782,3729,3838,109,True
24,699,3729,3838,109,True
26,735,3729,3838,109,True
29,727,3729,3838,109,True
49,761,3729,3838,109,True
53,731,3729,3829,100,True
54,807,3729,3829,100,True
55,705,3729,3857,128,True
57,732,3729,3815,86,True
58,744,3729,3829,100,True
60,714,3729,3829,100,True
62,729,3729,3829,100,True
73,719,3729,3829,100,True
79,681,3729,3829,100,True
80,786,3729,3829,100,True
82,764,3729,3829,100,True
89,743,3729,3829,100,True
93,732,3729,3857,128,True
95,746,3729,3829,100,True
98,733,3729,3829,100,True
0,783,3730,3838,108,True
8,735,3730,3838,108,True
18,746,3730,3838,108,True
19,713,3730,3838,108,True
20,715,3730,3815,85,True
23,742,3730,3838,108,True
27,746,3730,3838,108,True
31,763,3730,3838,108,True
34,735,3730,3815,85,True
35,758,3730,3838,108,True
36,779,3730,3838,108,True
39,707,3730,3838,108,True
44,762,3730,3838,108,True
45,707,3730,3838,108,True
46,748,3730,3838,108,True
49,762,3730,3838,108,True
50,713,3730,3829,99,True
53,732,3730,3829,99,True
55,706,3730,3857,127,True
58,745,3730,3829,99,True
60,715,3730,3829,99,True
68,774,3730,3829,99,True
78,770,3730,3829,99,True
80,787,3730,3829,99,True
96,711,3730,3857,127,True
98,734,3730,3829,99,True
7,712,3731,3838,107,True
9,762,3731,3838,107,True
10,768,3731,3838,107,True
11,742,3731,3838,107,True
14,742,3731,3838,107,True
22,781,3731,3838,107,True
39,708,3731,3838,107,True
41,763,3731,3838,107,True
44,763,3731,3838,107,True
64,788,3731,3815,84,True
67,714,3731,3829,98,True
73,720,3731,3829,98,True
75,771,3731,3829,98,True
80,788,3731,3829,98,True
81,697,3731,3829,98,True
10,769,3732,3838,106,True
13,741,3732,3838,106,True
15,742,3732,3839,107,True
18,747,3732,3838,106,True
20,716,3732,3815,83,True
26,736,3732,3838,106,True
40,821,3732,3838,106,True
42,785,3732,3838,106,True
43,710,3732,3838,106,True
49,763,3732,3838,106,True
51,717,3732,3829,97,True
55,707,3732,3857,125,True
62,730,3732,3857,125,True
63,780,3732,3829,97,True
67,715,3732,3829,97,True
74,748,3732,3829,97,True
78,771,3732,3829,97,True
83,723,3732,3829,97,True
88,765,3732,3918,186,True
89,744,3732,3829,97,True
90,752,3732,3857,125,True
98,735,3732,3829,97,True
0,784,3733,3838,105,True
2,756,3733,3838,105,True
8,736,3733,3838,105,True
10,770,3733,3838,105,True
17,709,3733,3838,105,True
19,714,3733,3838,105,True
21,728,3733,3838,105,True
28,766,3733,3838,105,True
36,780,3733,3838,105,True
38,737,3733,3838,105,True
42,786,3733,3838,105,True
43,711,3733,3838,105,True
50,714,3733,3829,96,True
52,722,3733,,,False
59,761,3733,3829,96,True
68,775,3733,3829,96,True
69,760,3733,3829,96,True
75,772,3733,3829,96,True
78,772,3733,3829,96,True
81,698,3733,3829,96,True
83,724,3733,3829,96,True
94,751,3733,3829,96,True
96,712,3733,3857,124,True
9,763,3734,3838,104,True
11,743,3734,3838,104,True
15,743,3734,3839,105,True
17,710,3734,3838,104,True
19,715,3734,3838,104,True
24,700,3734,3838,104,True
27,747,3734,3838,104,True
35,759,3734,3838,104,True
53,733,3734,3829,95,True
54,808,3734,3829,95,True
62,731,3734,3857,123,True
63,781,3734,3857,123,True
64,789,3734,3815,81,True
65,729,3734,3829,95,True
68,776,3734,3829,95,True
74,749,3734,3829,95,True
78,773,3734,3829,95,True
85,750,3734,3829,95,True
88,766,3734,3918,184,True
90,753,3734,3857,123,True
14,743,3735,3838,103,True
15,744,3735,3839,104,True
32,750,3735,3838,103,True
36,781,3735,3838,103,True
43,712,3735,3838,103,True
44,764,3735,3838,103,True
45,708,3735,3838,103,True
51,718,3735,3829,94,True
52,723,3735,,,False
76,736,3735,3847,112,True
77,752,3735,3829,94,True
84,774,3735,3829,94,True
90,754,3735,3857,122,True
91,729,3735,3829,94,True
92,794,3735,3829,94,True
94,752,3735,3829,94,True
0,785,3736,3838,102,True
11,744,3736,3838,102,True
19,716,3736,3838,102,True
29,728,3736,3838,102,True
35,760,3736,3838,102,True
36,782,3736,3838,102,True
38,738,3736,3838,102,True
42,787,3736,3838,102,True
44,765,3736,3838,102,True
45,709,3736,3838,102,True
50,715,3736,3829,93,True
55,708,3736,3857,121,True
60,716,3736,3829,93,True
77,753,3736,3829,93,True
86,768,3736,3829,93,True
87,711,3736,3829,93,True
93,733,3736,3857,121,True
0,786,3737,3838,101,True
6,745,3737,3838,101,True
13,742,3737,3838,101,True
19,717,3737,3838,101,True
25,745,3737,3838,101,True
26,737,3737,3838,101,True
28,767,3737,3838,101,True
34,736,3737,3839,102,True
42,788,3737,3838,101,True
48,771,3737,3838,101,True
50,716,3737,3829,92,True
56,737,3737,3829,92,True
59,762,3737,3829,92,True
64,790,3737,3815,78,True
70,768,3737,3829,92,True
77,754,3737,3829,92,True
78,774,3737,3829,92,True
79,682,3737,3829,92,True
80,789,3737,3829,92,True
84,775,3737,3829,92,True
87,712,3737,3829,92,True
96,713,3737,3857,120,True
97,749,3737,3829,92,True
3,780,3738,3838,100,True
9,764,3738,3838,100,True
19,718,3738,3838,100,True
21,729,3738,3838,100,True
23,743,3738,3838,100,True
28,768,3738,3838,100,True
34,737,3738,3839,101,True
35,761,3738,3838,100,True
44,766,3738,3838,100,True
45,710,3738,3839,101,True
52,724,3738,,,False
55,709,3738,3857,119,True
61,734,3738,3829,91,True
66,713,3738,3829,91,True
70,769,3738,3829,91,True
79,683,3738,3829,91,True
80,790,3738,3829,91,True
84,776,3738,3829,91,True
85,751,3738,3829,91,True
90,755,3738,3857,119,True
94,753,3738,3829,91,True
3,781,3739,3838,99,True
11,745,3739,3838,99,True
12,759,3739,3838,99,True
20,717,3739,3815,76,True
23,744,3739,3838,99,True
25,746,3739,3838,99,True
26,738,3739,3838,99,True
32,751,3739,3838,99,True
35,762,3739,3838,99,True
45,711,3739,3839,100,True
46,749,3739,3838,99,True
50,717,3739,3829,90,True
56,738,3739,3829,90,True
61,735,3739,3829,90,True
67,716,3739,3829,90,True
72,747,3739,3829,90,True
75,773,3739,3829,90,True
86,769,3739,3829,90,True
88,767,3739,3918,179,True
90,756,3739,3857,118,True
93,734,3739,3857,118,True
94,754,3739,3829,90,True
98,736,3739,3829,90,True
1,764,3740,3838,98,True
2,757,3740,3838,98,True
5,736,3740,3838,98,True
8,737,3740,3838,98,True
13,743,3740,3838,98,True
26,739,3740,3838,98,True
32,752,3740,3838,98,True
39,709,3740,3838,98,True
43,713,3740,3838,98,True
46,750,3740,3838,98,True
49,764,3740,3838,98,True
50,718,3740,3829,89,True
57,733,3740,3815,75,True
61,736,3740,3829,89,True
63,782,3740,3857,117,True
65,730,3740,3829,89,True
68,777,3740,3829,89,True
76,737,3740,3847,107,True
84,777,3740,3829,89,True
87,713,3740,3857,117,True
94,755,3740,3829,89,True
97,750,3740,3829,89,True
4,769,3741,3838,97,True
5,737,3741,3838,97,True
11,746,3741,3838,97,True
22,782,3741,3838,97,True
26,740,3741,3838,97,True
30,739,3741,3839,98,True
35,763,3741,3838,97,True
37,746,3741,3838,97,True
41,764,3741,3838,97,True
43,714,3741,3838,97,True
48,772,3741,3838,97,True
50,719,3741,3829,88,True
54,809,3741,3857,116,True
63,783,3741,3857,116,True
74,750,3741,3829,88,True
79,684,3741,3829,88,True
80,791,3741,3829,88,True
82,765,3741,3829,88,True
86,770,3741,3829,88,True
88,768,3741,3918,177,True
95,747,3741,3829,88,True
14,744,3742,3838,96,True
20,718,3742,3838,96,True
31,764,3742,3838,96,True
41,765,3742,3838,96,True
48,773,3742,3838,96,True
50,720,3742,3829,87,True
52,725,3742,,,False
53,734,3742,3857,115,True
55,710,3742,3857,115,True
58,746,3742,3829,87,True
61,737,3742,3829,87,True
72,748,3742,3829,87,True
75,774,3742,3829,87,True
81,699,3742,3829,87,True
92,795,3742,3857,115,True
1,765,3743,3838,95,True
2,758,3743,3838,95,True
4,770,3743,3838,95,True
7,713,3743,3839,96,True
18,748,3743,3838,95,True
30,740,3743,3839,96,True
42,789,3743,3838,95,True
43,715,3743,3838,95,True
46,751,3743,3838,95,True
47,709,3743,3838,95,True
49,765,3743,3838,95,True
56,739,3743,3829,86,True
59,763,3743,3829,86,True
67,717,3743,3829,86,True
68,778,3743,3829,86,True
70,770,3743,3829,86,True
75,775,3743,3829,86,True
76,738,3743,3847,104,True
78,775,3743,3829,86,True
81,700,3743,3829,86,True
82,766,3743,3829,86,True
89,745,3743,3829,86,True
94,756,3743,3829,86,True
98,737,3743,3829,86,True
8,738,3744,3838,94,True
14,745,3744,3838,94,True
16,783,3744,3838,94,True
18,749,3744,3838,94,True
36,783,3744,3838,94,True
44,767,3744,3838,94,True
47,710,3744,3838,94,True
57,734,3744,3838,94,True
62,732,3744,3857,113,True
72,749,3744,3829,85,True
74,751,3744,3857,113,True
77,755,3744,3829,85,True
88,769,3744,3918,174,True
89,746,3744,3829,85,True
92,796,3744,3857,113,True
94,757,3744,3829,85,True
95,748,3744,3829,85,True
99,741,3744,3829,85,True
1,766,3745,3838,93,True
7,714,3745,3839,94,True
11,747,3745,3838,93,True
15,745,3745,3839,94,True
20,719,3745,3839,94,True
27,748,3745,3838,93,True
32,753,3745,3838,93,True
39,710,3745,3838,93,True
41,766,3745,3838,93,True
58,747,3745,3829,84,True
73,721,3745,3829,84,True
75,776,3745,3829,84,True
76,739,3745,3847,102,True
81,701,3745,3829,84,True
86,771,3745,3829,84,True
87,714,3745,3857,112,True
91,730,3745,3829,84,True
93,735,3745,3857,112,True
95,749,3745,3829,84,True
13,744,3746,3838,92,True
18,750,3746,3838,92,True
21,730,3746,3838,92,True
45,712,3746,3839,93,True
47,711,3746,3838,92,True
51,719,3746,3829,83,True
52,726,3746,,,False
57,735,3746,3838,92,True
58,748,3746,3829,83,True
64,791,3746,3829,83,True
66,714,3746,3857,111,True
68,779,3746,3857,111,True
74,752,3746,3857,111,True
76,740,3746,3847,101,True
80,792,3746,3829,83,True
87,715,3746,3857,111,True
93,736,3746,3857,111,True
96,714,3746,3857,111,True
0,787,3747,3847,100,True
6,746,3747,3838,91,True
8,739,3747,3838,91,True
21,731,3747,3838,91,True
28,769,3747,3838,91,True
35,764,3747,3839,92,True
37,747,3747,3838,91,True
40,822,3747,3838,91,True
41,767,3747,3838,91,True
42,790,3747,3838,91,True
47,712,3747,3838,91,True
52,727,3747,,,False
53,735,3747,3857,110,True
62,733,3747,3857,110,True
65,731,3747,3829,82,True
80,793,3747,3829,82,True
94,758,3747,3829,82,True
95,750,3747,3829,82,True
99,742,3747,3857,110,True
1,767,3748,3838,90,True
3,782,3748,3838,90,True
4,771,3748,3838,90,True
14,746,3748,3838,90,True
21,732,3748,3838,90,True
24,701,3748,3838,90,True
25,747,3748,3838,90,True
27,749,3748,3838,90,True
28,770,3748,3838,90,True
34,738,3748,3839,91,True
35,765,3748,3839,91,True
41,768,3748,3838,90,True
45,713,3748,3839,91,True
49,766,3748,3838,90,True
63,784,3748,3857,109,True
72,750,3748,3829,81,True
78,776,3748,3857,109,True
81,702,3748,3829,81,True
84,778,3748,3857,109,True
85,752,3748,3829,81,True
0,788,3749,3847,98,True
21,733,3749,3838,89,True
24,702,3749,3838,89,True
26,741,3749,3838,89,True
27,750,3749,3838,89,True
28,771,3749,3838,89,True
47,713,3749,3838,89,True
50,721,3749,3829,80,True
54,810,3749,3857,108,True
55,711,3749,3857,108,True
57,736,3749,3838,89,True
67,718,3749,3829,80,True
68,780,3749,3857,108,True
73,722,3749,3829,80,True
79,685,3749,3829,80,True
82,767,3749,3829,80,True
91,731,3749,3829,80,True
94,759,3749,3829,80,True
0,789,3750,3847,97,True
2,759,3750,3838,88,True
4,772,3750,3838,88,True
9,765,3750,3838,88,True
16,784,3750,3838,88,True
21,734,3750,3838,88,True
24,703,3750,3838,88,True
31,765,3750,3838,88,True
33,746,3750,3838,88,True
34,739,3750,3839,89,True
39,711,3750,3919,169,True
41,769,3750,3838,88,True
49,767,3750,3838,88,True
50,722,3750,3829,79,True
51,720,3750,3829,79,True
55,712,3750,3857,107,True
61,738,3750,3829,79,True
62,734,3750,3857,107,True
74,753,3750,3857,107,True
83,725,3750,3857,107,True
95,751,3750,3829,79,True
96,715,3750,3857,107,True
1,768,3751,3838,87,True
3,783,3751,3838,87,True
4,773,3751,3838,87,True
7,715,3751,3839,88,True
14,747,3751,3838,87,True
20,720,3751,3839,88,True
25,748,3751,3838,87,True
28,772,3751,3838,87,True
31,766,3751,3838,87,True
53,736,3751,3857,106,True
73,723,3751,3829,78,True
76,741,3751,3847,96,True
82,768,3751,3829,78,True
87,716,3751,3857,106,True
90,757,3751,3857,106,True
94,760,3751,3829,78,True
98,738,3751,3829,78,True
5,738,3752,3838,86,True
9,766,3752,3838,86,True
10,771,3752,3838,86,True
23,745,3752,3838,86,True
33,747,3752,3838,86,True
43,716,3752,3838,86,True
46,752,3752,3838,86,True
61,739,3752,3829,77,True
63,785,3752,3857,105,True
64,792,3752,3838,86,True
72,751,3752,3829,77,True
75,777,3752,3857,105,True
78,777,3752,3857,105,True
82,769,3752,3829,77,True
83,726,3752,3857,105,True
89,747,3752,3829,77,True
90,758,3752,3857,105,True
91,732,3752,3829,77,True
3,784,3753,3838,85,True
14,748,3753,3838,85,True
18,751,3753,3838,85,True
21,735,3753,3838,85,True
33,748,3753,3838,85,True
34,740,3753,3839,86,True
36,784,3753,3838,85,True
37,748,3753,3866,113,True
42,791,3753,3838,85,True
54,811,3753,3857,104,True
56,740,3753,3857,104,True
58,749,3753,3829,76,True
67,719,3753,3829,76,True
68,781,3753,3857,104,True
69,761,3753,3857,104,True
72,752,3753,3829,76,True
74,754,3753,3857,104,True
94,761,3753,3829,76,True
96,716,3753,3857,104,True
3,785,3754,3838,84,True
5,739,3754,3838,84,True
7,716,3754,3839,85,True
8,740,3754,3838,84,True
12,760,3754,3838,84,True
23,746,3754,3919,165,True
24,704,3754,3838,84,True
32,754,3754,3838,84,True
44,768,3754,3919,165,True
52,728,3754,,,False
63,786,3754,3857,103,True
68,782,3754,3857,103,True
71,739,3754,3857,103,True
74,755,3754,3857,103,True
79,686,3754,3829,75,True
81,703,3754,3829,75,True
96,717,3754,3857,103,True
98,739,3754,3829,75,True
13,745,3755,3838,83,True
26,742,3755,3838,83,True
45,714,3755,3839,84,True
46,753,3755,3838,83,True
47,714,3755,3838,83,True
55,713,3755,3857,102,True
56,741,3755,3857,102,True
67,720,3755,3857,102,True
69,762,3755,3857,102,True
78,778,3755,3857,102,True
80,794,3755,3829,74,True
86,772,3755,3829,74,True
87,717,3755,3857,102,True
89,748,3755,3918,163,True
90,759,3755,3857,102,True
91,733,3755,3829,74,True
94,762,3755,3829,74,True
8,741,3756,3838,82,True
10,772,3756,3943,187,True
14,749,3756,3838,82,True
15,746,3756,3839,83,True
16,785,3756,3866,110,True
22,783,3756,3919,163,True
28,773,3756,3838,82,True
35,766,3756,3839,83,True
37,749,3756,3866,110,True
39,712,3756,3919,163,True
47,715,3756,3838,82,True
52,729,3756,,,False
63,787,3756,3857,101,True
70,771,3756,3829,73,True
73,724,3756,3838,82,True
75,778,3756,3857,101,True
82,770,3756,3864,108,True
99,743,3756,3857,101,True
2,760,3757,3839,82,True
14,750,3757,3838,81,True
19,719,3757,3838,81,True
21,736,3757,3838,81,True
25,749,3757,3838,81,True
32,755,3757,3838,81,True
33,749,3757,3838,81,True
34,741,3757,3839,82,True
36,785,3757,3838,81,True
39,713,3757,3919,162,True
44,769,3757,3919,162,True
52,730,3757,,,False
54,812,3757,3857,100,True
56,742,3757,3857,100,True
59,764,3757,3829,72,True
69,763,3757,3857,100,True
72,753,3757,3847,90,True
75,779,3757,3857,100,True
81,704,3757,3829,72,True
82,771,3757,3864,107,True
86,773,3757,3829,72,True
87,718,3757,3857,100,True
4,774,3758,3838,80,True
9,767,3758,3838,80,True
10,773,3758,3943,185,True
11,748,3758,3866,108,True
19,720,3758,3838,80,True
22,784,3758,3919,161,True
23,747,3758,3919,161,True
24,705,3758,3838,80,True
29,729,3758,3919,161,True
33,750,3758,3838,80,True
44,770,3758,3919,161,True
46,754,3758,3838,80,True
52,731,3758,,,False
54,813,3758,3857,99,True
62,735,3758,3857,99,True
67,721,3758,3857,99,True
69,764,3758,3857,99,True
74,756,3758,3857,99,True
77,756,3758,3857,99,True
87,719,3758,3857,99,True
89,749,3758,3918,160,True
92,797,3758,3857,99,True
93,737,3758,3857,99,True
96,718,3758,3857,99,True
99,744,3758,3857,99,True
1,769,3759,3838,79,True
6,747,3759,3838,79,True
10,774,3759,3943,184,True
12,761,3759,3838,79,True
13,746,3759,3838,79,True
14,751,3759,3847,88,True
17,711,3759,3838,79,True
29,730,3759,3919,160,True
30,741,3759,3839,80,True
34,742,3759,3839,80,True
41,770,3759,3838,79,True
47,716,3759,3838,79,True
58,750,3759,3829,70,True
59,765,3759,3829,70,True
71,740,3759,3857,98,True
73,725,3759,3838,79,True
75,780,3759,3857,98,True
76,742,3759,3847,88,True
77,757,3759,3857,98,True
85,753,3759,3829,70,True
86,774,3759,3838,79,True
89,750,3759,3918,159,True
95,752,3759,3864,105,True
96,719,3759,3857,98,True
99,745,3759,3857,98,True
3,786,3760,3866,106,True
4,775,3760,3838,78,True
21,737,3760,3838,78,True
27,751,3760,3838,78,True
30,742,3760,3839,79,True
32,756,3760,3838,78,True
36,786,3760,3838,78,True
37,750,3760,3866,106,True
38,739,3760,3838,78,True
46,755,3760,3838,78,True
47,717,3760,3838,78,True
52,732,3760,,,False
53,737,3760,3857,97,True
61,740,3760,3838,78,True
67,722,3760,3857,97,True
68,783,3760,3857,97,True
73,726,3760,3838,78,True
76,743,3760,3847,87,True
92,798,3760,3857,97,True
95,753,3760,3864,104,True
98,740,3760,3829,69,True
99,746,3760,3857,97,True
10,775,3761,3943,182,True
22,785,3761,3919,158,True
25,750,3761,3838,77,True
27,752,3761,3838,77,True
37,751,3761,3866,105,True
39,714,3761,3919,158,True
48,774,3761,3838,77,True
50,723,3761,3829,68,True
52,733,3761,,,False
62,736,3761,3857,96,True
63,788,3761,3857,96,True
64,793,3761,3838,77,True
72,754,3761,3847,86,True
74,757,3761,3857,96,True
79,687,3761,3829,68,True
82,772,3761,3864,103,True
85,754,3761,3829,68,True
90,760,3761,3857,96,True
91,734,3761,3857,96,True
95,754,3761,3864,103,True
5,740,3762,3866,104,True
7,717,3762,3839,77,True
13,747,3762,3838,76,True
22,786,3762,3919,157,True
23,748,3762,3919,157,True
26,743,3762,3838,76,True
30,743,3762,3839,77,True
45,715,3762,3839,77,True
46,756,3762,3838,76,True
55,714,3762,3857,95,True
58,751,3762,3829,67,True
60,717,3762,3857,95,True
62,737,3762,3857,95,True
65,732,3762,3838,76,True
77,758,3762,3857,95,True
79,688,3762,3829,67,True
80,795,3762,3864,102,True
85,755,3762,3829,67,True
94,763,3762,3857,95,True
5,741,3763,3866,103,True
6,748,3763,3838,75,True
9,768,3763,3919,156,True
12,762,3763,3838,75,True
15,747,3763,3839,76,True
17,712,3763,3919,156,True
28,774,3763,3838,75,True
32,757,3763,3838,75,True
34,743,3763,3839,76,True
36,787,3763,3866,103,True
37,752,3763,3866,103,True
39,715,3763,3919,156,True
41,771,3763,3838,75,True
43,717,3763,3919,156,True
44,771,3763,3919,156,True
49,768,3763,3838,75,True
52,734,3763,,,False
55,715,3763,3857,94,True
59,766,3763,3857,94,True
64,794,3763,3838,75,True
68,784,3763,3857,94,True
69,765,3763,3857,94,True
71,741,3763,3857,94,True
80,796,3763,3864,101,True
84,779,3763,3857,94,True
11,749,3764,3866,102,True
14,752,3764,3847,83,True
20,721,3764,3839,75,True
25,751,3764,3838,74,True
28,775,3764,3838,74,True
37,753,3764,3866,102,True
38,740,3764,3838,74,True
45,716,3764,3839,75,True
57,737,3764,3838,74,True
60,718,3764,3857,93,True
61,741,3764,3838,74,True
63,789,3764,3857,93,True
64,795,3764,3838,74,True
65,733,3764,3838,74,True
67,723,3764,3857,93,True
79,689,3764,3829,65,True
82,773,3764,3864,100,True
84,780,3764,3857,93,True
88,770,3764,3918,154,True
91,735,3764,3857,93,True
0,790,3765,3847,82,True
1,770,3765,3838,73,True
4,776,3765,3838,73,True
13,748,3765,3838,73,True
23,749,3765,3919,154,True
24,706,3765,3838,73,True
28,776,3765,3838,73,True
38,741,3765,3838,73,True
40,823,3765,3838,73,True
64,796,3765,3838,73,True
75,781,3765,3857,92,True
76,744,3765,3847,82,True
79,690,3765,3829,64,True
89,751,3765,3918,153,True
90,761,3765,3857,92,True
91,736,3765,3857,92,True
92,799,3765,3857,92,True
96,720,3765,3857,92,True
98,741,3765,3864,99,True
10,776,3766,3943,177,True
11,750,3766,3866,100,True
13,749,3766,3838,72,True
17,713,3766,3919,153,True
18,752,3766,3919,153,True
27,753,3766,3919,153,True
36,788,3766,3866,100,True
40,824,3766,3919,153,True
41,772,3766,3838,72,True
44,772,3766,3919,153,True
48,775,3766,3838,72,True
60,719,3766,3857,91,True
62,738,3766,3857,91,True
77,759,3766,3857,91,True
79,691,3766,3829,63,True
81,705,3766,3857,91,True
87,720,3766,3857,91,True
92,800,3766,3857,91,True
96,721,3766,3857,91,True
98,742,3766,3864,98,True
1,771,3767,3838,71,True
3,787,3767,3866,99,True
8,742,3767,3838,71,True
10,777,3767,3943,176,True
12,763,3767,3838,71,True
18,753,3767,3919,152,True
38,742,3767,3838,71,True
42,792,3767,3919,152,True
43,718,3767,3919,152,True
45,717,3767,3839,72,True
48,776,3767,3838,71,True
50,724,3767,3838,71,True
52,735,3767,,,False
62,739,3767,3857,90,True
66,715,3767,3864,97,True
72,755,3767,3847,80,True
73,727,3767,3838,71,True
81,706,3767,3857,90,True
90,762,3767,3857,90,True
91,737,3767,3857,90,True
0,791,3768,3847,79,True
7,718,3768,3839,71,True
10,778,3768,3943,175,True
13,750,3768,3838,70,True
33,751,3768,3847,79,True
34,744,3768,3839,71,True
36,789,3768,3866,98,True
37,754,3768,3866,98,True
40,825,3768,3919,151,True
45,718,3768,3839,71,True
46,757,3768,3866,98,True
51,721,3768,3864,96,True
58,752,3768,3857,89,True
60,720,3768,3857,89,True
61,742,3768,3838,70,True
64,797,3768,3838,70,True
67,724,3768,3857,89,True
69,766,3768,3857,89,True
70,772,3768,3857,89,True
76,745,3768,3847,79,True
79,692,3768,3829,61,True
91,738,3768,3857,89,True
92,801,3768,3857,89,True
98,743,3768,3864,96,True
8,743,3769,3838,69,True
23,750,3769,3919,150,True
27,754,3769,3919,150,True
33,752,3769,3847,78,True
34,745,3769,3839,70,True
35,767,3769,3839,70,True
41,773,3769,3838,69,True
42,793,3769,3919,150,True
48,777,3769,3919,150,True
54,814,3769,3857,88,True
56,743,3769,3857,88,True
60,721,3769,3857,88,True
62,740,3769,3857,88,True
66,716,3769,3864,95,True
67,725,3769,3857,88,True
70,773,3769,3857,88,True
72,756,3769,3847,78,True
73,728,3769,3847,78,True
85,756,3769,3857,88,True
4,777,3770,3866,96,True
5,742,3770,3866,96,True
6,749,3770,3838,68,True
9,769,3770,3919,149,True
10,779,3770,3943,173,True
12,764,3770,3838,68,True
20,722,3770,3839,69,True
22,787,3770,3919,149,True
26,744,3770,3866,96,True
30,744,3770,3839,69,True
33,753,3770,3847,77,True
37,755,3770,3866,96,True
43,719,3770,3919,149,True
49,769,3770,3919,149,True
56,744,3770,3857,87,True
57,738,3770,3847,77,True
65,734,3770,3838,68,True
71,742,3770,3962,192,True
72,757,3770,3847,77,True
73,729,3770,3847,77,True
81,707,3770,3857,87,True
84,781,3770,3857,87,True
86,775,3770,3838,68,True
88,771,3770,3918,148,True
92,802,3770,3857,87,True
94,764,3770,3864,94,True
11,751,3771,3866,95,True
12,765,3771,3838,67,True
15,748,3771,3839,68,True
20,723,3771,3839,68,True
35,768,3771,3839,68,True
38,743,3771,3838,67,True
39,716,3771,3919,148,True
56,745,3771,3857,86,True
60,722,3771,3857,86,True
63,790,3771,3918,147,True
64,798,3771,3838,67,True
68,785,3771,3864,93,True
73,730,3771,3847,76,True
83,727,3771,3864,93,True
85,757,3771,3857,86,True
92,803,3771,3857,86,True
95,755,3771,3864,93,True
99,747,3771,3857,86,True
6,750,3772,3838,66,True
7,719,3772,3839,67,True
10,780,3772,3943,171,True
17,714,3772,3919,147,True
19,721,3772,3919,147,True
20,724,3772,3839,67,True
30,745,3772,3839,67,True
46,758,3772,3866,94,True
48,778,3772,3919,147,True
49,770,3772,3919,147,True
55,716,3772,3864,92,True
56,746,3772,3857,85,True
60,723,3772,3857,85,True
70,774,3772,3857,85,True
88,772,3772,3918,146,True
96,722,3772,3857,85,True
1,772,3773,3838,65,True
8,744,3773,3838,65,True
18,754,3773,3919,146,True
20,725,3773,3839,66,True
24,707,3773,3838,65,True
33,754,3773,3847,74,True
34,746,3773,3839,66,True
36,790,3773,3919,146,True
37,756,3773,3866,93,True
45,719,3773,3839,66,True
54,815,3773,3857,84,True
57,739,3773,3847,74,True
61,743,3773,3838,65,True
64,799,3773,3838,65,True
65,735,3773,3838,65,True
84,782,3773,3857,84,True
87,721,3773,3857,84,True
92,804,3773,3857,84,True
93,738,3773,3918,145,True
96,723,3773,3857,84,True
2,761,3774,3839,65,True
11,752,3774,3866,92,True
14,753,3774,3847,73,True
33,755,3774,3847,73,True
36,791,3774,3919,145,True
45,720,3774,3839,65,True
46,759,3774,3866,92,True
56,747,3774,3857,83,True
59,767,3774,3857,83,True
74,758,3774,3857,83,True
80,797,3774,3864,90,True
84,783,3774,3857,83,True
85,758,3774,3857,83,True
92,805,3774,3857,83,True
3,788,3775,3866,91,True
4,778,3775,3866,91,True
11,753,3775,3866,91,True
15,749,3775,3839,64,True
18,755,3775,3919,144,True
25,752,3775,3919,144,True
26,745,3775,3866,91,True
30,746,3775,3839,64,True
43,720,3775,3919,144,True
53,738,3775,3864,89,True
62,741,3775,3918,143,True
64,800,3775,3838,63,True
67,726,3775,3864,89,True
68,786,3775,3864,89,True
69,767,3775,3857,82,True
75,782,3775,3857,82,True
78,779,3775,3918,143,True
91,739,3775,3864,89,True
96,724,3775,3857,82,True
1,773,3776,3847,71,True
16,786,3776,3919,143,True
22,788,3776,3919,143,True
29,731,3776,3919,143,True
33,756,3776,3847,71,True
37,757,3776,3919,143,True
38,744,3776,3919,143,True
42,794,3776,3919,143,True
43,721,3776,3919,143,True
53,739,3776,3864,88,True
61,744,3776,3838,62,True
66,717,3776,3864,88,True
74,759,3776,3857,81,True
86,776,3776,3847,71,True
89,752,3776,3918,142,True
90,763,3776,3857,81,True
91,740,3776,3864,88,True
98,744,3776,3864,88,True
4,779,3777,3866,89,True
8,745,3777,3847,70,True
10,781,3777,3943,166,True
12,766,3777,3838,61,True
13,751,3777,3919,142,True
20,726,3777,3839,62,True
21,738,3777,3847,70,True
23,751,3777,3919,142,True
25,753,3777,3919,142,True
26,746,3777,3866,89,True
28,777,3777,3919,142,True
40,826,3777,3919,142,True
44,773,3777,3919,142,True
46,760,3777,3919,142,True
69,768,3777,3857,80,True
73,731,3777,3847,70,True
87,722,3777,3857,80,True
88,773,3777,3918,141,True
90,764,3777,3857,80,True
95,756,3777,3864,87,True
21,739,3778,3847,69,True
31,767,3778,3838,60,True
34,747,3778,3839,61,True
35,769,3778,3839,61,True
49,771,3778,3919,141,True
55,717,3778,3864,86,True
65,736,3778,3847,69,True
73,732,3778,3847,69,True
87,723,3778,3857,79,True
99,748,3778,3857,79,True
11,754,3779,3866,87,True
16,787,3779,3919,140,True
19,722,3779,3919,140,True
33,757,3779,3847,68,True
37,758,3779,3919,140,True
38,745,3779,3919,140,True
41,774,3779,3919,140,True
42,795,3779,3919,140,True
43,722,3779,3919,140,True
46,761,3779,3919,140,True
48,779,3779,3919,140,True
49,772,3779,3919,140,True
51,722,3779,3864,85,True
54,816,3779,3857,78,True
65,737,3779,3847,68,True
73,733,3779,3847,68,True
77,760,3779,3857,78,True
85,759,3779,3857,78,True
97,751,3779,3864,85,True
99,749,3779,3857,78,True
0,792,3780,3919,139,True
9,770,3780,3919,139,True
20,727,3780,3839,59,True
21,740,3780,3847,67,True
29,732,3780,3919,139,True
31,768,3780,3919,139,True
69,769,3780,3857,77,True
74,760,3780,3918,138,True
75,783,3780,3857,77,True
79,693,3780,3857,77,True
83,728,3780,3864,84,True
91,741,3780,3864,84,True
1,774,3781,3847,66,True
2,762,3781,3919,138,True
12,767,3781,3919,138,True
14,754,3781,3847,66,True
25,754,3781,3919,138,True
30,747,3781,3839,58,True
35,770,3781,3839,58,True
42,796,3781,3919,138,True
45,721,3781,3839,58,True
50,725,3781,3857,76,True
51,723,3781,3864,83,True
54,817,3781,3857,76,True
57,740,3781,3847,66,True
78,780,3781,3918,137,True
85,760,3781,3857,76,True
94,765,3781,3864,83,True
3,789,3782,3919,137,True
5,743,3782,3919,137,True
6,751,3782,3919,137,True
12,768,3782,3919,137,True
22,789,3782,3919,137,True
25,755,3782,3919,137,True
31,769,3782,3919,137,True
39,717,3782,3919,137,True
51,724,3782,3864,82,True
52,736,3782,,,False
57,741,3782,3847,65,True
58,753,3782,3857,75,True
69,770,3782,3857,75,True
72,758,3782,3847,65,True
83,729,3782,3864,82,True
87,724,3782,3857,75,True
92,806,3782,3918,136,True
95,757,3782,3864,82,True
1,775,3783,3847,64,True
2,763,3783,3919,136,True
7,720,3783,3919,136,True
8,746,3783,3919,136,True
11,755,3783,3866,83,True
19,723,3783,3919,136,True
20,728,3783,3839,56,True
23,752,3783,3919,136,True
24,708,3783,3919,136,True
42,797,3783,3919,136,True
49,773,3783,3919,136,True
64,801,3783,3857,74,True
65,738,3783,3847,64,True
69,771,3783,3857,74,True
70,775,3783,3857,74,True
79,694,3783,3857,74,True
80,798,3783,3864,81,True
82,774,3783,3864,81,True
84,784,3783,3918,135,True
92,807,3783,3918,135,True
93,739,3783,3918,135,True
94,766,3783,3864,81,True
99,750,3783,3857,74,True
2,764,3784,3919,135,True
18,756,3784,3919,135,True
19,724,3784,3919,135,True
28,778,3784,3919,135,True
35,771,3784,3919,135,True
41,775,3784,3919,135,True
50,726,3784,3857,73,True
51,725,3784,3864,80,True
54,818,3784,3918,134,True
64,802,3784,3857,73,True
71,743,3784,3962,178,True
76,746,3784,3857,73,True
78,781,3784,3918,134,True
88,774,3784,3918,134,True
94,767,3784,3864,80,True
18,757,3785,3919,134,True
21,741,3785,3847,62,True
25,756,3785,3919,134,True
32,758,3785,3919,134,True
35,772,3785,3919,134,True
45,722,3785,3839,54,True
49,774,3785,3919,134,True
53,740,3785,3918,133,True
57,742,3785,3847,62,True
61,745,3785,3857,72,True
62,742,3785,3918,133,True
76,747,3785,3857,72,True
78,782,3785,3918,133,True
81,708,3785,3857,72,True
84,785,3785,3918,133,True
87,725,3785,3857,72,True
92,808,3785,3918,133,True
95,758,3785,3864,79,True
96,725,3785,3857,72,True
1,776,3786,3847,61,True
11,756,3786,3919,133,True
14,755,3786,3847,61,True
24,709,3786,3919,133,True
37,759,3786,3919,133,True
38,746,3786,3919,133,True
45,723,3786,3839,53,True
52,737,3786,,,False
58,754,3786,3857,71,True
60,724,3786,3857,71,True
61,746,3786,3857,71,True
62,743,3786,3918,132,True
67,727,3786,3918,132,True
70,776,3786,3857,71,True
74,761,3786,3918,132,True
75,784,3786,3857,71,True
76,748,3786,3857,71,True
80,799,3786,3864,78,True
81,709,3786,3857,71,True
83,730,3786,3864,78,True
93,740,3786,3918,132,True
97,752,3786,3864,78,True
99,751,3786,3918,132,True
8,747,3787,3919,132,True
13,752,3787,3919,132,True
14,756,3787,3847,60,True
31,770,3787,3919,132,True
45,724,3787,3839,52,True
52,738,3787,,,False
53,741,3787,3918,131,True
55,718,3787,3962,175,True
56,748,3787,3857,70,True
65,739,3787,3847,60,True
66,718,3787,3864,77,True
70,777,3787,3857,70,True
80,800,3787,3864,77,True
87,726,3787,3857,70,True
88,775,3787,3918,131,True
91,742,3787,3864,77,True
94,768,3787,3864,77,True
6,752,3788,3919,131,True
7,721,3788,3919,131,True
8,748,3788,3919,131,True
9,771,3788,3919,131,True
12,769,3788,3919,131,True
14,757,3788,3847,59,True
15,750,3788,3839,51,True
23,753,3788,3919,131,True
24,710,3788,3919,131,True
27,755,3788,3919,131,True
29,733,3788,3919,131,True
30,748,3788,3919,131,True
32,759,3788,3919,131,True
33,758,3788,3919,131,True
44,774,3788,3943,155,True
46,762,3788,3919,131,True
69,772,3788,3857,69,True
77,761,3788,3918,130,True
79,695,3788,3857,69,True
85,761,3788,3857,69,True
90,765,3788,3918,130,True
93,741,3788,3918,130,True
96,726,3788,3918,130,True
98,745,3788,3864,76,True
6,753,3789,3919,130,True
9,772,3789,3919,130,True
13,753,3789,3919,130,True
18,758,3789,3919,130,True
28,779,3789,3919,130,True
30,749,3789,3919,130,True
32,760,3789,3919,130,True
33,759,3789,3919,130,True
37,760,3789,3919,130,True
38,747,3789,3919,130,True
39,718,3789,3919,130,True
44,775,3789,3943,154,True
54,819,3789,3918,129,True
55,719,3789,3962,173,True
61,747,3789,3857,68,True
65,740,3789,3857,68,True
66,719,3789,3864,75,True
70,778,3789,3857,68,True
74,762,3789,3918,129,True
77,762,3789,3918,129,True
78,783,3789,3918,129,True
83,731,3789,3864,75,True
91,743,3789,3864,75,True
94,769,3789,3864,75,True
1,777,3790,3847,57,True
2,765,3790,3919,129,True
6,754,3790,3919,129,True
15,751,3790,3839,49,True
23,754,3790,3919,129,True
24,711,3790,3919,129,True
30,750,3790,3919,129,True
34,748,3790,3919,129,True
38,748,3790,3919,129,True
42,798,3790,3919,129,True
49,775,3790,3919,129,True
50,727,3790,3857,67,True
52,739,3790,,,False
53,742,3790,3918,128,True
65,741,3790,3857,67,True
79,696,3790,3857,67,True
2,766,3791,3919,128,True
12,770,3791,3919,128,True
18,759,3791,3919,128,True
24,712,3791,3919,128,True
32,761,3791,3919,128,True
35,773,3791,3919,128,True
38,749,3791,3919,128,True
44,776,3791,3943,152,True
49,776,3791,3919,128,True
51,726,3791,3864,73,True
69,773,3791,3918,127,True
72,759,3791,3847,56,True
76,749,3791,3857,66,True
85,762,3791,3857,66,True
97,753,3791,3864,73,True
99,752,3791,3918,127,True
9,773,3792,3919,127,True
16,788,3792,3919,127,True
18,760,3792,3919,127,True
20,729,3792,3847,55,True
25,757,3792,3919,127,True
26,747,3792,3919,127,True
27,756,3792,3919,127,True
28,780,3792,3919,127,True
30,751,3792,3919,127,True
33,760,3792,3919,127,True
34,749,3792,3919,127,True
43,723,3792,3919,127,True
45,725,3792,3919,127,True
49,777,3792,3919,127,True
60,725,3792,3918,126,True
61,748,3792,3857,65,True
63,791,3792,3918,126,True
83,732,3792,3864,72,True
89,753,3792,3918,126,True
91,744,3792,3864,72,True
97,754,3792,3864,72,True
15,752,3793,3839,46,True
18,761,3793,3919,126,True
26,748,3793,3919,126,True
33,761,3793,3919,126,True
34,750,3793,3919,126,True
36,792,3793,3919,126,True
56,749,3793,3857,64,True
59,768,3793,3857,64,True
69,774,3793,3918,125,True
76,750,3793,3857,64,True
83,733,3793,3864,71,True
85,763,3793,3857,64,True
93,742,3793,3918,125,True
99,753,3793,3918,125,True
2,767,3794,3919,125,True
9,774,3794,3919,125,True
11,757,3794,3919,125,True
23,755,3794,3919,125,True
36,793,3794,3919,125,True
46,763,3794,3919,125,True
52,740,3794,,,False
56,750,3794,3918,124,True
59,769,3794,3918,124,True
61,749,3794,3857,63,True
62,744,3794,3918,124,True
70,779,3794,3857,63,True
71,744,3794,3962,168,True
78,784,3794,3918,124,True
81,710,3794,3918,124,True
83,734,3794,3864,70,True
89,754,3794,3918,124,True
99,754,3794,3918,124,True
9,775,3795,3919,124,True
11,758,3795,3919,124,True
12,771,3795,3919,124,True
14,758,3795,3866,71,True
15,753,3795,3839,44,True
18,762,3795,3919,124,True
25,758,3795,3919,124,True
27,757,3795,3919,124,True
29,734,3795,3919,124,True
32,762,3795,3919,124,True
42,799,3795,3919,124,True
51,727,3795,3864,69,True
53,743,3795,3918,123,True
54,820,3795,3918,123,True
55,720,3795,3962,167,True
59,770,3795,3918,123,True
62,745,3795,3918,123,True
68,787,3795,3864,69,True
74,763,3795,3918,123,True
81,711,3795,3918,123,True
83,735,3795,3864,69,True
85,764,3795,3857,62,True
88,776,3795,3918,123,True
89,755,3795,3918,123,True
91,745,3795,3864,69,True
92,809,3795,3918,123,True
1,778,3796,3919,123,True
5,744,3796,3919,123,True
16,789,3796,3919,123,True
22,790,3796,3919,123,True
24,713,3796,3919,123,True
30,752,3796,3919,123,True
35,774,3796,3919,123,True
40,827,3796,3943,147,True
45,726,3796,3919,123,True
51,728,3796,3864,68,True
63,792,3796,3918,122,True
65,742,3796,3857,61,True
74,764,3796,3918,122,True
84,786,3796,3918,122,True
87,727,3796,3857,61,True
90,766,3796,3918,122,True
91,746,3796,3864,68,True
92,810,3796,3918,122,True
2,768,3797,3919,122,True
5,745,3797,3919,122,True
6,755,3797,3919,122,True
11,759,3797,3919,122,True
12,772,3797,3919,122,True
21,742,3797,3919,122,True
39,719,3797,3919,122,True
41,776,3797,3919,122,True
42,800,3797,3919,122,True
45,727,3797,3919,122,True
51,729,3797,3864,67,True
62,746,3797,3918,121,True
63,793,3797,3918,121,True
75,785,3797,3857,60,True
77,763,3797,3918,121,True
79,697,3797,3857,60,True
80,801,3797,3864,67,True
81,712,3797,3918,121,True
87,728,3797,3857,60,True
89,756,3797,3918,121,True
95,759,3797,3864,67,True
97,755,3797,3864,67,True
0,793,3798,3919,121,True
1,779,3798,3919,121,True
3,790,3798,3919,121,True
6,756,3798,3919,121,True
7,722,3798,3943,145,True
11,760,3798,3919,121,True
13,754,3798,3919,121,True
18,763,3798,3919,121,True
27,758,3798,3919,121,True
33,762,3798,3919,121,True
37,761,3798,3919,121,True
41,777,3798,3919,121,True
52,741,3798,,,False
56,751,3798,3918,120,True
59,771,3798,3918,120,True
71,745,3798,3962,164,True
81,713,3798,3918,120,True
84,787,3798,3918,120,True
92,811,3798,3918,120,True
95,760,3798,3864,66,True
98,746,3798,3864,66,True
6,757,3799,3919,120,True
10,782,3799,3943,144,True
12,773,3799,3919,120,True
15,754,3799,3919,120,True
20,730,3799,3919,120,True
27,759,3799,3919,120,True
29,735,3799,3919,120,True
36,794,3799,3919,120,True
46,764,3799,3919,120,True
52,742,3799,,,False
53,744,3799,3918,119,True
55,721,3799,3962,163,True
57,743,3799,3847,48,True
61,750,3799,3857,58,True
63,794,3799,3918,119,True
73,734,3799,3857,58,True
76,751,3799,3857,58,True
77,764,3799,3918,119,True
81,714,3799,3918,119,True
83,736,3799,3864,65,True
89,757,3799,3918,119,True
91,747,3799,3864,65,True
92,812,3799,3918,119,True
96,727,3799,3918,119,True
97,756,3799,3864,65,True
99,755,3799,3918,119,True
10,783,3800,3943,143,True
23,756,3800,3919,119,True
26,749,3800,3919,119,True
28,781,3800,3943,143,True
33,763,3800,3919,119,True
35,775,3800,3919,119,True
36,795,3800,3919,119,True
37,762,3800,3919,119,True
42,801,3800,3919,119,True
45,728,3800,3919,119,True
46,765,3800,3919,119,True
51,730,3800,3864,64,True
54,821,3800,3918,118,True
76,752,3800,3857,57,True
77,765,3800,3918,118,True
84,788,3800,3918,118,True
92,813,3800,3918,118,True
0,794,3801,3943,142,True
4,780,3801,3919,118,True
5,746,3801,3919,118,True
9,776,3801,3919,118,True
10,784,3801,3943,142,True
12,774,3801,3919,118,True
20,731,3801,3919,118,True
25,759,3801,3919,118,True
31,771,3801,3919,118,True
34,751,3801,3919,118,True
39,720,3801,3919,118,True
41,778,3801,3919,118,True
42,802,3801,3919,118,True
44,777,3801,3943,142,True
45,729,3801,3919,118,True
54,822,3801,3918,117,True
65,743,3801,3857,56,True
71,746,3801,3962,161,True
73,735,3801,3857,56,True
77,766,3801,3918,117,True
82,775,3801,3991,190,True
93,743,3801,3918,117,True
95,761,3801,3864,63,True
97,757,3801,3864,63,True
1,780,3802,3919,117,True
3,791,3802,3919,117,True
5,747,3802,3919,117,True
10,785,3802,3943,141,True
12,775,3802,3919,117,True
16,790,3802,3919,117,True
18,764,3802,3919,117,True
50,728,3802,3857,55,True
51,731,3802,3864,62,True
55,722,3802,3962,160,True
56,752,3802,3918,116,True
64,803,3802,3857,55,True
69,775,3802,3918,116,True
74,765,3802,3918,116,True
78,785,3802,3918,116,True
88,777,3802,3918,116,True
89,758,3802,3918,116,True
91,748,3802,3864,62,True
98,747,3802,3864,62,True
4,781,3803,3919,116,True
8,749,3803,3919,116,True
10,786,3803,3943,140,True
15,755,3803,3919,116,True
16,791,3803,3919,116,True
18,765,3803,3919,116,True
22,791,3803,3919,116,True
26,750,3803,3919,116,True
31,772,3803,3919,116,True
33,764,3803,3919,116,True
37,763,3803,3919,116,True
60,726,3803,3918,115,True
67,728,3803,3918,115,True
70,780,3803,3857,54,True
73,736,3803,3866,63,True
74,766,3803,3918,115,True
75,786,3803,3918,115,True
76,753,3803,3866,63,True
85,765,3803,3864,61,True
89,759,3803,3918,115,True
92,814,3803,3918,115,True
10,787,3804,3943,139,True
12,776,3804,3919,115,True
15,756,3804,3919,115,True
23,757,3804,3919,115,True
24,714,3804,3919,115,True
26,751,3804,3919,115,True
27,760,3804,3943,139,True
28,782,3804,3943,139,True
32,763,3804,3919,115,True
34,752,3804,3919,115,True
35,776,3804,3919,115,True
37,764,3804,3919,115,True
43,724,3804,3919,115,True
49,778,3804,3919,115,True
59,772,3804,3918,114,True
60,727,3804,3918,114,True
64,804,3804,3866,62,True
69,776,3804,3918,114,True
75,787,3804,3918,114,True
76,754,3804,3866,62,True
79,698,3804,3857,53,True
88,778,3804,3918,114,True
91,749,3804,3864,60,True
93,744,3804,3918,114,True
98,748,3804,3864,60,True
8,750,3805,3919,114,True
9,777,3805,3919,114,True
10,788,3805,3943,138,True
15,757,3805,3919,114,True
20,732,3805,3919,114,True
21,743,3805,3919,114,True
27,761,3805,3943,138,True
32,764,3805,3919,114,True
33,765,3805,3919,114,True
43,725,3805,3919,114,True
44,778,3805,3943,138,True
57,744,3805,3866,61,True
63,795,3805,3918,113,True
65,744,3805,3919,114,True
69,777,3805,3918,113,True
73,737,3805,3866,61,True
84,789,3805,3918,113,True
93,745,3805,3918,113,True
96,728,3805,3918,113,True
99,756,3805,3918,113,True
7,723,3806,3943,137,True
10,789,3806,3943,137,True
14,759,3806,3919,113,True
21,744,3806,3919,113,True
22,792,3806,3919,113,True
23,758,3806,3919,113,True
26,752,3806,3919,113,True
27,762,3806,3943,137,True
32,765,3806,3919,113,True
50,729,3806,3866,60,True
53,745,3806,3918,112,True
54,823,3806,3918,112,True
65,745,3806,3919,113,True
69,778,3806,3918,112,True
70,781,3806,3857,51,True
72,760,3806,3857,51,True
81,715,3806,3918,112,True
83,737,3806,3918,112,True
89,760,3806,3918,112,True
94,770,3806,3864,58,True
1,781,3807,3919,112,True
3,792,3807,3919,112,True
4,782,3807,3919,112,True
7,724,3807,3943,136,True
9,778,3807,3919,112,True
25,760,3807,3919,112,True
26,753,3807,3919,112,True
27,763,3807,3943,136,True
32,766,3807,3919,112,True
51,732,3807,3864,57,True
55,723,3807,3962,155,True
61,751,3807,3857,50,True
66,720,3807,3962,155,True
74,767,3807,3918,111,True
81,716,3807,3918,111,True
84,790,3807,3918,111,True
87,729,3807,3918,111,True
96,729,3807,3918,111,True
98,749,3807,3864,57,True
0,795,3808,3943,135,True
2,769,3808,3943,135,True
13,755,3808,3943,135,True
14,760,3808,3919,111,True
18,766,3808,3919,111,True
22,793,3808,3919,111,True
24,715,3808,3919,111,True
51,733,3808,3864,56,True
55,724,3808,3962,154,True
59,773,3808,3918,110,True
60,728,3808,3918,110,True
64,805,3808,3866,58,True
68,788,3808,3864,56,True
74,768,3808,3918,110,True
80,802,3808,3864,56,True
81,717,3808,3918,110,True
84,791,3808,3918,110,True
89,761,3808,3918,110,True
99,757,3808,3918,110,True
10,790,3809,3943,134,True
12,777,3809,3919,110,True
17,715,3809,3919,110,True
18,767,3809,3919,110,True
31,773,3809,3919,110,True
35,777,3809,3919,110,True
39,721,3809,3943,134,True
45,730,3809,3919,110,True
66,721,3809,3962,153,True
67,729,3809,3918,109,True
70,782,3809,3857,48,True
76,755,3809,3866,57,True
84,792,3809,3918,109,True
85,766,3809,3918,109,True
93,746,3809,3918,109,True
94,771,3809,3864,55,True
98,750,3809,3864,55,True
1,782,3810,3919,109,True
6,758,3810,3943,133,True
7,725,3810,3943,133,True
8,751,3810,3919,109,True
14,761,3810,3919,109,True
17,716,3810,3919,109,True
20,733,3810,3919,109,True
21,745,3810,3919,109,True
26,754,3810,3919,109,True
30,753,3810,3919,109,True
32,767,3810,3919,109,True
35,778,3810,3919,109,True
39,722,3810,3943,133,True
46,766,3810,3919,109,True
49,779,3810,3919,109,True
55,725,3810,3962,152,True
61,752,3810,3857,47,True
68,789,3810,3864,54,True
70,783,3810,3857,47,True
81,718,3810,3918,108,True
87,730,3810,3918,108,True
91,750,3810,3864,54,True
94,772,3810,3864,54,True
4,783,3811,3919,108,True
6,759,3811,3943,132,True
13,756,3811,3943,132,True
14,762,3811,3919,108,True
17,717,3811,3919,108,True
18,768,3811,3919,108,True
26,755,3811,3919,108,True
28,783,3811,3943,132,True
54,824,3811,3918,107,True
60,729,3811,3918,107,True
76,756,3811,3866,55,True
82,776,3811,3991,180,True
91,751,3811,3864,53,True
96,730,3811,3918,107,True
0,796,3812,3943,131,True
7,726,3812,3943,131,True
16,792,3812,3919,107,True
23,759,3812,3919,107,True
33,766,3812,3919,107,True
35,779,3812,3919,107,True
44,779,3812,3943,131,True
48,780,3812,3919,107,True
50,730,3812,3866,54,True
52,743,3812,,,False
53,746,3812,3962,150,True
54,825,3812,3918,106,True
58,755,3812,3918,106,True
62,747,3812,3918,106,True
74,769,3812,3918,106,True
79,699,3812,3866,54,True
81,719,3812,3918,106,True
82,777,3812,3991,179,True
85,767,3812,3918,106,True
87,731,3812,3918,106,True
97,758,3812,3864,52,True
98,751,3812,3864,52,True
99,758,3812,3918,106,True
2,770,3813,3943,130,True
3,793,3813,3919,106,True
6,760,3813,3943,130,True
8,752,3813,3919,106,True
11,761,3813,3943,130,True
15,758,3813,3919,106,True
16,793,3813,3919,106,True
23,760,3813,3919,106,True
30,754,3813,3919,106,True
32,768,3813,3919,106,True
35,780,3813,3919,106,True
38,750,3813,3943,130,True
43,726,3813,3919,106,True
45,731,3813,3919,106,True
54,826,3813,3918,105,True
56,753,3813,3918,105,True
68,790,3813,3864,51,True
71,747,3813,3962,149,True
74,770,3813,3918,105,True
78,786,3813,3918,105,True
81,720,3813,3918,105,True
93,747,3813,3918,105,True
96,731,3813,3918,105,True
14,763,3814,3919,105,True
19,725,3814,3943,129,True
21,746,3814,3919,105,True
23,761,3814,3919,105,True
28,784,3814,3943,129,True
31,774,3814,3919,105,True
38,751,3814,3943,129,True
57,745,3814,3866,52,True
58,756,3814,3918,104,True
60,730,3814,3918,104,True
65,746,3814,3919,105,True
68,791,3814,3864,50,True
74,771,3814,3918,104,True
75,788,3814,3918,104,True
79,700,3814,3866,52,True
81,721,3814,3918,104,True
87,732,3814,3918,104,True
88,779,3814,3918,104,True
90,767,3814,3918,104,True
93,748,3814,3918,104,True
97,759,3814,3918,104,True
3,794,3815,3919,104,True
12,778,3815,3919,104,True
13,757,3815,3943,128,True
22,794,3815,3919,104,True
24,716,3815,3919,104,True
34,753,3815,3919,104,True
41,779,3815,3943,128,True
44,780,3815,3943,128,True
46,767,3815,3919,104,True
54,827,3815,3918,103,True
56,754,3815,3918,103,True
62,748,3815,3918,103,True
63,796,3815,3962,147,True
73,738,3815,3866,51,True
74,772,3815,3918,103,True
76,757,3815,3866,51,True
97,760,3815,3918,103,True
99,759,3815,3918,103,True
1,783,3816,3919,103,True
6,761,3816,3943,127,True
9,779,3816,3943,127,True
13,758,3816,3943,127,True
21,747,3816,3919,103,True
24,717,3816,3919,103,True
29,736,3816,3919,103,True
46,768,3816,3919,103,True
49,780,3816,3919,103,True
64,806,3816,3866,50,True
80,803,3816,3864,48,True
83,738,3816,3918,102,True
16,794,3817,3919,102,True
17,718,3817,3943,126,True
28,785,3817,3943,126,True
32,769,3817,3919,102,True
47,718,3817,3919,102,True
54,828,3817,3918,101,True
55,726,3817,3962,145,True
56,755,3817,3918,101,True
59,774,3817,3918,101,True
68,792,3817,3864,47,True
72,761,3817,3919,102,True
77,767,3817,3918,101,True
87,733,3817,3918,101,True
88,780,3817,3918,101,True
90,768,3817,3918,101,True
91,752,3817,3918,101,True
98,752,3817,3864,47,True
7,727,3818,3943,125,True
13,759,3818,3943,125,True
21,748,3818,3919,101,True
27,764,3818,3943,125,True
34,754,3818,3919,101,True
38,752,3818,3943,125,True
40,828,3818,3943,125,True
41,780,3818,3943,125,True
50,731,3818,3866,48,True
51,734,3818,3918,100,True
52,744,3818,,,False
54,829,3818,3918,100,True
57,746,3818,3919,101,True
67,730,3818,3918,100,True
75,789,3818,3918,100,True
78,787,3818,3918,100,True
79,701,3818,3866,48,True
80,804,3818,3864,46,True
86,777,3818,3866,48,True
92,815,3818,3918,100,True
6,762,3819,3943,124,True
22,795,3819,3943,124,True
31,775,3819,3919,100,True
38,753,3819,3943,124,True
52,745,3819,,,False
54,830,3819,3918,99,True
56,756,3819,3918,99,True
67,731,3819,3918,99,True
68,793,3819,3918,99,True
76,758,3819,3866,47,True
79,702,3819,3866,47,True
82,778,3819,3991,172,True
83,739,3819,3918,99,True
90,769,3819,3918,99,True
93,749,3819,3918,99,True
95,762,3819,3962,143,True
9,780,3820,3943,123,True
10,791,3820,3943,123,True
11,762,3820,3943,123,True
13,760,3820,3943,123,True
15,759,3820,3919,99,True
16,795,3820,3919,99,True
17,719,3820,3943,123,True
22,796,3820,3943,123,True
28,786,3820,3943,123,True
32,770,3820,3919,99,True
33,767,3820,3919,99,True
34,755,3820,3919,99,True
36,796,3820,3919,99,True
44,781,3820,3943,123,True
62,749,3820,3918,98,True
64,807,3820,3866,46,True
71,748,3820,3962,142,True
72,762,3820,3919,99,True
88,781,3820,3962,142,True
93,750,3820,3918,98,True
7,728,3821,3943,122,True
9,781,3821,3943,122,True
15,760,3821,3919,98,True
16,796,3821,3919,98,True
22,797,3821,3943,122,True
25,761,3821,3943,122,True
28,787,3821,3943,122,True
30,755,3821,3919,98,True
44,782,3821,3943,122,True
48,781,3821,3943,122,True
52,746,3821,,,False
56,757,3821,3918,97,True
61,753,3821,3866,45,True
62,750,3821,3918,97,True
63,797,3821,3962,141,True
68,794,3821,3918,97,True
75,790,3821,3918,97,True
88,782,3821,3962,141,True
94,773,3821,3991,170,True
96,732,3821,3962,141,True
1,784,3822,3919,97,True
2,771,3822,3943,121,True
3,795,3822,3919,97,True
6,763,3822,3943,121,True
9,782,3822,3943,121,True
10,792,3822,3943,121,True
24,718,3822,3919,97,True
32,771,3822,3919,97,True
33,768,3822,3919,97,True
49,781,3822,3919,97,True
51,735,3822,3918,96,True
52,747,3822,,,False
57,747,3822,3919,97,True
59,775,3822,3918,96,True
65,747,3822,3919,97,True
68,795,3822,3918,96,True
78,788,3822,3918,96,True
79,703,3822,3866,44,True
81,722,3822,3918,96,True
82,779,3822,3991,169,True
83,740,3822,3918,96,True
91,753,3822,3918,96,True
93,751,3822,3962,140,True
94,774,3822,3991,169,True
98,753,3822,3962,140,True
1,785,3823,3919,96,True
3,796,3823,3919,96,True
5,748,3823,3919,96,True
19,726,3823,3943,120,True
24,719,3823,3919,96,True
47,719,3823,3919,96,True
55,727,3823,3962,139,True
66,722,3823,3962,139,True
70,784,3823,3866,43,True
84,793,3823,3962,139,True
86,778,3823,3866,43,True
87,734,3823,3918,95,True
90,770,3823,3918,95,True
97,761,3823,3918,95,True
2,772,3824,3943,119,True
4,784,3824,3919,95,True
11,763,3824,3943,119,True
12,779,3824,3919,95,True
14,764,3824,3919,95,True
18,769,3824,3943,119,True
22,798,3824,3943,119,True
25,762,3824,3943,119,True
37,765,3824,3919,95,True
41,781,3824,3943,119,True
48,782,3824,3943,119,True
52,748,3824,,,False
55,728,3824,3962,138,True
58,757,3824,3918,94,True
65,748,3824,3919,95,True
77,768,3824,3918,94,True
78,789,3824,3918,94,True
79,704,3824,3866,42,True
82,780,3824,3991,167,True
84,794,3824,3962,138,True
92,816,3824,3918,94,True
98,754,3824,3962,138,True
2,773,3825,3943,118,True
6,764,3825,3943,118,True
9,783,3825,3943,118,True
12,780,3825,3919,94,True
18,770,3825,3943,118,True
19,727,3825,3943,118,True
25,763,3825,3943,118,True
32,772,3825,3919,94,True
34,756,3825,3919,94,True
37,766,3825,3919,94,True
38,754,3825,3943,118,True
41,782,3825,3943,118,True
46,769,3825,3919,94,True
48,783,3825,3943,118,True
50,732,3825,3866,41,True
53,747,3825,3962,137,True
65,749,3825,3919,94,True
69,779,3825,3918,93,True
76,759,3825,3923,98,True
83,741,3825,3918,93,True
84,795,3825,3962,137,True
96,733,3825,3991,166,True
98,755,3825,3962,137,True
2,774,3826,3943,117,True
7,729,3826,3943,117,True
10,793,3826,3943,117,True
12,781,3826,3919,93,True
17,720,3826,3943,117,True
23,762,3826,3943,117,True
29,737,3826,3943,117,True
36,797,3826,3943,117,True
48,784,3826,3943,117,True
52,749,3826,,,False
59,776,3826,3918,92,True
61,754,3826,3866,40,True
72,763,3826,3919,93,True
99,760,3826,3918,92,True
4,785,3827,3919,92,True
5,749,3827,3919,92,True
8,753,3827,3943,116,True
10,794,3827,3943,116,True
13,761,3827,3943,116,True
21,749,3827,3943,116,True
35,781,3827,3919,92,True
38,755,3827,3943,116,True
40,829,3827,3943,116,True
48,785,3827,3943,116,True
52,750,3827,,,False
57,748,3827,3919,92,True
58,758,3827,3918,91,True
79,705,3827,3918,91,True
80,805,3827,3962,135,True
81,723,3827,3918,91,True
83,742,3827,3962,135,True
85,768,3827,3918,91,True
86,779,3827,3866,39,True
87,735,3827,3918,91,True
91,754,3827,3918,91,True
92,817,3827,3918,91,True
98,756,3827,3962,135,True
4,786,3828,3919,91,True
6,765,3828,3943,115,True
29,738,3828,3943,115,True
37,767,3828,3919,91,True
42,803,3828,3943,115,True
56,758,3828,3918,90,True
58,759,3828,3918,90,True
67,732,3828,3962,134,True
83,743,3828,3962,134,True
90,771,3828,3918,90,True
92,818,3828,3918,90,True
93,752,3828,3962,134,True
99,761,3828,3918,90,True
1,786,3829,3966,137,True
9,784,3829,3943,114,True
20,734,3829,3919,90,True
22,799,3829,3943,114,True
23,763,3829,3943,114,True
42,804,3829,3943,114,True
43,727,3829,3943,114,True
47,720,3829,3919,90,True
49,782,3829,3919,90,True
52,751,3829,,,False
55,729,3829,3962,133,True
66,723,3829,3962,133,True
68,796,3829,3991,162,True
84,796,3829,3962,133,True
90,772,3829,3918,89,True
0,797,3830,3943,113,True
4,787,3830,3919,89,True
8,754,3830,3943,113,True
12,782,3830,3919,89,True
20,735,3830,3919,89,True
21,750,3830,3943,113,True
22,800,3830,3943,113,True
26,756,3830,3943,113,True
32,773,3830,3943,113,True
38,756,3830,3943,113,True
39,723,3830,3943,113,True
41,783,3830,3943,113,True
45,732,3830,3919,89,True
61,755,3830,3866,36,True
63,798,3830,3962,132,True
65,750,3830,3919,89,True
67,733,3830,3962,132,True
76,760,3830,3923,93,True
78,790,3830,3962,132,True
81,724,3830,3918,88,True
84,797,3830,3962,132,True
88,783,3830,3962,132,True
91,755,3830,3962,132,True
93,753,3830,3962,132,True
95,763,3830,3962,132,True
2,775,3831,3943,112,True
18,771,3831,3943,112,True
45,733,3831,3919,88,True
46,770,3831,3919,88,True
48,786,3831,3943,112,True
54,831,3831,3918,87,True
55,730,3831,3962,131,True
57,749,3831,3919,88,True
59,777,3831,3918,87,True
61,756,3831,3866,35,True
63,799,3831,3962,131,True
69,780,3831,3918,87,True
71,749,3831,3962,131,True
73,739,3831,3919,88,True
76,761,3831,3923,92,True
77,769,3831,3918,87,True
79,706,3831,3918,87,True
85,769,3831,3918,87,True
90,773,3831,3918,87,True
92,819,3831,3918,87,True
93,754,3831,3962,131,True
94,775,3831,3991,160,True
97,762,3831,3991,160,True
99,762,3831,3918,87,True
13,762,3832,3943,111,True
26,757,3832,3943,111,True
27,765,3832,3943,111,True
34,757,3832,3919,87,True
37,768,3832,3943,111,True
38,757,3832,3943,111,True
46,771,3832,3919,87,True
47,721,3832,3919,87,True
48,787,3832,3943,111,True
54,832,3832,3918,86,True
65,751,3832,3919,87,True
74,773,3832,3962,130,True
75,791,3832,3918,86,True
95,764,3832,3962,130,True
8,755,3833,3943,110,True
19,728,3833,3943,110,True
24,720,3833,3943,110,True
27,766,3833,3943,110,True
29,739,3833,3943,110,True
31,776,3833,3943,110,True
32,774,3833,3943,110,True
43,728,3833,3943,110,True
54,833,3833,3918,85,True
55,731,3833,3962,129,True
69,781,3833,3918,85,True
76,762,3833,3923,90,True
78,791,3833,3962,129,True
79,707,3833,3918,85,True
80,806,3833,3962,129,True
91,756,3833,3962,129,True
97,763,3833,3991,158,True
6,766,3834,3943,109,True
7,730,3834,3943,109,True
12,783,3834,3943,109,True
13,763,3834,3943,109,True
17,721,3834,3943,109,True
18,772,3834,3943,109,True
19,729,3834,3943,109,True
21,751,3834,3943,109,True
24,721,3834,3943,109,True
26,758,3834,3943,109,True
36,798,3834,3943,109,True
37,769,3834,3943,109,True
38,758,3834,3943,109,True
48,788,3834,3943,109,True
60,731,3834,3918,84,True
70,785,3834,3919,85,True
71,750,3834,3962,128,True
72,764,3834,3919,85,True
85,770,3834,3918,84,True
86,780,3834,3919,85,True
88,784,3834,3991,157,True
90,774,3834,3918,84,True
92,820,3834,3918,84,True
98,757,3834,3962,128,True
3,797,3835,3943,108,True
9,785,3835,3943,108,True
13,764,3835,3943,108,True
27,767,3835,3943,108,True
30,756,3835,3919,84,True
32,775,3835,3943,108,True
44,783,3835,3943,108,True
53,748,3835,3962,127,True
54,834,3835,3918,83,True
63,800,3835,3962,127,True
64,808,3835,3919,84,True
68,797,3835,3991,156,True
85,771,3835,3918,83,True
92,821,3835,3918,83,True
3,798,3836,3943,107,True
9,786,3836,3943,107,True
11,764,3836,3943,107,True
29,740,3836,3943,107,True
35,782,3836,3919,83,True
43,729,3836,3943,107,True
45,734,3836,3919,83,True
49,783,3836,3919,83,True
50,733,3836,3919,83,True
51,736,3836,3991,155,True
52,752,3836,,,False
60,732,3836,3918,82,True
65,752,3836,3919,83,True
70,786,3836,3919,83,True
89,762,3836,3962,126,True
94,776,3836,3991,155,True
96,734,3836,3991,155,True
5,750,3837,3943,106,True
8,756,3837,3943,106,True
9,787,3837,3943,106,True
10,795,3837,3943,106,True
23,764,3837,3943,106,True
40,830,3837,3943,106,True
59,778,3837,3918,81,True
62,751,3837,3962,125,True
66,724,3837,3962,125,True
67,734,3837,3962,125,True
71,751,3837,3962,125,True
78,792,3837,3962,125,True
80,807,3837,3962,125,True
89,763,3837,3962,125,True
96,735,3837,3991,154,True
0,798,3838,3943,105,True
9,788,3838,3943,105,True
10,796,3838,3943,105,True
16,797,3838,3943,105,True
19,730,3838,3943,105,True
28,788,3838,3943,105,True
32,776,3838,3943,105,True
42,805,3838,3943,105,True
43,730,3838,3943,105,True
47,722,3838,3919,81,True
51,737,3838,3991,153,True
56,759,3838,3918,80,True
63,801,3838,3962,124,True
69,782,3838,3918,80,True
71,752,3838,3962,124,True
73,740,3838,3919,81,True
75,792,3838,3918,80,True
76,763,3838,3923,85,True
77,770,3838,3962,124,True
96,736,3838,3991,153,True
97,764,3838,3991,153,True
98,758,3838,3962,124,True
7,731,3839,3943,104,True
8,757,3839,3943,104,True
13,765,3839,3943,104,True
16,798,3839,3943,104,True
20,736,3839,3919,80,True
32,777,3839,3943,104,True
35,783,3839,3919,80,True
39,724,3839,3966,127,True
45,735,3839,3919,80,True
52,753,3839,,,False
53,749,3839,3962,123,True
76,764,3839,3923,84,True
81,725,3839,3918,79,True
82,781,3839,3991,152,True
85,772,3839,3918,79,True
89,764,3839,3962,123,True
92,822,3839,3962,123,True
94,777,3839,3991,152,True
97,765,3839,3991,152,True
98,759,3839,3962,123,True
99,763,3839,3962,123,True
2,776,3840,3943,103,True
3,799,3840,3943,103,True
6,767,3840,3943,103,True
11,765,3840,3943,103,True
33,769,3840,3943,103,True
52,754,3840,,,False
61,757,3840,3919,79,True
62,752,3840,3962,122,True
67,735,3840,3962,122,True
69,783,3840,3962,122,True
75,793,3840,3918,78,True
76,765,3840,3923,83,True
80,808,3840,3962,122,True
89,765,3840,3962,122,True
91,757,3840,3962,122,True
95,765,3840,3962,122,True
7,732,3841,3943,102,True
11,766,3841,3943,102,True
15,761,3841,3919,78,True
16,799,3841,3943,102,True
17,722,3841,3943,102,True
26,759,3841,3943,102,True
31,777,3841,3943,102,True
33,770,3841,3943,102,True
45,736,3841,3919,78,True
51,738,3841,3991,150,True
52,755,3841,,,False
56,760,3841,3918,77,True
59,779,3841,3962,121,True
62,753,3841,3962,121,True
63,802,3841,3962,121,True
70,787,3841,3919,78,True
77,771,3841,3962,121,True
87,736,3841,3962,121,True
88,785,3841,3991,150,True
95,766,3841,3962,121,True
98,760,3841,3962,121,True
4,788,3842,3966,124,True
5,751,3842,3943,101,True
6,768,3842,3943,101,True
7,733,3842,3943,101,True
15,762,3842,3919,77,True
16,800,3842,3943,101,True
21,752,3842,3943,101,True
27,768,3842,3943,101,True
30,757,3842,3943,101,True
37,770,3842,3943,101,True
46,772,3842,3943,101,True
49,784,3842,3943,101,True
51,739,3842,3991,149,True
53,750,3842,3962,120,True
58,760,3842,3923,81,True
59,780,3842,3962,120,True
60,733,3842,3962,120,True
63,803,3842,3962,120,True
65,753,3842,3919,77,True
67,736,3842,3962,120,True
71,753,3842,3962,120,True
76,766,3842,3923,81,True
79,708,3842,3919,77,True
91,758,3842,3962,120,True
93,755,3842,3962,120,True
2,777,3843,3943,100,True
10,797,3843,3943,100,True
16,801,3843,3943,100,True
29,741,3843,3943,100,True
30,758,3843,3943,100,True
36,799,3843,3943,100,True
40,831,3843,3943,100,True
43,731,3843,3943,100,True
45,737,3843,3919,76,True
46,773,3843,3943,100,True
47,723,3843,3943,100,True
49,785,3843,3943,100,True
59,781,3843,3962,119,True
66,725,3843,3962,119,True
73,741,3843,3923,80,True
77,772,3843,3962,119,True
94,778,3843,3991,148,True
99,764,3843,3962,119,True
8,758,3844,3943,99,True
16,802,3844,3943,99,True
17,723,3844,3943,99,True
20,737,3844,3919,75,True
21,753,3844,3943,99,True
23,765,3844,3943,99,True
38,759,3844,3943,99,True
43,732,3844,3943,99,True
46,774,3844,3943,99,True
48,789,3844,3943,99,True
54,835,3844,3991,147,True
68,798,3844,3991,147,True
77,773,3844,3962,118,True
81,726,3844,3962,118,True
91,759,3844,3962,118,True
99,765,3844,3962,118,True
0,799,3845,3943,98,True
3,800,3845,3943,98,True
11,767,3845,3943,98,True
16,803,3845,3943,98,True
20,738,3845,3919,74,True
24,722,3845,3943,98,True
38,760,3845,3943,98,True
40,832,3845,3943,98,True
42,806,3845,3943,98,True
46,775,3845,3943,98,True
53,751,3845,3962,117,True
60,734,3845,3962,117,True
65,754,3845,3919,74,True
73,742,3845,3923,78,True
74,774,3845,3962,117,True
76,767,3845,3923,78,True
85,773,3845,3918,73,True
89,766,3845,3962,117,True
90,775,3845,3962,117,True
98,761,3845,3991,146,True
3,801,3846,3943,97,True
6,769,3846,3943,97,True
11,768,3846,3943,97,True
13,766,3846,3943,97,True
16,804,3846,3943,97,True
19,731,3846,3966,120,True
21,754,3846,3943,97,True
23,766,3846,3943,97,True
25,764,3846,3943,97,True
28,789,3846,3943,97,True
50,734,3846,3923,77,True
51,740,3846,3991,145,True
57,750,3846,3919,73,True
59,782,3846,3962,116,True
60,735,3846,3962,116,True
63,804,3846,3962,116,True
64,809,3846,3923,77,True
65,755,3846,3919,73,True
66,726,3846,3962,116,True
74,775,3846,3962,116,True
77,774,3846,3962,116,True
92,823,3846,3962,116,True
97,766,3846,3991,145,True
2,778,3847,3943,96,True
8,759,3847,3943,96,True
12,784,3847,3966,119,True
14,765,3847,3943,96,True
17,724,3847,3943,96,True
18,773,3847,3943,96,True
20,739,3847,3919,72,True
24,723,3847,3943,96,True
26,760,3847,3943,96,True
31,778,3847,3943,96,True
41,784,3847,3943,96,True
43,733,3847,3943,96,True
44,784,3847,3943,96,True
50,735,3847,3923,76,True
55,732,3847,3962,115,True
58,761,3847,3923,76,True
59,783,3847,3962,115,True
66,727,3847,3962,115,True
79,709,3847,3919,72,True
84,798,3847,3962,115,True
85,774,3847,3918,71,True
89,767,3847,3962,115,True
90,776,3847,3962,115,True
92,824,3847,3962,115,True
3,802,3848,3966,118,True
5,752,3848,3943,95,True
7,734,3848,3943,95,True
20,740,3848,3919,71,True
24,724,3848,3943,95,True
28,790,3848,3943,95,True
40,833,3848,3943,95,True
44,785,3848,3943,95,True
49,786,3848,3943,95,True
57,751,3848,3919,71,True
59,784,3848,3962,114,True
64,810,3848,3923,75,True
66,728,3848,3962,114,True
68,799,3848,3991,143,True
70,788,3848,3919,71,True
72,765,3848,3943,95,True
77,775,3848,3962,114,True
82,782,3848,3991,143,True
96,737,3848,3991,143,True
98,762,3848,3991,143,True
4,789,3849,3966,117,True
8,760,3849,3943,94,True
9,789,3849,3943,94,True
15,763,3849,3943,94,True
16,805,3849,3943,94,True
18,774,3849,3943,94,True
19,732,3849,3966,117,True
23,767,3849,3943,94,True
31,779,3849,3943,94,True
39,725,3849,3966,117,True
42,807,3849,3943,94,True
44,786,3849,3943,94,True
49,787,3849,3943,94,True
55,733,3849,3962,113,True
60,736,3849,3962,113,True
64,811,3849,3923,74,True
66,729,3849,3962,113,True
99,766,3849,3962,113,True
0,800,3850,3943,93,True
1,787,3850,3966,116,True
5,753,3850,3943,93,True
6,770,3850,3943,93,True
13,767,3850,3943,93,True
14,766,3850,3943,93,True
17,725,3850,3943,93,True
22,801,3850,3943,93,True
25,765,3850,3943,93,True
28,791,3850,3943,93,True
29,742,3850,3943,93,True
38,761,3850,3943,93,True
41,785,3850,3943,93,True
46,776,3850,3943,93,True
47,724,3850,3943,93,True
50,736,3850,3923,73,True
54,836,3850,3991,141,True
56,761,3850,3962,112,True
58,762,3850,3962,112,True
71,754,3850,3962,112,True
77,776,3850,3962,112,True
78,793,3850,3962,112,True
79,710,3850,3923,73,True
94,779,3850,3991,141,True
0,801,3851,3943,92,True
1,788,3851,3966,115,True
5,754,3851,3943,92,True
15,764,3851,3943,92,True
23,768,3851,3943,92,True
44,787,3851,3943,92,True
46,777,3851,3943,92,True
49,788,3851,3943,92,True
52,756,3851,,,False
57,752,3851,3919,68,True
67,737,3851,3962,111,True
73,743,3851,3923,72,True
79,711,3851,3923,72,True
86,781,3851,3962,111,True
88,786,3851,3991,140,True
91,760,3851,3991,140,True
95,767,3851,3991,140,True
98,763,3851,3991,140,True
2,779,3852,3943,91,True
5,755,3852,3943,91,True
7,735,3852,3943,91,True
15,765,3852,3943,91,True
19,733,3852,3966,114,True
22,802,3852,3943,91,True
27,769,3852,3943,91,True
31,780,3852,3943,91,True
32,778,3852,3943,91,True
33,771,3852,3943,91,True
40,834,3852,3943,91,True
49,789,3852,3943,91,True
52,757,3852,,,False
58,763,3852,3962,110,True
59,785,3852,3962,110,True
70,789,3852,3962,110,True
72,766,3852,3943,91,True
74,776,3852,3962,110,True
75,794,3852,3962,110,True
84,799,3852,3962,110,True
89,768,3852,3962,110,True
95,768,3852,3991,139,True
0,802,3853,3943,90,True
1,789,3853,3966,113,True
12,785,3853,3966,113,True
15,766,3853,3943,90,True
21,755,3853,3943,90,True
25,766,3853,3943,90,True
27,770,3853,3943,90,True
28,792,3853,3943,90,True
30,759,3853,3943,90,True
31,781,3853,3943,90,True
34,758,3853,3943,90,True
50,737,3853,3923,70,True
57,753,3853,3919,66,True
58,764,3853,3962,109,True
59,786,3853,3962,109,True
61,758,3853,3919,66,True
65,756,3853,3962,109,True
85,775,3853,3962,109,True
87,737,3853,3962,109,True
88,787,3853,3991,138,True
91,761,3853,3991,138,True
92,825,3853,3962,109,True
98,764,3853,3991,138,True
5,756,3854,3943,89,True
19,734,3854,3966,112,True
23,769,3854,3943,89,True
25,767,3854,3943,89,True
26,761,3854,3966,112,True
29,743,3854,3943,89,True
39,726,3854,3966,112,True
44,788,3854,3943,89,True
50,738,3854,3923,69,True
63,805,3854,3962,108,True
67,738,3854,3962,108,True
70,790,3854,3962,108,True
73,744,3854,3923,69,True
81,727,3854,3991,137,True
82,783,3854,3991,137,True
86,782,3854,3962,108,True
88,788,3854,3991,137,True
94,780,3854,3991,137,True
12,786,3855,3966,111,True
15,767,3855,3943,88,True
16,806,3855,3966,111,True
17,726,3855,3943,88,True
20,741,3855,3943,88,True
25,768,3855,3943,88,True
28,793,3855,3943,88,True
41,786,3855,3966,111,True
47,725,3855,3943,88,True
66,730,3855,3991,136,True
69,784,3855,3962,107,True
92,826,3855,3962,107,True
97,767,3855,3991,136,True
6,771,3856,3966,110,True
9,790,3856,3943,87,True
14,767,3856,3943,87,True
25,769,3856,3943,87,True
35,784,3856,3943,87,True
42,808,3856,3943,87,True
57,754,3856,3919,63,True
64,812,3856,3923,67,True
67,739,3856,3962,106,True
75,795,3856,3962,106,True
77,777,3856,3962,106,True
79,712,3856,3962,106,True
83,744,3856,3991,135,True
84,800,3856,3962,106,True
87,738,3856,3962,106,True
98,765,3856,3991,135,True
99,767,3856,3962,106,True
6,772,3857,3966,109,True
7,736,3857,3966,109,True
8,761,3857,3943,86,True
13,768,3857,3943,86,True
16,807,3857,3966,109,True
33,772,3857,3943,86,True
46,778,3857,3943,86,True
48,790,3857,3966,109,True
55,734,3857,3962,105,True
58,765,3857,3962,105,True
62,754,3857,3962,105,True
68,800,3857,3991,134,True
73,745,3857,3962,105,True
77,778,3857,3962,105,True
88,789,3857,3991,134,True
92,827,3857,3962,105,True
93,756,3857,3991,134,True
2,780,3858,3966,108,True
33,773,3858,3943,85,True
35,785,3858,3943,85,True
37,771,3858,3943,85,True
43,734,3858,3966,108,True
52,758,3858,,,False
53,752,3858,3991,133,True
66,731,3858,3991,133,True
71,755,3858,3991,133,True
74,777,3858,3991,133,True
90,777,3858,3962,104,True
93,757,3858,3991,133,True
94,781,3858,3991,133,True
98,766,3858,3991,133,True
1,790,3859,3966,107,True
12,787,3859,3966,107,True
14,768,3859,3943,84,True
23,770,3859,3943,84,True
46,779,3859,3943,84,True
53,753,3859,3991,132,True
70,791,3859,3962,103,True
73,746,3859,3962,103,True
75,796,3859,3962,103,True
81,728,3859,3991,132,True
88,790,3859,3991,132,True
89,769,3859,3962,103,True
96,738,3859,3991,132,True
97,768,3859,3991,132,True
98,767,3859,3991,132,True
99,768,3859,3962,103,True
0,803,3860,3943,83,True
4,790,3860,3966,106,True
14,769,3860,3943,83,True
16,808,3860,3966,106,True
17,727,3860,3943,83,True
18,775,3860,3943,83,True
21,756,3860,3943,83,True
23,771,3860,3943,83,True
25,770,3860,3943,83,True
26,762,3860,3966,106,True
29,744,3860,3943,83,True
37,772,3860,3943,83,True
39,727,3860,3966,106,True
68,801,3860,3991,131,True
70,792,3860,3962,102,True
78,794,3860,3962,102,True
80,809,3860,3991,131,True
84,801,3860,3962,102,True
86,783,3860,3962,102,True
97,769,3860,3991,131,True
98,768,3860,3991,131,True
9,791,3861,3943,82,True
15,768,3861,3943,82,True
30,760,3861,3943,82,True
31,782,3861,3943,82,True
33,774,3861,3943,82,True
37,773,3861,3966,105,True
38,762,3861,3966,105,True
43,735,3861,3966,105,True
46,780,3861,3943,82,True
55,735,3861,3991,130,True
58,766,3861,3962,101,True
62,755,3861,3962,101,True
66,732,3861,3991,130,True
73,747,3861,3962,101,True
76,768,3861,3962,101,True
80,810,3861,3991,130,True
85,776,3861,3962,101,True
88,791,3861,3991,130,True
90,778,3861,3962,101,True
93,758,3861,3991,130,True
97,770,3861,3991,130,True
3,803,3862,4013,151,True
9,792,3862,3943,81,True
15,769,3862,3943,81,True
16,809,3862,3966,104,True
23,772,3862,3943,81,True
29,745,3862,3943,81,True
35,786,3862,3943,81,True
39,728,3862,3966,104,True
41,787,3862,3966,104,True
43,736,3862,3966,104,True
44,789,3862,3943,81,True
51,741,3862,3991,129,True
55,736,3862,3991,129,True
56,762,3862,3962,100,True
62,756,3862,3962,100,True
65,757,3862,3991,129,True
72,767,3862,3943,81,True
73,748,3862,3962,100,True
74,778,3862,3991,129,True
75,797,3862,3962,100,True
79,713,3862,3962,100,True
89,770,3862,3991,129,True
95,769,3862,3991,129,True
98,769,3862,3991,129,True
99,769,3862,3962,100,True
8,762,3863,3943,80,True
17,728,3863,3943,80,True
18,776,3863,3943,80,True
24,725,3863,3966,103,True
25,771,3863,3943,80,True
28,794,3863,3966,103,True
45,738,3863,3943,80,True
51,742,3863,3991,128,True
54,837,3863,3991,128,True
57,755,3863,3962,99,True
59,787,3863,3991,128,True
62,757,3863,3962,99,True
63,806,3863,3991,128,True
75,798,3863,3962,99,True
79,714,3863,3962,99,True
89,771,3863,3991,128,True
92,828,3863,3962,99,True
95,770,3863,3991,128,True
0,804,3864,4013,149,True
7,737,3864,3966,102,True
14,770,3864,3943,79,True
24,726,3864,3966,102,True
26,763,3864,3966,102,True
32,779,3864,3966,102,True
42,809,3864,3966,102,True
43,737,3864,3966,102,True
44,790,3864,3943,79,True
45,739,3864,3943,79,True
50,739,3864,3962,98,True
51,743,3864,3991,127,True
67,740,3864,3991,127,True
73,749,3864,3962,98,True
91,762,3864,3991,127,True
96,739,3864,3991,127,True
97,771,3864,3991,127,True
9,793,3865,3943,78,True
11,769,3865,3943,78,True
12,788,3865,3966,101,True
20,742,3865,3943,78,True
21,757,3865,3943,78,True
30,761,3865,3943,78,True
34,759,3865,3943,78,True
36,800,3865,3966,101,True
41,788,3865,3966,101,True
44,791,3865,3943,78,True
47,726,3865,4013,148,True
63,807,3865,3991,126,True
70,793,3865,3962,97,True
74,779,3865,3991,126,True
75,799,3865,3962,97,True
77,779,3865,3962,97,True
82,784,3865,3991,126,True
83,745,3865,3991,126,True
84,802,3865,3962,97,True
85,777,3865,3962,97,True
86,784,3865,3962,97,True
87,739,3865,3991,126,True
94,782,3865,3991,126,True
96,740,3865,3991,126,True
99,770,3865,3962,97,True
3,804,3866,4013,147,True
6,773,3866,3966,100,True
12,789,3866,3966,100,True
15,770,3866,3943,77,True
16,810,3866,3966,100,True
20,743,3866,3943,77,True
21,758,3866,3943,77,True
28,795,3866,3966,100,True
33,775,3866,3943,77,True
34,760,3866,3943,77,True
36,801,3866,3966,100,True
37,774,3866,3966,100,True
44,792,3866,3943,77,True
51,744,3866,3991,125,True
53,754,3866,3991,125,True
58,767,3866,3991,125,True
60,737,3866,3991,125,True
65,758,3866,3991,125,True
69,785,3866,3991,125,True
72,768,3866,3943,77,True
82,785,3866,3991,125,True
83,746,3866,3991,125,True
86,785,3866,3962,96,True
1,791,3867,3966,99,True
10,798,3867,3966,99,True
11,770,3867,3966,99,True
14,771,3867,3943,76,True
18,777,3867,3966,99,True
19,735,3867,3966,99,True
22,803,3867,3966,99,True
29,746,3867,3943,76,True
36,802,3867,3966,99,True
37,775,3867,3966,99,True
38,763,3867,3966,99,True
40,835,3867,3966,99,True
42,810,3867,3966,99,True
46,781,3867,3966,99,True
47,727,3867,4013,146,True
53,755,3867,3991,124,True
56,763,3867,3962,95,True
59,788,3867,3991,124,True
62,758,3867,3962,95,True
63,808,3867,3991,124,True
76,769,3867,3962,95,True
77,780,3867,3962,95,True
80,811,3867,3991,124,True
84,803,3867,3962,95,True
90,779,3867,3962,95,True
93,759,3867,3991,124,True
97,772,3867,3991,124,True
14,772,3868,3943,75,True
19,736,3868,3966,98,True
22,804,3868,3966,98,True
27,771,3868,3966,98,True
37,776,3868,3966,98,True
40,836,3868,3966,98,True
46,782,3868,3966,98,True
47,728,3868,4013,145,True
51,745,3868,3991,123,True
58,768,3868,3991,123,True
67,741,3868,3991,123,True
69,786,3868,3991,123,True
73,750,3868,3991,123,True
74,780,3868,3991,123,True
81,729,3868,3991,123,True
90,780,3868,3962,94,True
95,771,3868,3991,123,True
99,771,3868,4010,142,True
15,771,3869,3943,74,True
16,811,3869,3966,97,True
23,773,3869,3966,97,True
26,764,3869,3966,97,True
29,747,3869,3966,97,True
34,761,3869,3943,74,True
37,777,3869,3966,97,True
39,729,3869,3966,97,True
41,789,3869,3966,97,True
42,811,3869,3966,97,True
47,729,3869,4013,144,True
48,791,3869,3966,97,True
56,764,3869,3962,93,True
62,759,3869,3962,93,True
69,787,3869,3991,122,True
77,781,3869,3991,122,True
88,792,3869,3991,122,True
91,763,3869,3991,122,True
92,829,3869,3991,122,True
99,772,3869,4010,141,True
6,774,3870,4013,143,True
10,799,3870,3966,96,True
20,744,3870,3943,73,True
21,759,3870,3943,73,True
33,776,3870,3966,96,True
37,778,3870,3966,96,True
39,730,3870,3966,96,True
42,812,3870,3966,96,True
47,730,3870,4013,143,True
50,740,3870,3962,92,True
51,746,3870,3991,121,True
58,769,3870,3991,121,True
63,809,3870,4010,140,True
70,794,3870,3962,92,True
77,782,3870,3991,121,True
78,795,3870,3991,121,True
88,793,3870,3991,121,True
90,781,3870,3962,92,True
1,792,3871,3966,95,True
3,805,3871,4013,142,True
4,791,3871,3966,95,True
8,763,3871,4013,142,True
13,769,3871,3966,95,True
18,778,3871,3966,95,True
22,805,3871,3966,95,True
23,774,3871,3966,95,True
38,764,3871,3966,95,True
42,813,3871,3966,95,True
47,731,3871,4013,142,True
48,792,3871,3966,95,True
50,741,3871,3962,91,True
52,759,3871,,,False
54,838,3871,3991,120,True
55,737,3871,3991,120,True
71,756,3871,3991,120,True
72,769,3871,3962,91,True
74,781,3871,3991,120,True
78,796,3871,3991,120,True
85,778,3871,3962,91,True
95,772,3871,3991,120,True
13,770,3872,3966,94,True
18,779,3872,3966,94,True
25,772,3872,3966,94,True
41,790,3872,4013,141,True
42,814,3872,3966,94,True
57,756,3872,3962,90,True
58,770,3872,3991,119,True
69,788,3872,3991,119,True
73,751,3872,3991,119,True
77,783,3872,3991,119,True
84,804,3872,3962,90,True
90,782,3872,4044,172,True
91,764,3872,3991,119,True
96,741,3872,3991,119,True
0,805,3873,4013,140,True
6,775,3873,4013,140,True
16,812,3873,3966,93,True
17,729,3873,3966,93,True
23,775,3873,3966,93,True
25,773,3873,3966,93,True
32,780,3873,3966,93,True
38,765,3873,3966,93,True
39,731,3873,3966,93,True
41,791,3873,4013,140,True
49,790,3873,3966,93,True
51,747,3873,3991,118,True
52,760,3873,,,False
53,756,3873,3991,118,True
55,738,3873,3991,118,True
61,759,3873,3962,89,True
64,813,3873,3962,89,True
66,733,3873,3991,118,True
77,784,3873,3991,118,True
88,794,3873,3991,118,True
91,765,3873,3991,118,True
93,760,3873,3991,118,True
2,781,3874,3966,92,True
5,757,3874,4013,139,True
8,764,3874,4013,139,True
10,800,3874,3966,92,True
14,773,3874,3943,69,True
26,765,3874,3966,92,True
27,772,3874,3966,92,True
37,779,3874,3966,92,True
46,783,3874,4013,139,True
47,732,3874,4013,139,True
86,786,3874,3962,88,True
88,795,3874,3991,117,True
90,783,3874,4044,170,True
91,766,3874,3991,117,True
95,773,3874,3991,117,True
97,773,3874,3991,117,True
98,770,3874,3991,117,True
4,792,3875,3966,91,True
21,760,3875,3966,91,True
23,776,3875,3966,91,True
33,777,3875,3966,91,True
37,780,3875,3966,91,True
39,732,3875,3966,91,True
46,784,3875,4013,138,True
47,733,3875,4013,138,True
48,793,3875,3966,91,True
62,760,3875,3991,116,True
68,802,3875,3991,116,True
74,782,3875,3991,116,True
76,770,3875,3991,116,True
80,812,3875,3991,116,True
87,740,3875,3991,116,True
96,742,3875,3991,116,True
10,801,3876,3966,90,True
14,774,3876,3966,90,True
21,761,3876,3966,90,True
24,727,3876,3966,90,True
32,781,3876,3966,90,True
42,815,3876,3966,90,True
43,738,3876,3966,90,True
45,740,3876,3943,67,True
47,734,3876,4013,137,True
50,742,3876,3962,86,True
52,761,3876,,,False
58,771,3876,3991,115,True
59,789,3876,3991,115,True
61,760,3876,3962,86,True
67,742,3876,3991,115,True
75,800,3876,3991,115,True
76,771,3876,3991,115,True
86,787,3876,3962,86,True
92,830,3876,3991,115,True
96,743,3876,3991,115,True
97,774,3876,3991,115,True
2,782,3877,3966,89,True
3,806,3877,4013,136,True
4,793,3877,3966,89,True
7,738,3877,3966,89,True
8,765,3877,4013,136,True
9,794,3877,3966,89,True
11,771,3877,3966,89,True
18,780,3877,3966,89,True
19,737,3877,3966,89,True
20,745,3877,3943,66,True
23,777,3877,3966,89,True
38,766,3877,3966,89,True
45,741,3877,3943,66,True
46,785,3877,4013,136,True
52,762,3877,,,False
53,757,3877,3991,114,True
59,790,3877,3991,114,True
61,761,3877,3962,85,True
95,774,3877,3991,114,True
9,795,3878,3966,88,True
18,781,3878,3966,88,True
27,773,3878,3966,88,True
33,778,3878,3966,88,True
35,787,3878,3966,88,True
36,803,3878,3966,88,True
45,742,3878,3943,65,True
63,810,3878,4010,132,True
68,803,3878,3991,113,True
70,795,3878,3962,84,True
72,770,3878,3962,84,True
74,783,3878,3991,113,True
76,772,3878,3991,113,True
78,797,3878,3991,113,True
81,730,3878,3991,113,True
83,747,3878,3991,113,True
87,741,3878,3991,113,True
91,767,3878,3991,113,True
94,783,3878,3991,113,True
97,775,3878,3991,113,True
2,783,3879,3966,87,True
11,772,3879,3966,87,True
17,730,3879,3966,87,True
25,774,3879,3966,87,True
26,766,3879,3966,87,True
44,793,3879,3966,87,True
49,791,3879,3966,87,True
57,757,3879,3962,83,True
72,771,3879,3962,83,True
83,748,3879,3991,112,True
91,768,3879,3991,112,True
1,793,3880,3966,86,True
5,758,3880,4013,133,True
6,776,3880,4013,133,True
7,739,3880,4013,133,True
8,766,3880,4013,133,True
14,775,3880,3966,86,True
29,748,3880,3966,86,True
40,837,3880,3966,86,True
47,735,3880,4013,133,True
48,794,3880,3966,86,True
54,839,3880,3991,111,True
56,765,3880,3991,111,True
59,791,3880,3991,111,True
64,814,3880,3991,111,True
66,734,3880,4010,130,True
77,785,3880,3991,111,True
84,805,3880,3991,111,True
92,831,3880,3991,111,True
3,807,3881,4013,132,True
9,796,3881,3966,85,True
11,773,3881,3966,85,True
14,776,3881,3966,85,True
20,746,3881,3943,62,True
23,778,3881,3966,85,True
27,774,3881,3966,85,True
40,838,3881,3966,85,True
43,739,3881,3966,85,True
44,794,3881,3966,85,True
46,786,3881,4013,132,True
48,795,3881,3966,85,True
49,792,3881,3966,85,True
51,748,3881,3991,110,True
53,758,3881,3991,110,True
55,739,3881,3991,110,True
58,772,3881,3991,110,True
61,762,3881,3962,81,True
62,761,3881,3991,110,True
73,752,3881,3991,110,True
76,773,3881,3991,110,True
77,786,3881,3991,110,True
80,813,3881,3991,110,True
86,788,3881,3962,81,True
89,772,3881,4010,129,True
93,761,3881,3991,110,True
97,776,3881,3991,110,True
8,767,3882,4013,131,True
12,790,3882,3966,84,True
17,731,3882,3966,84,True
21,762,3882,3966,84,True
30,762,3882,3966,84,True
31,783,3882,3966,84,True
34,762,3882,3966,84,True
37,781,3882,4013,131,True
39,733,3882,4013,131,True
47,736,3882,4013,131,True
56,766,3882,3991,109,True
58,773,3882,3991,109,True
60,738,3882,3991,109,True
61,763,3882,3962,80,True
63,811,3882,4010,128,True
66,735,3882,4010,128,True
68,804,3882,3991,109,True
69,789,3882,3991,109,True
74,784,3882,3991,109,True
85,779,3882,3991,109,True
2,784,3883,3966,83,True
4,794,3883,3966,83,True
13,771,3883,4069,186,True
17,732,3883,3966,83,True
31,784,3883,3966,83,True
33,779,3883,3966,83,True
38,767,3883,3966,83,True
47,737,3883,4013,130,True
56,767,3883,3991,108,True
69,790,3883,3991,108,True
71,757,3883,3991,108,True
72,772,3883,3962,79,True
75,801,3883,3991,108,True
80,814,3883,3991,108,True
81,731,3883,3991,108,True
82,786,3883,3991,108,True
87,742,3883,3991,108,True
94,784,3883,3991,108,True
99,773,3883,4010,127,True
10,802,3884,4013,129,True
11,774,3884,3966,82,True
13,772,3884,4069,185,True
16,813,3884,4013,129,True
17,733,3884,3966,82,True
21,763,3884,3966,82,True
33,780,3884,3966,82,True
44,795,3884,3966,82,True
47,738,3884,4013,129,True
63,812,3884,4010,126,True
64,815,3884,3991,107,True
69,791,3884,3991,107,True
70,796,3884,3962,78,True
72,773,3884,3991,107,True
73,753,3884,3991,107,True
79,715,3884,3991,107,True
82,787,3884,3991,107,True
86,789,3884,3991,107,True
87,743,3884,3991,107,True
88,796,3884,3991,107,True
1,794,3885,3966,81,True
2,785,3885,4013,128,True
9,797,3885,3966,81,True
15,772,3885,3966,81,True
21,764,3885,3966,81,True
23,779,3885,3966,81,True
41,792,3885,4013,128,True
42,816,3885,3966,81,True
50,743,3885,3991,106,True
58,774,3885,3991,106,True
60,739,3885,3991,106,True
65,759,3885,3991,106,True
69,792,3885,3991,106,True
83,749,3885,3991,106,True
93,762,3885,3991,106,True
96,744,3885,3991,106,True
97,777,3885,3991,106,True
15,773,3886,3966,80,True
17,734,3886,3966,80,True
26,767,3886,3966,80,True
28,796,3886,3966,80,True
36,804,3886,4013,127,True
38,768,3886,3966,80,True
42,817,3886,3966,80,True
44,796,3886,3966,80,True
46,787,3886,4013,127,True
59,792,3886,3991,105,True
61,764,3886,3962,76,True
62,762,3886,3991,105,True
65,760,3886,3991,105,True
66,736,3886,4010,124,True
67,743,3886,3991,105,True
71,758,3886,3991,105,True
79,716,3886,3991,105,True
83,750,3886,3991,105,True
86,790,3886,3991,105,True
93,763,3886,3991,105,True
95,775,3886,4010,124,True
0,806,3887,4013,126,True
2,786,3887,4013,126,True
7,740,3887,4013,126,True
9,798,3887,3966,79,True
11,775,3887,3966,79,True
12,791,3887,3966,79,True
19,738,3887,4013,126,True
29,749,3887,3966,79,True
33,781,3887,3966,79,True
43,740,3887,3966,79,True
47,739,3887,4013,126,True
48,796,3887,3966,79,True
49,793,3887,3966,79,True
57,758,3887,3962,75,True
59,793,3887,3991,104,True
69,793,3887,3991,104,True
70,797,3887,3991,104,True
79,717,3887,3991,104,True
82,788,3887,4010,123,True
84,806,3887,3991,104,True
86,791,3887,3991,104,True
87,744,3887,3991,104,True
88,797,3887,3991,104,True
89,773,3887,4010,123,True
0,807,3888,4013,125,True
6,777,3888,4013,125,True
17,735,3888,3966,78,True
18,782,3888,3966,78,True
28,797,3888,3966,78,True
33,782,3888,3966,78,True
36,805,3888,4013,125,True
37,782,3888,4013,125,True
38,769,3888,3966,78,True
42,818,3888,4013,125,True
44,797,3888,3966,78,True
61,765,3888,3962,74,True
77,787,3888,3991,103,True
79,718,3888,3991,103,True
85,780,3888,3991,103,True
87,745,3888,3991,103,True
91,769,3888,3991,103,True
95,776,3888,4010,122,True
97,778,3888,3991,103,True
6,778,3889,4013,124,True
12,792,3889,3966,77,True
22,806,3889,3966,77,True
27,775,3889,3966,77,True
30,763,3889,4013,124,True
34,763,3889,3966,77,True
39,734,3889,4013,124,True
44,798,3889,3966,77,True
49,794,3889,3966,77,True
54,840,3889,3991,102,True
61,766,3889,3962,73,True
68,805,3889,3991,102,True
74,785,3889,3991,102,True
75,802,3889,3991,102,True
76,774,3889,4010,121,True
79,719,3889,3991,102,True
84,807,3889,3991,102,True
89,774,3889,4010,121,True
92,832,3889,4010,121,True
4,795,3890,4013,123,True
13,773,3890,4069,179,True
28,798,3890,4013,123,True
35,788,3890,3966,76,True
37,783,3890,4013,123,True
46,788,3890,4013,123,True
49,795,3890,3966,76,True
50,744,3890,3991,101,True
53,759,3890,3991,101,True
57,759,3890,3962,72,True
64,816,3890,3991,101,True
72,774,3890,3991,101,True
74,786,3890,3991,101,True
78,798,3890,4010,120,True
79,720,3890,3991,101,True
80,815,3890,3991,101,True
81,732,3890,3991,101,True
85,781,3890,3991,101,True
0,808,3891,4013,122,True
1,795,3891,3966,75,True
4,796,3891,4013,122,True
12,793,3891,3966,75,True
21,765,3891,3966,75,True
27,776,3891,4069,178,True
44,799,3891,3966,75,True
52,763,3891,,,False
59,794,3891,3991,100,True
61,767,3891,3991,100,True
69,794,3891,3991,100,True
75,803,3891,3991,100,True
80,816,3891,3991,100,True
81,733,3891,3991,100,True
83,751,3891,3991,100,True
91,770,3891,3991,100,True
97,779,3891,3991,100,True
98,771,3891,3991,100,True
99,774,3891,4010,119,True
4,797,3892,4013,121,True
17,736,3892,3966,74,True
21,766,3892,3966,74,True
24,728,3892,4013,121,True
32,782,3892,4013,121,True
42,819,3892,4013,121,True
51,749,3892,4010,118,True
55,740,3892,4044,152,True
57,760,3892,3991,99,True
59,795,3892,3991,99,True
63,813,3892,4010,118,True
76,775,3892,4010,118,True
80,817,3892,3991,99,True
83,752,3892,3991,99,True
86,792,3892,3991,99,True
87,746,3892,3991,99,True
0,809,3893,4013,120,True
22,807,3893,3966,73,True
25,775,3893,4013,120,True
26,768,3893,4013,120,True
41,793,3893,4013,120,True
44,800,3893,3966,73,True
51,750,3893,4010,117,True
54,841,3893,3991,98,True
55,741,3893,4044,151,True
58,775,3893,3991,98,True
68,806,3893,3991,98,True
72,775,3893,3991,98,True
88,798,3893,4010,117,True
96,745,3893,4044,151,True
99,775,3893,4010,117,True
0,810,3894,4013,119,True
9,799,3894,4013,119,True
21,767,3894,3966,72,True
31,785,3894,3966,72,True
32,783,3894,4013,119,True
33,783,3894,3966,72,True
34,764,3894,3966,72,True
46,789,3894,4013,119,True
49,796,3894,4013,119,True
51,751,3894,4010,116,True
58,776,3894,3991,97,True
64,817,3894,3991,97,True
69,795,3894,4044,150,True
71,759,3894,4010,116,True
79,721,3894,3991,97,True
83,753,3894,3991,97,True
85,782,3894,3991,97,True
91,771,3894,3991,97,True
92,833,3894,4010,116,True
99,776,3894,4010,116,True
3,808,3895,4013,118,True
5,759,3895,4013,118,True
7,741,3895,4013,118,True
13,774,3895,4069,174,True
27,777,3895,4069,174,True
28,799,3895,4013,118,True
33,784,3895,3966,71,True
46,790,3895,4013,118,True
48,797,3895,3966,71,True
52,764,3895,,,False
73,754,3895,3991,96,True
76,776,3895,4010,115,True
78,799,3895,4010,115,True
87,747,3895,3991,96,True
91,772,3895,3991,96,True
96,746,3895,4044,149,True
97,780,3895,3991,96,True
1,796,3896,3966,70,True
6,779,3896,4013,117,True
7,742,3896,4013,117,True
9,800,3896,4013,117,True
15,774,3896,4013,117,True
25,776,3896,4013,117,True
30,764,3896,4013,117,True
31,786,3896,3966,70,True
40,839,3896,4013,117,True
43,741,3896,4013,117,True
46,791,3896,4013,117,True
56,768,3896,3991,95,True
57,761,3896,3991,95,True
60,740,3896,3991,95,True
73,755,3896,3991,95,True
83,754,3896,3991,95,True
87,748,3896,3991,95,True
88,799,3896,4010,114,True
89,775,3896,4010,114,True
94,785,3896,4010,114,True
95,777,3896,4010,114,True
97,781,3896,3991,95,True
98,772,3896,3991,95,True
3,809,3897,4013,116,True
6,780,3897,4013,116,True
9,801,3897,4013,116,True
23,780,3897,4013,116,True
27,778,3897,4069,172,True
46,792,3897,4013,116,True
47,740,3897,4013,116,True
48,798,3897,3966,69,True
49,797,3897,4013,116,True
52,765,3897,,,False
54,842,3897,3991,94,True
65,761,3897,3991,94,True
68,807,3897,3991,94,True
69,796,3897,4044,147,True
70,798,3897,3991,94,True
75,804,3897,3991,94,True
81,734,3897,3991,94,True
83,755,3897,4010,113,True
84,808,3897,3991,94,True
85,783,3897,3991,94,True
99,777,3897,4010,113,True
2,787,3898,4013,115,True
3,810,3898,4013,115,True
8,768,3898,4013,115,True
9,802,3898,4013,115,True
11,776,3898,3966,68,True
16,814,3898,4069,171,True
19,739,3898,4013,115,True
23,781,3898,4013,115,True
34,765,3898,4013,115,True
37,784,3898,4069,171,True
38,770,3898,3966,68,True
45,743,3898,3966,68,True
51,752,3898,4010,112,True
60,741,3898,3991,93,True
79,722,3898,3991,93,True
88,800,3898,4010,112,True
91,773,3898,4010,112,True
93,764,3898,4044,146,True
3,811,3899,4013,114,True
8,769,3899,4013,114,True
10,803,3899,4013,114,True
41,794,3899,4013,114,True
52,766,3899,,,False
56,769,3899,3991,92,True
58,777,3899,3991,92,True
63,814,3899,4044,145,True
68,808,3899,3991,92,True
77,788,3899,4010,111,True
90,784,3899,4044,145,True
93,765,3899,4044,145,True
94,786,3899,4010,111,True
95,778,3899,4010,111,True
0,811,3900,4013,113,True
8,770,3900,4013,113,True
9,803,3900,4013,113,True
18,783,3900,3966,66,True
32,784,3900,4013,113,True
34,766,3900,4013,113,True
35,789,3900,3966,66,True
39,735,3900,4069,169,True
40,840,3900,4013,113,True
41,795,3900,4069,169,True
45,744,3900,3966,66,True
49,798,3900,4013,113,True
51,753,3900,4010,110,True
53,760,3900,4010,110,True
55,742,3900,4044,144,True
59,796,3900,3991,91,True
63,815,3900,4044,144,True
70,799,3900,3991,91,True
72,776,3900,3991,91,True
73,756,3900,3991,91,True
79,723,3900,3991,91,True
81,735,3900,4010,110,True
86,793,3900,3991,91,True
90,785,3900,4044,144,True
92,834,3900,4010,110,True
94,787,3900,4010,110,True
9,804,3901,4013,112,True
16,815,3901,4069,168,True
19,740,3901,4013,112,True
22,808,3901,4069,168,True
26,769,3901,4013,112,True
29,750,3901,3966,65,True
30,765,3901,4013,112,True
31,787,3901,3966,65,True
32,785,3901,4069,168,True
36,806,3901,4069,168,True
39,736,3901,4069,168,True
43,742,3901,4013,112,True
49,799,3901,4013,112,True
71,760,3901,4010,109,True
73,757,3901,3991,90,True
76,777,3901,4010,109,True
98,773,3901,4010,109,True
4,798,3902,4013,111,True
5,760,3902,4013,111,True
6,781,3902,4013,111,True
22,809,3902,4069,167,True
30,766,3902,4013,111,True
33,785,3902,3966,64,True
34,767,3902,4013,111,True
37,785,3902,4069,167,True
42,820,3902,4013,111,True
54,843,3902,3991,89,True
61,768,3902,3991,89,True
62,763,3902,4010,108,True
70,800,3902,3991,89,True
74,787,3902,4010,108,True
76,778,3902,4010,108,True
82,789,3902,4010,108,True
87,749,3902,4010,108,True
90,786,3902,4044,142,True
91,774,3902,4010,108,True
96,747,3902,4044,142,True
8,771,3903,4013,110,True
11,777,3903,3966,63,True
15,775,3903,4013,110,True
16,816,3903,4069,166,True
18,784,3903,4013,110,True
23,782,3903,4013,110,True
33,786,3903,3966,63,True
36,807,3903,4069,166,True
38,771,3903,4013,110,True
40,841,3903,4013,110,True
41,796,3903,4069,166,True
53,761,3903,4044,141,True
58,778,3903,3991,88,True
64,818,3903,3991,88,True
69,797,3903,4044,141,True
76,779,3903,4010,107,True
77,789,3903,4010,107,True
82,790,3903,4010,107,True
83,756,3903,4010,107,True
85,784,3903,3991,88,True
86,794,3903,3991,88,True
87,750,3903,4010,107,True
94,788,3903,4010,107,True
1,797,3904,3966,62,True
4,799,3904,4013,109,True
7,743,3904,4013,109,True
32,786,3904,4069,165,True
38,772,3904,4013,109,True
77,790,3904,4010,106,True
88,801,3904,4044,140,True
89,776,3904,4010,106,True
92,835,3904,4010,106,True
95,779,3904,4010,106,True
97,782,3904,4010,106,True
0,812,3905,4013,108,True
6,782,3905,4013,108,True
10,804,3905,4069,164,True
12,794,3905,4013,108,True
21,768,3905,4013,108,True
23,783,3905,4013,108,True
27,779,3905,4069,164,True
29,751,3905,3966,61,True
30,767,3905,4013,108,True
33,787,3905,3966,61,True
44,801,3905,4069,164,True
47,741,3905,4013,108,True
48,799,3905,4013,108,True
60,742,3905,4010,105,True
66,737,3905,4044,139,True
70,801,3905,3991,86,True
72,777,3905,3991,86,True
74,788,3905,4044,139,True
91,775,3905,4010,105,True
95,780,3905,4010,105,True
0,813,3906,4013,107,True
12,795,3906,4013,107,True
19,741,3906,4013,107,True
25,777,3906,4013,107,True
27,780,3906,4069,163,True
34,768,3906,4013,107,True
39,737,3906,4069,163,True
46,793,3906,4013,107,True
47,742,3906,4013,107,True
71,761,3906,4044,138,True
73,758,3906,3991,85,True
78,800,3906,4010,104,True
79,724,3906,3991,85,True
83,757,3906,4010,104,True
85,785,3906,3991,85,True
91,776,3906,4044,138,True
8,772,3907,4013,106,True
9,805,3907,4013,106,True
14,777,3907,3966,59,True
21,769,3907,4013,106,True
24,729,3907,4013,106,True
31,788,3907,4013,106,True
34,769,3907,4013,106,True
41,797,3907,4069,162,True
46,794,3907,4013,106,True
47,743,3907,4013,106,True
52,767,3907,,,False
53,762,3907,4044,137,True
59,797,3907,4010,103,True
68,809,3907,4010,103,True
79,725,3907,3991,84,True
83,758,3907,4010,103,True
91,777,3907,4044,137,True
94,789,3907,4010,103,True
96,748,3907,4044,137,True
3,812,3908,4069,161,True
4,800,3908,4013,105,True
12,796,3908,4013,105,True
14,778,3908,3966,58,True
18,785,3908,4069,161,True
29,752,3908,4013,105,True
30,768,3908,4013,105,True
36,808,3908,4069,161,True
44,802,3908,4069,161,True
70,802,3908,3991,83,True
73,759,3908,3991,83,True
75,805,3908,4010,102,True
80,818,3908,4044,136,True
98,774,3908,4010,102,True
99,778,3908,4010,102,True
6,783,3909,4013,104,True
22,810,3909,4069,160,True
23,784,3909,4013,104,True
24,730,3909,4013,104,True
25,778,3909,4013,104,True
32,787,3909,4069,160,True
45,745,3909,4013,104,True
57,762,3909,3991,82,True
58,779,3909,4010,101,True
64,819,3909,3991,82,True
68,810,3909,4010,101,True
75,806,3909,4010,101,True
77,791,3909,4010,101,True
85,786,3909,3991,82,True
88,802,3909,4044,135,True
89,777,3909,4010,101,True
91,778,3909,4044,135,True
93,766,3909,4044,135,True
20,747,3910,3966,56,True
29,753,3910,4013,103,True
32,788,3910,4069,159,True
35,790,3910,4013,103,True
44,803,3910,4069,159,True
47,744,3910,4013,103,True
49,800,3910,4013,103,True
54,844,3910,4010,100,True
69,798,3910,4044,134,True
71,762,3910,4044,134,True
74,789,3910,4044,134,True
75,807,3910,4010,100,True
86,795,3910,3991,81,True
88,803,3910,4044,134,True
90,787,3910,4044,134,True
92,836,3910,4010,100,True
94,790,3910,4010,100,True
2,788,3911,4013,102,True
3,813,3911,4069,158,True
6,784,3911,4013,102,True
11,778,3911,4013,102,True
12,797,3911,4069,158,True
13,775,3911,4069,158,True
21,770,3911,4013,102,True
24,731,3911,4013,102,True
36,809,3911,4069,158,True
39,738,3911,4069,158,True
41,798,3911,4069,158,True
43,743,3911,4013,102,True
45,746,3911,4013,102,True
51,754,3911,4010,99,True
56,770,3911,4010,99,True
62,764,3911,4010,99,True
71,763,3911,4044,133,True
74,790,3911,4044,133,True
99,779,3911,4010,99,True
5,761,3912,4069,157,True
7,744,3912,4069,157,True
15,776,3912,4013,101,True
28,800,3912,4013,101,True
31,789,3912,4013,101,True
34,770,3912,4069,157,True
47,745,3912,4013,101,True
53,763,3912,4044,132,True
58,780,3912,4010,98,True
62,765,3912,4010,98,True
64,820,3912,3991,79,True
73,760,3912,3991,79,True
74,791,3912,4044,132,True
76,780,3912,4010,98,True
77,792,3912,4010,98,True
81,736,3912,4010,98,True
85,787,3912,4010,98,True
87,751,3912,4010,98,True
89,778,3912,4010,98,True
91,779,3912,4044,132,True
99,780,3912,4010,98,True
0,814,3913,4013,100,True
3,814,3913,4069,156,True
8,773,3913,4013,100,True
15,777,3913,4013,100,True
16,817,3913,4069,156,True
25,779,3913,4069,156,True
36,810,3913,4069,156,True
40,842,3913,4069,156,True
45,747,3913,4013,100,True
47,746,3913,4013,100,True
62,766,3913,4010,97,True
70,803,3913,3991,78,True
73,761,3913,3991,78,True
79,726,3913,3991,78,True
85,788,3913,4010,97,True
89,779,3913,4044,131,True
0,815,3914,4013,99,True
5,762,3914,4069,155,True
7,745,3914,4069,155,True
12,798,3914,4069,155,True
21,771,3914,4013,99,True
28,801,3914,4013,99,True
35,791,3914,4013,99,True
38,773,3914,4069,155,True
39,739,3914,4069,155,True
40,843,3914,4069,155,True
41,799,3914,4069,155,True
43,744,3914,4013,99,True
44,804,3914,4069,155,True
45,748,3914,4013,99,True
53,764,3914,4044,130,True
56,771,3914,4010,96,True
64,821,3914,3991,77,True
73,762,3914,4010,96,True
75,808,3914,4010,96,True
76,781,3914,4010,96,True
77,793,3914,4010,96,True
82,791,3914,4044,130,True
85,789,3914,4010,96,True
0,816,3915,4013,98,True
7,746,3915,4069,154,True
12,799,3915,4069,154,True
15,778,3915,4013,98,True
16,818,3915,4069,154,True
22,811,3915,4069,154,True
32,789,3915,4069,154,True
34,771,3915,4069,154,True
40,844,3915,4069,154,True
44,805,3915,4069,154,True
49,801,3915,4013,98,True
52,768,3915,,,False
55,743,3915,4044,129,True
60,743,3915,4044,129,True
61,769,3915,3991,76,True
64,822,3915,3991,76,True
71,764,3915,4044,129,True
76,782,3915,4010,95,True
77,794,3915,4010,95,True
80,819,3915,4044,129,True
97,783,3915,4044,129,True
5,763,3916,4069,153,True
14,779,3916,4013,97,True
17,737,3916,4069,153,True
21,772,3916,4013,97,True
23,785,3916,4013,97,True
34,772,3916,4069,153,True
35,792,3916,4013,97,True
40,845,3916,4069,153,True
45,749,3916,4013,97,True
49,802,3916,4013,97,True
51,755,3916,4044,128,True
62,767,3916,4010,94,True
68,811,3916,4044,128,True
69,799,3916,4044,128,True
76,783,3916,4010,94,True
80,820,3916,4044,128,True
82,792,3916,4044,128,True
86,796,3916,3991,75,True
87,752,3916,4044,128,True
88,804,3916,4044,128,True
91,780,3916,4044,128,True
1,798,3917,4013,96,True
3,815,3917,4069,152,True
5,764,3917,4069,152,True
6,785,3917,4069,152,True
12,800,3917,4069,152,True
21,773,3917,4013,96,True
24,732,3917,4069,152,True
29,754,3917,4013,96,True
30,769,3917,4013,96,True
35,793,3917,4013,96,True
36,811,3917,4069,152,True
40,846,3917,4069,152,True
43,745,3917,4069,152,True
44,806,3917,4069,152,True
45,750,3917,4013,96,True
52,769,3917,,,False
55,744,3917,4044,127,True
58,781,3917,4010,93,True
66,738,3917,4044,127,True
73,763,3917,4010,93,True
74,792,3917,4044,127,True
85,790,3917,4010,93,True
92,837,3917,4044,127,True
96,749,3917,4044,127,True
97,784,3917,4044,127,True
9,806,3918,4013,95,True
10,805,3918,4069,151,True
17,738,3918,4069,151,True
18,786,3918,4069,151,True
19,742,3918,4069,151,True
20,748,3918,3966,48,True
27,781,3918,4069,151,True
32,790,3918,4069,151,True
47,747,3918,4013,95,True
48,800,3918,4013,95,True
55,745,3918,4044,126,True
67,744,3918,4044,126,True
73,764,3918,4010,92,True
77,795,3918,4010,92,True
78,801,3918,4044,126,True
79,727,3918,4010,92,True
83,759,3918,4044,126,True
85,791,3918,4010,92,True
90,788,3918,4044,126,True
97,785,3918,4044,126,True
98,775,3918,4010,92,True
99,781,3918,4044,126,True
1,799,3919,4013,94,True
12,801,3919,4069,150,True
13,776,3919,4069,150,True
20,749,3919,3966,47,True
24,733,3919,4069,150,True
33,788,3919,4013,94,True
42,821,3919,4069,150,True
43,746,3919,4069,150,True
51,756,3919,4044,125,True
55,746,3919,4044,125,True
57,763,3919,3991,72,True
66,739,3919,4044,125,True
68,812,3919,4044,125,True
73,765,3919,4010,91,True
76,784,3919,4010,91,True
77,796,3919,4010,91,True
78,802,3919,4044,125,True
80,821,3919,4044,125,True
84,809,3919,4010,91,True
86,797,3919,3991,72,True
93,767,3919,4044,125,True
98,776,3919,4010,91,True
5,765,3920,4069,149,True
12,802,3920,4069,149,True
15,779,3920,4013,93,True
19,743,3920,4069,149,True
44,807,3920,4069,149,True
45,751,3920,4013,93,True
46,795,3920,4069,149,True
56,772,3920,4010,90,True
58,782,3920,4044,124,True
61,770,3920,3991,71,True
62,768,3920,4010,90,True
63,816,3920,4044,124,True
64,823,3920,3991,71,True
67,745,3920,4044,124,True
77,797,3920,4010,90,True
82,793,3920,4044,124,True
88,805,3920,4044,124,True
89,780,3920,4044,124,True
6,786,3921,4069,148,True
11,779,3921,4013,92,True
16,819,3921,4069,148,True
19,744,3921,4069,148,True
23,786,3921,4069,148,True
24,734,3921,4069,148,True
36,812,3921,4069,148,True
37,786,3921,4069,148,True
42,822,3921,4069,148,True
46,796,3921,4069,148,True
48,801,3921,4069,148,True
55,747,3921,4044,123,True
64,824,3921,3991,70,True
65,762,3921,4010,89,True
66,740,3921,4044,123,True
76,785,3921,4010,89,True
83,760,3921,4044,123,True
87,753,3921,4044,123,True
92,838,3921,4044,123,True
98,777,3921,4010,89,True
99,782,3921,4044,123,True
2,789,3922,4013,91,True
10,806,3922,4069,147,True
11,780,3922,4013,91,True
14,780,3922,4013,91,True
18,787,3922,4069,147,True
21,774,3922,4013,91,True
25,780,3922,4069,147,True
32,791,3922,4069,147,True
38,774,3922,4069,147,True
39,740,3922,4069,147,True
40,847,3922,4069,147,True
45,752,3922,4013,91,True
51,757,3922,4044,122,True
53,765,3922,4044,122,True
55,748,3922,4044,122,True
57,764,3922,3991,69,True
58,783,3922,4044,122,True
71,765,3922,4044,122,True
72,778,3922,3991,69,True
75,809,3922,4044,122,True
76,786,3922,4010,88,True
79,728,3922,4010,88,True
83,761,3922,4044,122,True
86,798,3922,4010,88,True
89,781,3922,4044,122,True
93,768,3922,4044,122,True
96,750,3922,4044,122,True
3,816,3923,4069,146,True
7,747,3923,4069,146,True
19,745,3923,4069,146,True
24,735,3923,4069,146,True
25,781,3923,4069,146,True
31,790,3923,4069,146,True
33,789,3923,4013,90,True
38,775,3923,4069,146,True
46,797,3923,4069,146,True
61,771,3923,3991,68,True
64,825,3923,3991,68,True
67,746,3923,4044,121,True
69,800,3923,4044,121,True
73,766,3923,4010,87,True
79,729,3923,4010,87,True
86,799,3923,4010,87,True
91,781,3923,4044,121,True
92,839,3923,4044,121,True
6,787,3924,4069,145,True
7,748,3924,4069,145,True
9,807,3924,4069,145,True
14,781,3924,4013,89,True
26,770,3924,4069,145,True
27,782,3924,4069,145,True
32,792,3924,4069,145,True
33,790,3924,4013,89,True
37,787,3924,4069,145,True
39,741,3924,4069,145,True
44,808,3924,4069,145,True
53,766,3924,4044,120,True
72,779,3924,4010,86,True
76,787,3924,4010,86,True
80,822,3924,4044,120,True
84,810,3924,4010,86,True
90,789,3924,4044,120,True
92,840,3924,4044,120,True
96,751,3924,4044,120,True
14,782,3925,4013,88,True
19,746,3925,4069,144,True
21,775,3925,4013,88,True
29,755,3925,4013,88,True
37,788,3925,4069,144,True
38,776,3925,4069,144,True
55,749,3925,4044,119,True
68,813,3925,4044,119,True
73,767,3925,4010,85,True
81,737,3925,4044,119,True
83,762,3925,4044,119,True
85,792,3925,4044,119,True
86,800,3925,4010,85,True
97,786,3925,4044,119,True
21,776,3926,4013,87,True
25,782,3926,4069,143,True
27,783,3926,4069,143,True
46,798,3926,4069,143,True
54,845,3926,4044,118,True
58,784,3926,4044,118,True
60,744,3926,4044,118,True
61,772,3926,3991,65,True
62,769,3926,4010,84,True
65,763,3926,4010,84,True
81,738,3926,4044,118,True
84,811,3926,4010,84,True
88,806,3926,4044,118,True
91,782,3926,4044,118,True
2,790,3927,4069,142,True
5,766,3927,4069,142,True
6,788,3927,4069,142,True
7,749,3927,4069,142,True
10,807,3927,4069,142,True
16,820,3927,4069,142,True
20,750,3927,4013,86,True
23,787,3927,4069,142,True
33,791,3927,4013,86,True
34,773,3927,4069,142,True
57,765,3927,4013,86,True
68,814,3927,4044,117,True
70,804,3927,4010,83,True
71,766,3927,4044,117,True
73,768,3927,4010,83,True
75,810,3927,4044,117,True
76,788,3927,4010,83,True
79,730,3927,4010,83,True
81,739,3927,4044,117,True
3,817,3928,4069,141,True
16,821,3928,4069,141,True
23,788,3928,4069,141,True
26,771,3928,4069,141,True
37,789,3928,4069,141,True
65,764,3928,4010,82,True
74,793,3928,4044,116,True
79,731,3928,4010,82,True
82,794,3928,4044,116,True
87,754,3928,4044,116,True
92,841,3928,4044,116,True
94,791,3928,4044,116,True
99,783,3928,4044,116,True
11,781,3929,4069,140,True
12,803,3929,4069,140,True
13,777,3929,4069,140,True
24,736,3929,4069,140,True
27,784,3929,4069,140,True
28,802,3929,4069,140,True
29,756,3929,4013,84,True
48,802,3929,4069,140,True
58,785,3929,4044,115,True
61,773,3929,3991,62,True
62,770,3929,4044,115,True
69,801,3929,4044,115,True
77,798,3929,4044,115,True
78,803,3929,4044,115,True
81,740,3929,4044,115,True
82,795,3929,4044,115,True
89,782,3929,4044,115,True
94,792,3929,4044,115,True
96,752,3929,4044,115,True
98,778,3929,4010,81,True
99,784,3929,4044,115,True
15,780,3930,4069,139,True
20,751,3930,4013,83,True
25,783,3930,4069,139,True
27,785,3930,4069,139,True
30,770,3930,4013,83,True
31,791,3930,4069,139,True
32,793,3930,4069,139,True
33,792,3930,4069,139,True
34,774,3930,4069,139,True
36,813,3930,4069,139,True
37,790,3930,4069,139,True
44,809,3930,4069,139,True
47,748,3930,4013,83,True
50,745,3930,4010,80,True
60,745,3930,4083,153,True
63,817,3930,4083,153,True
70,805,3930,4010,80,True
91,783,3930,4044,114,True
98,779,3930,4010,80,True
3,818,3931,4069,138,True
5,767,3931,4069,138,True
6,789,3931,4069,138,True
12,804,3931,4069,138,True
20,752,3931,4013,82,True
21,777,3931,4013,82,True
28,803,3931,4069,138,True
31,792,3931,4069,138,True
32,794,3931,4069,138,True
54,846,3931,4044,113,True
56,773,3931,4010,79,True
57,766,3931,4013,82,True
60,746,3931,4083,152,True
61,774,3931,4010,79,True
63,818,3931,4083,152,True
69,802,3931,4044,113,True
74,794,3931,4044,113,True
82,796,3931,4044,113,True
90,790,3931,4044,113,True
91,784,3931,4044,113,True
92,842,3931,4044,113,True
94,793,3931,4044,113,True
95,781,3931,4044,113,True
96,753,3931,4044,113,True
3,819,3932,4069,137,True
6,790,3932,4069,137,True
9,808,3932,4069,137,True
14,783,3932,4013,81,True
21,778,3932,4013,81,True
32,795,3932,4069,137,True
36,814,3932,4069,137,True
39,742,3932,4069,137,True
56,774,3932,4010,78,True
59,798,3932,4044,112,True
73,769,3932,4010,78,True
74,795,3932,4044,112,True
88,807,3932,4044,112,True
89,783,3932,4044,112,True
94,794,3932,4044,112,True
5,768,3933,4069,136,True
6,791,3933,4069,136,True
8,774,3933,4069,136,True
9,809,3933,4069,136,True
13,778,3933,4069,136,True
23,789,3933,4069,136,True
30,771,3933,4013,80,True
44,810,3933,4069,136,True
60,747,3933,4083,150,True
68,815,3933,4044,111,True
71,767,3933,4044,111,True
85,793,3933,4044,111,True
89,784,3933,4044,111,True
97,787,3933,4044,111,True
3,820,3934,4069,135,True
6,792,3934,4069,135,True
18,788,3934,4069,135,True
26,772,3934,4069,135,True
28,804,3934,4069,135,True
30,772,3934,4013,79,True
31,793,3934,4069,135,True
39,743,3934,4069,135,True
40,848,3934,4069,135,True
42,823,3934,4069,135,True
46,799,3934,4069,135,True
47,749,3934,4069,135,True
51,758,3934,4044,110,True
54,847,3934,4044,110,True
57,767,3934,4013,79,True
64,826,3934,4010,76,True
67,747,3934,4044,110,True
74,796,3934,4044,110,True
78,804,3934,4044,110,True
79,732,3934,4013,79,True
83,763,3934,4044,110,True
91,785,3934,4044,110,True
97,788,3934,4044,110,True
2,791,3935,4069,134,True
4,801,3935,4069,134,True
10,808,3935,4069,134,True
13,779,3935,4069,134,True
17,739,3935,4069,134,True
18,789,3935,4069,134,True
23,790,3935,4069,134,True
24,737,3935,4069,134,True
25,784,3935,4069,134,True
32,796,3935,4069,134,True
40,849,3935,4069,134,True
46,800,3935,4069,134,True
47,750,3935,4069,134,True
50,746,3935,4010,75,True
61,775,3935,4044,109,True
66,741,3935,4044,109,True
84,812,3935,4044,109,True
85,794,3935,4044,109,True
89,785,3935,4044,109,True
99,785,3935,4044,109,True
2,792,3936,4069,133,True
7,750,3936,4069,133,True
10,809,3936,4069,133,True
31,794,3936,4069,133,True
32,797,3936,4069,133,True
34,775,3936,4069,133,True
42,824,3936,4069,133,True
43,747,3936,4069,133,True
48,803,3936,4083,147,True
53,767,3936,4044,108,True
54,848,3936,4044,108,True
56,775,3936,4010,74,True
59,799,3936,4044,108,True
60,748,3936,4083,147,True
64,827,3936,4010,74,True
65,765,3936,4010,74,True
70,806,3936,4010,74,True
75,811,3936,4044,108,True
79,733,3936,4013,77,True
81,741,3936,4044,108,True
90,791,3936,4044,108,True
91,786,3936,4044,108,True
93,769,3936,4083,147,True
7,751,3937,4069,132,True
14,784,3937,4013,76,True
15,781,3937,4069,132,True
26,773,3937,4069,132,True
32,798,3937,4069,132,True
35,794,3937,4013,76,True
37,791,3937,4069,132,True
52,770,3937,,,False
54,849,3937,4044,107,True
55,750,3937,4083,146,True
56,776,3937,4010,73,True
58,786,3937,4044,107,True
62,771,3937,4044,107,True
64,828,3937,4010,73,True
70,807,3937,4010,73,True
72,780,3937,4010,73,True
74,797,3937,4044,107,True
87,755,3937,4044,107,True
93,770,3937,4083,146,True
97,789,3937,4044,107,True
98,780,3937,4044,107,True
3,821,3938,4069,131,True
6,793,3938,4069,131,True
13,780,3938,4069,131,True
14,785,3938,4013,75,True
19,747,3938,4069,131,True
23,791,3938,4069,131,True
24,738,3938,4069,131,True
25,785,3938,4069,131,True
27,786,3938,4069,131,True
28,805,3938,4069,131,True
36,815,3938,4069,131,True
40,850,3938,4069,131,True
48,804,3938,4083,145,True
55,751,3938,4083,145,True
65,766,3938,4010,72,True
66,742,3938,4152,214,True
78,805,3938,4044,106,True
82,797,3938,4044,106,True
95,782,3938,4044,106,True
7,752,3939,4069,130,True
16,822,3939,4069,130,True
17,740,3939,4069,130,True
25,786,3939,4069,130,True
29,757,3939,4013,74,True
34,776,3939,4069,130,True
36,816,3939,4069,130,True
43,748,3939,4069,130,True
58,787,3939,4044,105,True
67,748,3939,4044,105,True
71,768,3939,4044,105,True
73,770,3939,4010,71,True
74,798,3939,4044,105,True
87,756,3939,4044,105,True
88,808,3939,4044,105,True
89,786,3939,4044,105,True
94,795,3939,4044,105,True
95,783,3939,4044,105,True
1,800,3940,4069,129,True
7,753,3940,4069,129,True
9,810,3940,4069,129,True
14,786,3940,4013,73,True
17,741,3940,4069,129,True
20,753,3940,4013,73,True
23,792,3940,4069,129,True
27,787,3940,4069,129,True
44,811,3940,4069,129,True
49,803,3940,4069,129,True
56,777,3940,4010,70,True
57,768,3940,4013,73,True
62,772,3940,4044,104,True
68,816,3940,4044,104,True
79,734,3940,4013,73,True
82,798,3940,4044,104,True
83,764,3940,4044,104,True
90,792,3940,4044,104,True
91,787,3940,4044,104,True
99,786,3940,4044,104,True
1,801,3941,4069,128,True
8,775,3941,4069,128,True
17,742,3941,4069,128,True
19,748,3941,4069,128,True
24,739,3941,4069,128,True
27,788,3941,4069,128,True
28,806,3941,4069,128,True
37,792,3941,4069,128,True
48,805,3941,4083,142,True
54,850,3941,4044,103,True
58,788,3941,4044,103,True
64,829,3941,4010,69,True
70,808,3941,4010,69,True
79,735,3941,4013,72,True
86,801,3941,4010,69,True
87,757,3941,4044,103,True
94,796,3941,4044,103,True
95,784,3941,4044,103,True
1,802,3942,4069,127,True
4,802,3942,4069,127,True
5,769,3942,4069,127,True
8,776,3942,4069,127,True
10,810,3942,4069,127,True
26,774,3942,4069,127,True
31,795,3942,4069,127,True
33,793,3942,4069,127,True
40,851,3942,4069,127,True
53,768,3942,4044,102,True
54,851,3942,4044,102,True
62,773,3942,4044,102,True
73,771,3942,4010,68,True
74,799,3942,4044,102,True
83,765,3942,4044,102,True
84,813,3942,4044,102,True
86,802,3942,4010,68,True
87,758,3942,4044,102,True
90,793,3942,4044,102,True
91,788,3942,4044,102,True
94,797,3942,4044,102,True
96,754,3942,4044,102,True
98,781,3942,4044,102,True
7,754,3943,4069,126,True
8,777,3943,4069,126,True
14,787,3943,4069,126,True
22,812,3943,4069,126,True
23,793,3943,4069,126,True
26,775,3943,4069,126,True
33,794,3943,4069,126,True
38,777,3943,4069,126,True
39,744,3943,4069,126,True
41,800,3943,4069,126,True
47,751,3943,4069,126,True
52,771,3943,,,False
54,852,3943,4044,101,True
59,800,3943,4044,101,True
60,749,3943,4083,140,True
69,803,3943,4044,101,True
87,759,3943,4044,101,True
94,798,3943,4044,101,True
99,787,3943,4044,101,True
2,793,3944,4069,125,True
5,770,3944,4069,125,True
7,755,3944,4069,125,True
12,805,3944,4069,125,True
26,776,3944,4069,125,True
28,807,3944,4069,125,True
31,796,3944,4069,125,True
39,745,3944,4069,125,True
40,852,3944,4069,125,True
42,825,3944,4069,125,True
45,753,3944,4069,125,True
51,759,3944,4044,100,True
52,772,3944,,,False
58,789,3944,4044,100,True
61,776,3944,4044,100,True
67,749,3944,4044,100,True
73,772,3944,4044,100,True
75,812,3944,4044,100,True
80,823,3944,4044,100,True
81,742,3944,4044,100,True
86,803,3944,4010,66,True
93,771,3944,4083,139,True
16,823,3945,4069,124,True
17,743,3945,4069,124,True
23,794,3945,4069,124,True
24,740,3945,4069,124,True
25,787,3945,4069,124,True
27,789,3945,4069,124,True
34,777,3945,4069,124,True
43,749,3945,4069,124,True
59,801,3945,4044,99,True
65,767,3945,4013,68,True
71,769,3945,4044,99,True
84,814,3945,4044,99,True
87,760,3945,4044,99,True
90,794,3945,4044,99,True
92,843,3945,4044,99,True
2,794,3946,4069,123,True
4,803,3946,4069,123,True
14,788,3946,4069,123,True
16,824,3946,4069,123,True
23,795,3946,4069,123,True
24,741,3946,4069,123,True
25,788,3946,4069,123,True
28,808,3946,4083,137,True
40,853,3946,4069,123,True
47,752,3946,4069,123,True
49,804,3946,4069,123,True
54,853,3946,4044,98,True
63,819,3946,4083,137,True
66,743,3946,4152,206,True
87,761,3946,4044,98,True
89,787,3946,4044,98,True
97,790,3946,4044,98,True
0,817,3947,4069,122,True
1,803,3947,4069,122,True
2,795,3947,4069,122,True
3,822,3947,4069,122,True
5,771,3947,4069,122,True
10,811,3947,4069,122,True
24,742,3947,4069,122,True
29,758,3947,4069,122,True
33,795,3947,4069,122,True
41,801,3947,4069,122,True
49,805,3947,4069,122,True
54,854,3947,4044,97,True
57,769,3947,4013,66,True
66,744,3947,4152,205,True
70,809,3947,4013,66,True
72,781,3947,4010,63,True
76,789,3947,4010,63,True
83,766,3947,4044,97,True
7,756,3948,4069,121,True
9,811,3948,4069,121,True
14,789,3948,4069,121,True
18,790,3948,4069,121,True
19,749,3948,4069,121,True
28,809,3948,4083,135,True
35,795,3948,4069,121,True
43,750,3948,4069,121,True
46,801,3948,4069,121,True
60,750,3948,4083,135,True
63,820,3948,4083,135,True
66,745,3948,4152,204,True
68,817,3948,4044,96,True
72,782,3948,4010,62,True
80,824,3948,4044,96,True
81,743,3948,4044,96,True
86,804,3948,4010,62,True
92,844,3948,4044,96,True
94,799,3948,4044,96,True
2,796,3949,4069,120,True
4,804,3949,4069,120,True
19,750,3949,4069,120,True
21,779,3949,4069,120,True
23,796,3949,4069,120,True
34,778,3949,4069,120,True
39,746,3949,4069,120,True
50,747,3949,4013,64,True
54,855,3949,4044,95,True
66,746,3949,4152,203,True
73,773,3949,4044,95,True
78,806,3949,4044,95,True
83,767,3949,4044,95,True
84,815,3949,4044,95,True
92,845,3949,4044,95,True
96,755,3949,4083,134,True
0,818,3950,4069,119,True
7,757,3950,4083,133,True
9,812,3950,4069,119,True
19,751,3950,4069,119,True
22,813,3950,4069,119,True
25,789,3950,4069,119,True
26,777,3950,4069,119,True
36,817,3950,4069,119,True
44,812,3950,4069,119,True
47,753,3950,4069,119,True
64,830,3950,4013,63,True
75,813,3950,4044,94,True
80,825,3950,4044,94,True
87,762,3950,4044,94,True
91,789,3950,4044,94,True
92,846,3950,4044,94,True
95,785,3950,4044,94,True
99,788,3950,4044,94,True
11,782,3951,4069,118,True
16,825,3951,4069,118,True
18,791,3951,4069,118,True
20,754,3951,4069,118,True
31,797,3951,4069,118,True
36,818,3951,4069,118,True
44,813,3951,4069,118,True
50,748,3951,4013,62,True
53,769,3951,4083,132,True
54,856,3951,4044,93,True
55,752,3951,4083,132,True
62,774,3951,4044,93,True
66,747,3951,4152,201,True
69,804,3951,4044,93,True
71,770,3951,4044,93,True
73,774,3951,4044,93,True
74,800,3951,4044,93,True
85,795,3951,4044,93,True
87,763,3951,4044,93,True
5,772,3952,4069,117,True
8,778,3952,4069,117,True
9,813,3952,4069,117,True
13,781,3952,4069,117,True
15,782,3952,4069,117,True
17,744,3952,4069,117,True
18,792,3952,4069,117,True
21,780,3952,4069,117,True
26,778,3952,4069,117,True
27,790,3952,4069,117,True
31,798,3952,4069,117,True
33,796,3952,4069,117,True
36,819,3952,4069,117,True
37,793,3952,4069,117,True
40,854,3952,4069,117,True
41,802,3952,4069,117,True
48,806,3952,4083,131,True
60,751,3952,4083,131,True
63,821,3952,4083,131,True
71,771,3952,4044,92,True
75,814,3952,4044,92,True
80,826,3952,4044,92,True
82,799,3952,4044,92,True
85,796,3952,4044,92,True
91,790,3952,4044,92,True
93,772,3952,4083,131,True
94,800,3952,4044,92,True
98,782,3952,4044,92,True
1,804,3953,4069,116,True
2,797,3953,4069,116,True
6,794,3953,4069,116,True
21,781,3953,4069,116,True
22,814,3953,4069,116,True
23,797,3953,4069,116,True
26,779,3953,4069,116,True
28,810,3953,4083,130,True
29,759,3953,4069,116,True
38,778,3953,4069,116,True
47,754,3953,4069,116,True
49,806,3953,4069,116,True
52,773,3953,,,False
53,770,3953,4083,130,True
55,753,3953,4083,130,True
56,778,3953,4044,91,True
59,802,3953,4044,91,True
63,822,3953,4083,130,True
68,818,3953,4044,91,True
69,805,3953,4044,91,True
71,772,3953,4044,91,True
76,790,3953,4083,130,True
77,799,3953,4044,91,True
83,768,3953,4044,91,True
88,809,3953,4044,91,True
90,795,3953,4044,91,True
98,783,3953,4044,91,True
1,805,3954,4069,115,True
3,823,3954,4069,115,True
5,773,3954,4069,115,True
11,783,3954,4069,115,True
24,743,3954,4069,115,True
26,780,3954,4069,115,True
29,760,3954,4069,115,True
33,797,3954,4069,115,True
39,747,3954,4069,115,True
41,803,3954,4069,115,True
44,814,3954,4069,115,True
49,807,3954,4069,115,True
51,760,3954,4044,90,True
57,770,3954,4013,59,True
61,777,3954,4044,90,True
64,831,3954,4013,59,True
69,806,3954,4044,90,True
70,810,3954,4013,59,True
72,783,3954,4013,59,True
75,815,3954,4044,90,True
82,800,3954,4044,90,True
87,764,3954,4044,90,True
90,796,3954,4044,90,True
91,791,3954,4044,90,True
92,847,3954,4044,90,True
98,784,3954,4044,90,True
9,814,3955,4069,114,True
10,812,3955,4069,114,True
13,782,3955,4069,114,True
29,761,3955,4069,114,True
35,796,3955,4069,114,True
36,820,3955,4069,114,True
42,826,3955,4069,114,True
43,751,3955,4069,114,True
44,815,3955,4069,114,True
48,807,3955,4083,128,True
49,808,3955,4069,114,True
53,771,3955,4083,128,True
57,771,3955,4013,58,True
60,752,3955,4083,128,True
61,778,3955,4044,89,True
64,832,3955,4044,89,True
65,768,3955,4044,89,True
66,748,3955,4152,197,True
73,775,3955,4044,89,True
78,807,3955,4083,128,True
83,769,3955,4152,197,True
85,797,3955,4044,89,True
86,805,3955,4044,89,True
88,810,3955,4044,89,True
92,848,3955,4044,89,True
2,798,3956,4069,113,True
8,779,3956,4069,113,True
16,826,3956,4069,113,True
18,793,3956,4069,113,True
29,762,3956,4069,113,True
33,798,3956,4069,113,True
41,804,3956,4069,113,True
44,816,3956,4069,113,True
47,755,3956,4069,113,True
49,809,3956,4069,113,True
53,772,3956,4083,127,True
64,833,3956,4044,88,True
68,819,3956,4044,88,True
88,811,3956,4044,88,True
5,774,3957,4069,112,True
6,795,3957,4069,112,True
8,780,3957,4069,112,True
15,783,3957,4069,112,True
18,794,3957,4069,112,True
42,827,3957,4069,112,True
52,774,3957,,,False
64,834,3957,4044,87,True
65,769,3957,4044,87,True
69,807,3957,4044,87,True
71,773,3957,4083,126,True
72,784,3957,4013,56,True
81,744,3957,4044,87,True
82,801,3957,4044,87,True
93,773,3957,4083,126,True
96,756,3957,4083,126,True
3,824,3958,4069,111,True
8,781,3958,4069,111,True
9,815,3958,4069,111,True
11,784,3958,4069,111,True
14,790,3958,4069,111,True
17,745,3958,4069,111,True
40,855,3958,4069,111,True
42,828,3958,4069,111,True
46,802,3958,4069,111,True
48,808,3958,4083,125,True
56,779,3958,4044,86,True
60,753,3958,4083,125,True
65,770,3958,4044,86,True
69,808,3958,4044,86,True
79,736,3958,4044,86,True
80,827,3958,4044,86,True
82,802,3958,4044,86,True
87,765,3958,4044,86,True
88,812,3958,4044,86,True
97,791,3958,4044,86,True
4,805,3959,4069,110,True
7,758,3959,4083,124,True
9,816,3959,4069,110,True
10,813,3959,4069,110,True
12,806,3959,4069,110,True
13,783,3959,4069,110,True
16,827,3959,4069,110,True
24,744,3959,4069,110,True
25,790,3959,4069,110,True
29,763,3959,4069,110,True
31,799,3959,4069,110,True
43,752,3959,4069,110,True
52,775,3959,,,False
54,857,3959,4044,85,True
57,772,3959,4013,54,True
70,811,3959,4044,85,True
74,801,3959,4083,124,True
75,816,3959,4044,85,True
76,791,3959,4083,124,True
77,800,3959,4044,85,True
85,798,3959,4044,85,True
86,806,3959,4044,85,True
93,774,3959,4083,124,True
95,786,3959,4044,85,True
8,782,3960,4069,109,True
9,817,3960,4069,109,True
11,785,3960,4069,109,True
17,746,3960,4069,109,True
26,781,3960,4069,109,True
31,800,3960,4069,109,True
34,779,3960,4069,109,True
39,748,3960,4069,109,True
48,809,3960,4083,123,True
49,810,3960,4069,109,True
50,749,3960,4083,123,True
51,761,3960,4044,84,True
56,780,3960,4044,84,True
70,812,3960,4044,84,True
76,792,3960,4083,123,True
79,737,3960,4044,84,True
81,745,3960,4044,84,True
82,803,3960,4044,84,True
95,787,3960,4044,84,True
96,757,3960,4083,123,True
8,783,3961,4069,108,True
17,747,3961,4069,108,True
18,795,3961,4069,108,True
21,782,3961,4069,108,True
23,798,3961,4069,108,True
26,782,3961,4069,108,True
33,799,3961,4069,108,True
38,779,3961,4069,108,True
40,856,3961,4069,108,True
41,805,3961,4069,108,True
45,754,3961,4069,108,True
56,781,3961,4044,83,True
57,773,3961,4013,52,True
62,775,3961,4044,83,True
68,820,3961,4044,83,True
71,774,3961,4083,122,True
72,785,3961,4044,83,True
73,776,3961,4044,83,True
82,804,3961,4044,83,True
84,816,3961,4044,83,True
97,792,3961,4044,83,True
1,806,3962,4069,107,True
2,799,3962,4069,107,True
4,806,3962,4069,107,True
6,796,3962,4069,107,True
18,796,3962,4069,107,True
27,791,3962,4069,107,True
28,811,3962,4083,121,True
30,773,3962,4069,107,True
41,806,3962,4069,107,True
46,803,3962,4069,107,True
51,762,3962,4044,82,True
56,782,3962,4044,82,True
63,823,3962,4083,121,True
69,809,3962,4083,121,True
71,775,3962,4083,121,True
78,808,3962,4083,121,True
81,746,3962,4044,82,True
91,792,3962,4044,82,True
92,849,3962,4083,121,True
94,801,3962,4044,82,True
97,793,3962,4044,82,True
5,775,3963,4069,106,True
6,797,3963,4069,106,True
22,815,3963,4069,106,True
34,780,3963,4069,106,True
44,817,3963,4069,106,True
45,755,3963,4069,106,True
53,773,3963,4083,120,True
60,754,3963,4083,120,True
81,747,3963,4083,120,True
85,799,3963,4044,81,True
86,807,3963,4044,81,True
98,785,3963,4044,81,True
1,807,3964,4069,105,True
3,825,3964,4069,105,True
10,814,3964,4083,119,True
12,807,3964,4069,105,True
15,784,3964,4069,105,True
18,797,3964,4069,105,True
22,816,3964,4069,105,True
23,799,3964,4069,105,True
24,745,3964,4069,105,True
28,812,3964,4083,119,True
31,801,3964,4069,105,True
33,800,3964,4069,105,True
36,821,3964,4069,105,True
37,794,3964,4069,105,True
44,818,3964,4069,105,True
45,756,3964,4069,105,True
47,756,3964,4069,105,True
53,774,3964,4083,119,True
56,783,3964,4044,80,True
59,803,3964,4044,80,True
70,813,3964,4044,80,True
71,776,3964,4083,119,True
73,777,3964,4044,80,True
77,801,3964,4083,119,True
79,738,3964,4044,80,True
82,805,3964,4044,80,True
83,770,3964,4152,188,True
89,788,3964,4083,119,True
95,788,3964,4044,80,True
0,819,3965,4069,104,True
4,807,3965,4069,104,True
11,786,3965,4069,104,True
12,808,3965,4069,104,True
19,752,3965,4069,104,True
20,755,3965,4069,104,True
22,817,3965,4069,104,True
24,746,3965,4069,104,True
26,783,3965,4069,104,True
27,792,3965,4069,104,True
30,774,3965,4069,104,True
31,802,3965,4069,104,True
45,757,3965,4069,104,True
52,776,3965,,,False
56,784,3965,4044,79,True
59,804,3965,4044,79,True
63,824,3965,4083,118,True
69,810,3965,4083,118,True
70,814,3965,4044,79,True
89,789,3965,4083,118,True
90,797,3965,4083,118,True
91,793,3965,4044,79,True
94,802,3965,4044,79,True
95,789,3965,4044,79,True
6,798,3966,4069,103,True
9,818,3966,4069,103,True
16,828,3966,4069,103,True
20,756,3966,4069,103,True
33,801,3966,4069,103,True
34,781,3966,4069,103,True
37,795,3966,4069,103,True
40,857,3966,4069,103,True
49,811,3966,4069,103,True
59,805,3966,4083,117,True
60,755,3966,4083,117,True
64,835,3966,4044,78,True
69,811,3966,4083,117,True
75,817,3966,4044,78,True
80,828,3966,4044,78,True
81,748,3966,4083,117,True
86,808,3966,4044,78,True
98,786,3966,4044,78,True
2,800,3967,4069,102,True
3,826,3967,4069,102,True
9,819,3967,4069,102,True
12,809,3967,4069,102,True
15,785,3967,4069,102,True
20,757,3967,4069,102,True
25,791,3967,4069,102,True
29,764,3967,4069,102,True
36,822,3967,4069,102,True
49,812,3967,4069,102,True
50,750,3967,4083,116,True
53,775,3967,4083,116,True
58,790,3967,4044,77,True
59,806,3967,4083,116,True
62,776,3967,4083,116,True
66,749,3967,4152,185,True
68,821,3967,4044,77,True
69,812,3967,4083,116,True
71,777,3967,4083,116,True
85,800,3967,4044,77,True
89,790,3967,4083,116,True
92,850,3967,4083,116,True
94,803,3967,4044,77,True
96,758,3967,4083,116,True
13,784,3968,4069,101,True
17,748,3968,4083,115,True
20,758,3968,4069,101,True
22,818,3968,4083,115,True
26,784,3968,4069,101,True
36,823,3968,4069,101,True
39,749,3968,4069,101,True
40,858,3968,4083,115,True
48,810,3968,4083,115,True
49,813,3968,4069,101,True
52,777,3968,,,False
53,776,3968,4083,115,True
65,771,3968,4044,76,True
66,750,3968,4152,184,True
67,750,3968,4083,115,True
75,818,3968,4044,76,True
76,793,3968,4083,115,True
78,809,3968,4083,115,True
83,771,3968,4152,184,True
91,794,3968,4044,76,True
3,827,3969,4069,100,True
5,776,3969,4069,100,True
17,749,3969,4083,114,True
22,819,3969,4083,114,True
25,792,3969,4069,100,True
29,765,3969,4069,100,True
30,775,3969,4069,100,True
33,802,3969,4069,100,True
40,859,3969,4083,114,True
41,807,3969,4069,100,True
44,819,3969,4069,100,True
52,778,3969,,,False
64,836,3969,4044,75,True
66,751,3969,4152,183,True
70,815,3969,4044,75,True
73,778,3969,4044,75,True
82,806,3969,4044,75,True
88,813,3969,4083,114,True
90,798,3969,4083,114,True
95,790,3969,4044,75,True
96,759,3969,4083,114,True
2,801,3970,4069,99,True
8,784,3970,4069,99,True
13,785,3970,4069,99,True
18,798,3970,4069,99,True
22,820,3970,4083,113,True
23,800,3970,4083,113,True
28,813,3970,4083,113,True
31,803,3970,4069,99,True
40,860,3970,4083,113,True
44,820,3970,4069,99,True
45,758,3970,4069,99,True
49,814,3970,4069,99,True
61,779,3970,4044,74,True
67,751,3970,4083,113,True
73,779,3970,4044,74,True
79,739,3970,4044,74,True
81,749,3970,4083,113,True
82,807,3970,4044,74,True
84,817,3970,4044,74,True
87,766,3970,4083,113,True
95,791,3970,4044,74,True
98,787,3970,4044,74,True
2,802,3971,4069,98,True
14,791,3971,4069,98,True
21,783,3971,4069,98,True
29,766,3971,4069,98,True
35,797,3971,4069,98,True
40,861,3971,4083,112,True
42,829,3971,4069,98,True
46,804,3971,4069,98,True
49,815,3971,4069,98,True
54,858,3971,4083,112,True
55,754,3971,4083,112,True
60,756,3971,4083,112,True
61,780,3971,4044,73,True
66,752,3971,4152,181,True
67,752,3971,4083,112,True
71,778,3971,4083,112,True
72,786,3971,4044,73,True
80,829,3971,4044,73,True
82,808,3971,4044,73,True
87,767,3971,4083,112,True
95,792,3971,4044,73,True
98,788,3971,4044,73,True
3,828,3972,4069,97,True
4,808,3972,4069,97,True
7,759,3972,4083,111,True
11,787,3972,4069,97,True
18,799,3972,4069,97,True
34,782,3972,4069,97,True
37,796,3972,4069,97,True
39,750,3972,4069,97,True
50,751,3972,4083,111,True
55,755,3972,4152,180,True
62,777,3972,4083,111,True
70,816,3972,4044,72,True
72,787,3972,4044,72,True
74,802,3972,4083,111,True
75,819,3972,4044,72,True
79,740,3972,4044,72,True
84,818,3972,4083,111,True
88,814,3972,4083,111,True
10,815,3973,4083,110,True
17,750,3973,4083,110,True
22,821,3973,4083,110,True
23,801,3973,4083,110,True
25,793,3973,4069,96,True
32,799,3973,4069,96,True
37,797,3973,4069,96,True
48,811,3973,4083,110,True
75,820,3973,4083,110,True
84,819,3973,4083,110,True
88,815,3973,4083,110,True
90,799,3973,4083,110,True
91,795,3973,4083,110,True
93,775,3973,4083,110,True
1,808,3974,4069,95,True
3,829,3974,4069,95,True
6,799,3974,4069,95,True
8,785,3974,4069,95,True
9,820,3974,4083,109,True
15,786,3974,4069,95,True
16,829,3974,4069,95,True
17,751,3974,4083,109,True
42,830,3974,4069,95,True
47,757,3974,4069,95,True
52,779,3974,,,False
56,785,3974,4083,109,True
59,807,3974,4083,109,True
63,825,3974,4083,109,True
64,837,3974,4044,70,True
81,750,3974,4083,109,True
82,809,3974,4083,109,True
88,816,3974,4083,109,True
91,796,3974,4083,109,True
99,789,3974,4083,109,True
1,809,3975,4069,94,True
2,803,3975,4069,94,True
4,809,3975,4069,94,True
7,760,3975,4083,108,True
13,786,3975,4069,94,True
29,767,3975,4069,94,True
34,783,3975,4069,94,True
42,831,3975,4069,94,True
44,821,3975,4069,94,True
47,758,3975,4069,94,True
48,812,3975,4083,108,True
50,752,3975,4083,108,True
51,763,3975,4083,108,True
58,791,3975,4083,108,True
60,757,3975,4083,108,True
64,838,3975,4044,69,True
68,822,3975,4044,69,True
70,817,3975,4083,108,True
86,809,3975,4044,69,True
90,800,3975,4083,108,True
96,760,3975,4083,108,True
97,794,3975,4044,69,True
98,789,3975,4044,69,True
4,810,3976,4069,93,True
12,810,3976,4069,93,True
16,830,3976,4069,93,True
32,800,3976,4069,93,True
38,780,3976,4069,93,True
40,862,3976,4083,107,True
42,832,3976,4069,93,True
46,805,3976,4069,93,True
50,753,3976,4083,107,True
52,780,3976,,,False
59,808,3976,4083,107,True
60,758,3976,4083,107,True
69,813,3976,4083,107,True
72,788,3976,4044,68,True
85,801,3976,4044,68,True
87,768,3976,4083,107,True
92,851,3976,4083,107,True
98,790,3976,4044,68,True
0,820,3977,4069,92,True
6,800,3977,4069,92,True
8,786,3977,4069,92,True
11,788,3977,4069,92,True
15,787,3977,4069,92,True
23,802,3977,4083,106,True
24,747,3977,4069,92,True
27,793,3977,4069,92,True
37,798,3977,4069,92,True
38,781,3977,4069,92,True
44,822,3977,4069,92,True
47,759,3977,4069,92,True
55,756,3977,4152,175,True
69,814,3977,4083,106,True
72,789,3977,4044,67,True
78,810,3977,4083,106,True
86,810,3977,4044,67,True
89,791,3977,4083,106,True
93,776,3977,4083,106,True
94,804,3977,4044,67,True
99,790,3977,4083,106,True
5,777,3978,4069,91,True
18,800,3978,4069,91,True
19,753,3978,4083,105,True
20,759,3978,4069,91,True
26,785,3978,4069,91,True
27,794,3978,4069,91,True
30,776,3978,4069,91,True
50,754,3978,4083,105,True
53,777,3978,4152,174,True
57,774,3978,4044,66,True
59,809,3978,4083,105,True
70,818,3978,4083,105,True
73,780,3978,4083,105,True
74,803,3978,4083,105,True
79,741,3978,4044,66,True
80,830,3978,4044,66,True
83,772,3978,4152,174,True
87,769,3978,4083,105,True
97,795,3978,4044,66,True
16,831,3979,4069,90,True
25,794,3979,4083,104,True
26,786,3979,4069,90,True
35,798,3979,4069,90,True
40,863,3979,4083,104,True
47,760,3979,4069,90,True
48,813,3979,4083,104,True
51,764,3979,4083,104,True
64,839,3979,4044,65,True
66,753,3979,4152,173,True
67,753,3979,4083,104,True
73,781,3979,4083,104,True
74,804,3979,4083,104,True
77,802,3979,4083,104,True
85,802,3979,4083,104,True
86,811,3979,4044,65,True
88,817,3979,4083,104,True
90,801,3979,4083,104,True
94,805,3979,4044,65,True
96,761,3979,4083,104,True
4,811,3980,4069,89,True
5,778,3980,4069,89,True
20,760,3980,4069,89,True
24,748,3980,4083,103,True
34,784,3980,4069,89,True
36,824,3980,4069,89,True
37,799,3980,4069,89,True
40,864,3980,4083,103,True
42,833,3980,4069,89,True
45,759,3980,4069,89,True
54,859,3980,4083,103,True
55,757,3980,4152,172,True
56,786,3980,4083,103,True
58,792,3980,4083,103,True
61,781,3980,4044,64,True
64,840,3980,4044,64,True
66,754,3980,4152,172,True
73,782,3980,4083,103,True
76,794,3980,4083,103,True
77,803,3980,4083,103,True
78,811,3980,4083,103,True
81,751,3980,4083,103,True
82,810,3980,4083,103,True
90,802,3980,4083,103,True
95,793,3980,4044,64,True
97,796,3980,4044,64,True
0,821,3981,4069,88,True
3,830,3981,4069,88,True
11,789,3981,4069,88,True
16,832,3981,4069,88,True
17,752,3981,4083,102,True
21,784,3981,4069,88,True
22,822,3981,4083,102,True
27,795,3981,4083,102,True
28,814,3981,4083,102,True
36,825,3981,4069,88,True
37,800,3981,4069,88,True
38,782,3981,4083,102,True
41,808,3981,4069,88,True
45,760,3981,4069,88,True
47,761,3981,4069,88,True
48,814,3981,4083,102,True
52,781,3981,,,False
53,778,3981,4152,171,True
54,860,3981,4083,102,True
58,793,3981,4083,102,True
61,782,3981,4044,63,True
69,815,3981,4083,102,True
76,795,3981,4083,102,True
80,831,3981,4044,63,True
81,752,3981,4083,102,True
84,820,3981,4083,102,True
85,803,3981,4083,102,True
92,852,3981,4083,102,True
94,806,3981,4044,63,True
98,791,3981,4044,63,True
3,831,3982,4069,87,True
21,785,3982,4069,87,True
24,749,3982,4083,101,True
28,815,3982,4083,101,True
32,801,3982,4069,87,True
40,865,3982,4083,101,True
44,823,3982,4069,87,True
47,762,3982,4069,87,True
50,755,3982,4083,101,True
55,758,3982,4152,170,True
57,775,3982,4044,62,True
58,794,3982,4083,101,True
61,783,3982,4044,62,True
65,772,3982,4083,101,True
68,823,3982,4044,62,True
71,779,3982,4083,101,True
75,821,3982,4083,101,True
77,804,3982,4083,101,True
78,812,3982,4083,101,True
84,821,3982,4083,101,True
90,803,3982,4083,101,True
91,797,3982,4083,101,True
92,853,3982,4083,101,True
95,794,3982,4044,62,True
97,797,3982,4044,62,True
3,832,3983,4069,86,True
5,779,3983,4069,86,True
6,801,3983,4069,86,True
14,792,3983,4069,86,True
16,833,3983,4069,86,True
34,785,3983,4069,86,True
38,783,3983,4083,100,True
41,809,3983,4069,86,True
46,806,3983,4069,86,True
49,816,3983,4069,86,True
51,765,3983,4083,100,True
54,861,3983,4083,100,True
57,776,3983,4044,61,True
59,810,3983,4083,100,True
60,759,3983,4083,100,True
69,816,3983,4083,100,True
74,805,3983,4083,100,True
76,796,3983,4083,100,True
93,777,3983,4083,100,True
5,780,3984,4069,85,True
6,802,3984,4069,85,True
16,834,3984,4069,85,True
20,761,3984,4069,85,True
28,816,3984,4083,99,True
32,802,3984,4069,85,True
34,786,3984,4069,85,True
42,834,3984,4069,85,True
53,779,3984,4152,168,True
54,862,3984,4083,99,True
61,784,3984,4044,60,True
71,780,3984,4083,99,True
74,806,3984,4083,99,True
77,805,3984,4083,99,True
82,811,3984,4083,99,True
83,773,3984,4152,168,True
85,804,3984,4083,99,True
95,795,3984,4083,99,True
97,798,3984,4044,60,True
99,791,3984,4083,99,True
6,803,3985,4069,84,True
9,821,3985,4083,98,True
10,816,3985,4083,98,True
15,788,3985,4161,176,True
16,835,3985,4069,84,True
17,753,3985,4083,98,True
24,750,3985,4083,98,True
28,817,3985,4083,98,True
35,799,3985,4161,176,True
36,826,3985,4069,84,True
43,753,3985,4083,98,True
46,807,3985,4069,84,True
47,763,3985,4069,84,True
49,817,3985,4069,84,True
54,863,3985,4083,98,True
56,787,3985,4083,98,True
63,826,3985,4152,167,True
64,841,3985,4044,59,True
66,755,3985,4152,167,True
67,754,3985,4083,98,True
79,742,3985,4044,59,True
82,812,3985,4083,98,True
93,778,3985,4083,98,True
98,792,3985,4044,59,True
2,804,3986,4083,97,True
9,822,3986,4083,97,True
10,817,3986,4083,97,True
13,787,3986,4069,83,True
15,789,3986,4161,175,True
20,762,3986,4069,83,True
21,786,3986,4069,83,True
22,823,3986,4083,97,True
26,787,3986,4069,83,True
31,804,3986,4083,97,True
37,801,3986,4069,83,True
44,824,3986,4069,83,True
49,818,3986,4069,83,True
52,782,3986,,,False
56,788,3986,4083,97,True
64,842,3986,4044,58,True
70,819,3986,4083,97,True
76,797,3986,4083,97,True
81,753,3986,4083,97,True
84,822,3986,4083,97,True
99,792,3986,4083,97,True
1,810,3987,4069,82,True
3,833,3987,4069,82,True
10,818,3987,4083,96,True
11,790,3987,4069,82,True
12,811,3987,4069,82,True
13,788,3987,4069,82,True
14,793,3987,4069,82,True
16,836,3987,4069,82,True
17,754,3987,4083,96,True
20,763,3987,4069,82,True
30,777,3987,4161,174,True
32,803,3987,4069,82,True
40,866,3987,4083,96,True
42,835,3987,4069,82,True
43,754,3987,4083,96,True
48,815,3987,4083,96,True
51,766,3987,4083,96,True
56,789,3987,4083,96,True
57,777,3987,4044,57,True
58,795,3987,4083,96,True
59,811,3987,4083,96,True
66,756,3987,4152,165,True
74,807,3987,4083,96,True
89,792,3987,4083,96,True
91,798,3987,4083,96,True
99,793,3987,4083,96,True
3,834,3988,4069,81,True
6,804,3988,4083,95,True
8,787,3988,4069,81,True
9,823,3988,4083,95,True
16,837,3988,4069,81,True
19,754,3988,4083,95,True
20,764,3988,4069,81,True
22,824,3988,4083,95,True
30,778,3988,4161,173,True
34,787,3988,4069,81,True
38,784,3988,4083,95,True
40,867,3988,4083,95,True
43,755,3988,4083,95,True
44,825,3988,4069,81,True
51,767,3988,4083,95,True
55,759,3988,4152,164,True
56,790,3988,4083,95,True
63,827,3988,4152,164,True
65,773,3988,4083,95,True
66,757,3988,4152,164,True
68,824,3988,4083,95,True
70,820,3988,4083,95,True
77,806,3988,4083,95,True
83,774,3988,4152,164,True
91,799,3988,4083,95,True
95,796,3988,4083,95,True
96,762,3988,4083,95,True
0,822,3989,4069,80,True
1,811,3989,4069,80,True
7,761,3989,4083,94,True
9,824,3989,4083,94,True
13,789,3989,4069,80,True
20,765,3989,4069,80,True
24,751,3989,4083,94,True
31,805,3989,4083,94,True
34,788,3989,4069,80,True
37,802,3989,4069,80,True
39,751,3989,4069,80,True
43,756,3989,4083,94,True
46,808,3989,4069,80,True
48,816,3989,4083,94,True
50,756,3989,4152,163,True
51,768,3989,4083,94,True
55,760,3989,4152,163,True
56,791,3989,4083,94,True
67,755,3989,4083,94,True
81,754,3989,4083,94,True
82,813,3989,4083,94,True
92,854,3989,4083,94,True
95,797,3989,4083,94,True
2,805,3990,4083,93,True
4,812,3990,4083,93,True
8,788,3990,4069,79,True
12,812,3990,4069,79,True
18,801,3990,4083,93,True
24,752,3990,4083,93,True
25,795,3990,4083,93,True
26,788,3990,4069,79,True
28,818,3990,4083,93,True
30,779,3990,4161,171,True
32,804,3990,4069,79,True
38,785,3990,4083,93,True
43,757,3990,4083,93,True
47,764,3990,4069,79,True
49,819,3990,4069,79,True
51,769,3990,4083,93,True
54,864,3990,4083,93,True
57,778,3990,4083,93,True
63,828,3990,4152,162,True
65,774,3990,4083,93,True
68,825,3990,4083,93,True
78,813,3990,4083,93,True
83,775,3990,4152,162,True
9,825,3991,4083,92,True
18,802,3991,4083,92,True
33,803,3991,4069,78,True
38,786,3991,4083,92,True
45,761,3991,4069,78,True
50,757,3991,4152,161,True
59,812,3991,4083,92,True
63,829,3991,4152,161,True
71,781,3991,4083,92,True
73,783,3991,4083,92,True
85,805,3991,4083,92,True
88,818,3991,4152,161,True
89,793,3991,4083,92,True
95,798,3991,4083,92,True
2,806,3992,4083,91,True
4,813,3992,4083,91,True
6,805,3992,4083,91,True
7,762,3992,4083,91,True
10,819,3992,4083,91,True
13,790,3992,4083,91,True
15,790,3992,4161,169,True
21,787,3992,4069,77,True
23,803,3992,4083,91,True
24,753,3992,4083,91,True
28,819,3992,4083,91,True
31,806,3992,4083,91,True
42,836,3992,4069,77,True
44,826,3992,4069,77,True
52,783,3992,,,False
61,785,3992,4044,52,True
63,830,3992,4152,160,True
64,843,3992,4083,91,True
65,775,3992,4083,91,True
67,756,3992,4083,91,True
70,821,3992,4083,91,True
73,784,3992,4083,91,True
77,807,3992,4083,91,True
78,814,3992,4083,91,True
80,832,3992,4083,91,True
87,770,3992,4083,91,True
96,763,3992,4083,91,True
99,794,3992,4083,91,True
1,812,3993,4069,76,True
3,835,3993,4069,76,True
10,820,3993,4083,90,True
18,803,3993,4083,90,True
19,755,3993,4083,90,True
22,825,3993,4083,90,True
31,807,3993,4083,90,True
34,789,3993,4161,168,True
37,803,3993,4069,76,True
40,868,3993,4083,90,True
47,765,3993,4069,76,True
54,865,3993,4083,90,True
57,779,3993,4083,90,True
63,831,3993,4152,159,True
65,776,3993,4083,90,True
66,758,3993,4152,159,True
79,743,3993,4083,90,True
81,755,3993,4083,90,True
85,806,3993,4083,90,True
86,812,3993,4083,90,True
87,771,3993,4083,90,True
90,804,3993,4083,90,True
92,855,3993,4083,90,True
93,779,3993,4083,90,True
95,799,3993,4083,90,True
96,764,3993,4083,90,True
6,806,3994,4083,89,True
10,821,3994,4083,89,True
11,791,3994,4069,75,True
20,766,3994,4069,75,True
22,826,3994,4083,89,True
24,754,3994,4083,89,True
30,780,3994,4161,167,True
36,827,3994,4083,89,True
52,784,3994,,,False
54,866,3994,4083,89,True
58,796,3994,4083,89,True
65,777,3994,4083,89,True
72,790,3994,4083,89,True
73,785,3994,4083,89,True
76,798,3994,4083,89,True
86,813,3994,4083,89,True
87,772,3994,4083,89,True
89,794,3994,4083,89,True
90,805,3994,4083,89,True
5,781,3995,4083,88,True
6,807,3995,4083,88,True
8,789,3995,4069,74,True
10,822,3995,4083,88,True
15,791,3995,4161,166,True
17,755,3995,4083,88,True
43,758,3995,4083,88,True
55,761,3995,4152,157,True
58,797,3995,4083,88,True
61,786,3995,4044,49,True
67,757,3995,4083,88,True
71,782,3995,4083,88,True
72,791,3995,4083,88,True
73,786,3995,4083,88,True
75,822,3995,4083,88,True
76,799,3995,4083,88,True
79,744,3995,4083,88,True
82,814,3995,4083,88,True
89,795,3995,4152,157,True
97,799,3995,4083,88,True
99,795,3995,4083,88,True
23,804,3996,4083,87,True
29,768,3996,4083,87,True
41,810,3996,4069,73,True
50,758,3996,4152,156,True
51,770,3996,4083,87,True
55,762,3996,4152,156,True
56,792,3996,4083,87,True
61,787,3996,4044,48,True
75,823,3996,4083,87,True
80,833,3996,4083,87,True
81,756,3996,4083,87,True
88,819,3996,4152,156,True
89,796,3996,4152,156,True
90,806,3996,4083,87,True
92,856,3996,4083,87,True
3,836,3997,4069,72,True
19,756,3997,4083,86,True
20,767,3997,4069,72,True
31,808,3997,4083,86,True
33,804,3997,4069,72,True
34,790,3997,4161,164,True
40,869,3997,4083,86,True
45,762,3997,4069,72,True
46,809,3997,4083,86,True
52,785,3997,,,False
54,867,3997,4083,86,True
55,763,3997,4152,155,True
64,844,3997,4083,86,True
65,778,3997,4083,86,True
75,824,3997,4083,86,True
76,800,3997,4083,86,True
88,820,3997,4152,155,True
92,857,3997,4083,86,True
9,826,3998,4083,85,True
16,838,3998,4083,85,True
22,827,3998,4083,85,True
26,789,3998,4083,85,True
27,796,3998,4083,85,True
33,805,3998,4069,71,True
36,828,3998,4083,85,True
44,827,3998,4161,163,True
45,763,3998,4069,71,True
50,759,3998,4152,154,True
54,868,3998,4083,85,True
57,780,3998,4083,85,True
59,813,3998,4083,85,True
67,758,3998,4083,85,True
69,817,3998,4083,85,True
91,800,3998,4083,85,True
95,800,3998,4120,122,True
96,765,3998,4152,154,True
98,793,3998,4083,85,True
25,796,3999,4083,84,True
28,820,3999,4083,84,True
31,809,3999,4083,84,True
40,870,3999,4083,84,True
43,759,3999,4083,84,True
46,810,3999,4083,84,True
47,766,3999,4069,70,True
65,779,3999,4083,84,True
68,826,3999,4083,84,True
74,808,3999,4083,84,True
80,834,3999,4083,84,True
85,807,3999,4083,84,True
86,814,3999,4083,84,True
2,807,4000,4083,83,True
3,837,4000,4083,83,True
14,794,4000,4069,69,True
15,792,4000,4161,161,True
17,756,4000,4083,83,True
28,821,4000,4083,83,True
30,781,4000,4161,161,True
34,791,4000,4161,161,True
36,829,4000,4083,83,True
37,804,4000,4083,83,True
43,760,4000,4083,83,True
46,811,4000,4083,83,True
52,786,4000,,,False
53,780,4000,4152,152,True
60,760,4000,4083,83,True
67,759,4000,4083,83,True
71,783,4000,4152,152,True
77,808,4000,4083,83,True
79,745,4000,4083,83,True
86,815,4000,4083,83,True
97,800,4000,4083,83,True
0,823,4001,4083,82,True
1,813,4001,4069,68,True
7,763,4001,4161,160,True
10,823,4001,4083,82,True
13,791,4001,4083,82,True
21,788,4001,4069,68,True
28,822,4001,4083,82,True
37,805,4001,4083,82,True
48,817,4001,4083,82,True
51,771,4001,4083,82,True
59,814,4001,4083,82,True
60,761,4001,4083,82,True
64,845,4001,4083,82,True
68,827,4001,4083,82,True
70,822,4001,4083,82,True
76,801,4001,4083,82,True
88,821,4001,4152,151,True
91,801,4001,4083,82,True
99,796,4001,4083,82,True
1,814,4002,4069,67,True
5,782,4002,4083,81,True
6,808,4002,4083,81,True
12,813,4002,4069,67,True
17,757,4002,4083,81,True
25,797,4002,4083,81,True
27,797,4002,4083,81,True
34,792,4002,4161,159,True
38,787,4002,4083,81,True
40,871,4002,4083,81,True
51,772,4002,4083,81,True
52,787,4002,,,False
59,815,4002,4083,81,True
68,828,4002,4083,81,True
71,784,4002,4152,150,True
72,792,4002,4083,81,True
76,802,4002,4083,81,True
80,835,4002,4083,81,True
86,816,4002,4083,81,True
87,773,4002,4083,81,True
90,807,4002,4083,81,True
0,824,4003,4083,80,True
2,808,4003,4161,158,True
10,824,4003,4161,158,True
14,795,4003,4069,66,True
32,805,4003,4083,80,True
33,806,4003,4069,66,True
39,752,4003,4083,80,True
44,828,4003,4161,158,True
46,812,4003,4083,80,True
53,781,4003,4152,149,True
65,780,4003,4083,80,True
68,829,4003,4083,80,True
72,793,4003,4083,80,True
73,787,4003,4083,80,True
77,809,4003,4083,80,True
78,815,4003,4083,80,True
83,776,4003,4152,149,True
87,774,4003,4083,80,True
88,822,4003,4152,149,True
92,858,4003,4152,149,True
94,807,4003,4083,80,True
95,801,4003,4120,117,True
97,801,4003,4083,80,True
98,794,4003,4083,80,True
0,825,4004,4083,79,True
9,827,4004,4083,79,True
17,758,4004,4083,79,True
30,782,4004,4161,157,True
31,810,4004,4083,79,True
41,811,4004,4161,157,True
47,767,4004,4069,65,True
56,793,4004,4083,79,True
67,760,4004,4083,79,True
69,818,4004,4083,79,True
79,746,4004,4083,79,True
82,815,4004,4120,116,True
95,802,4004,4120,116,True
2,809,4005,4161,156,True
7,764,4005,4161,156,True
10,825,4005,4161,156,True
11,792,4005,4083,78,True
13,792,4005,4083,78,True
26,790,4005,4083,78,True
29,769,4005,4083,78,True
31,811,4005,4083,78,True
37,806,4005,4083,78,True
39,753,4005,4083,78,True
59,816,4005,4083,78,True
64,846,4005,4083,78,True
66,759,4005,4152,147,True
71,785,4005,4152,147,True
78,816,4005,4083,78,True
83,777,4005,4152,147,True
84,823,4005,4083,78,True
92,859,4005,4152,147,True
98,795,4005,4083,78,True
4,814,4006,4083,77,True
8,790,4006,4069,63,True
15,793,4006,4161,155,True
16,839,4006,4161,155,True
18,804,4006,4083,77,True
20,768,4006,4161,155,True
23,805,4006,4083,77,True
31,812,4006,4083,77,True
39,754,4006,4083,77,True
46,813,4006,4083,77,True
55,764,4006,4152,146,True
57,781,4006,4083,77,True
58,798,4006,4083,77,True
81,757,4006,4083,77,True
83,778,4006,4152,146,True
84,824,4006,4083,77,True
88,823,4006,4152,146,True
96,766,4006,4152,146,True
4,815,4007,4083,76,True
11,793,4007,4083,76,True
15,794,4007,4161,154,True
22,828,4007,4083,76,True
23,806,4007,4083,76,True
29,770,4007,4083,76,True
34,793,4007,4161,154,True
37,807,4007,4083,76,True
39,755,4007,4083,76,True
46,814,4007,4083,76,True
51,773,4007,4083,76,True
53,782,4007,4152,145,True
57,782,4007,4083,76,True
62,778,4007,4083,76,True
65,781,4007,4083,76,True
66,760,4007,4152,145,True
68,830,4007,4083,76,True
70,823,4007,4083,76,True
71,786,4007,4152,145,True
74,809,4007,4083,76,True
80,836,4007,4120,113,True
84,825,4007,4083,76,True
88,824,4007,4152,145,True
92,860,4007,4152,145,True
93,780,4007,4083,76,True
96,767,4007,4152,145,True
98,796,4007,4083,76,True
1,815,4008,4069,61,True
9,828,4008,4161,153,True
16,840,4008,4161,153,True
18,805,4008,4083,75,True
19,757,4008,4161,153,True
25,798,4008,4083,75,True
28,823,4008,4083,75,True
36,830,4008,4161,153,True
37,808,4008,4083,75,True
47,768,4008,4069,61,True
51,774,4008,4120,112,True
63,832,4008,4152,144,True
65,782,4008,4083,75,True
67,761,4008,4083,75,True
75,825,4008,4083,75,True
76,803,4008,4083,75,True
87,775,4008,4083,75,True
89,797,4008,4152,144,True
93,781,4008,4083,75,True
97,802,4008,4083,75,True
2,810,4009,4161,152,True
12,814,4009,4083,74,True
22,829,4009,4083,74,True
28,824,4009,4083,74,True
35,800,4009,4161,152,True
37,809,4009,4083,74,True
41,812,4009,4161,152,True
46,815,4009,4083,74,True
48,818,4009,4161,152,True
51,775,4009,4120,111,True
54,869,4009,4152,143,True
57,783,4009,4083,74,True
59,817,4009,4083,74,True
66,761,4009,4152,143,True
72,794,4009,4083,74,True
74,810,4009,4083,74,True
82,816,4009,4120,111,True
83,779,4009,4152,143,True
85,808,4009,4083,74,True
87,776,4009,4083,74,True
5,783,4010,4161,151,True
11,794,4010,4083,73,True
15,795,4010,4161,151,True
28,825,4010,4083,73,True
29,771,4010,4083,73,True
31,813,4010,4083,73,True
38,788,4010,4083,73,True
41,813,4010,4161,151,True
45,764,4010,4161,151,True
49,820,4010,4083,73,True
53,783,4010,4152,142,True
54,870,4010,4152,142,True
56,794,4010,4083,73,True
59,818,4010,4083,73,True
61,788,4010,4083,73,True
75,826,4010,4083,73,True
79,747,4010,4083,73,True
82,817,4010,4120,110,True
93,782,4010,4083,73,True
96,768,4010,4152,142,True
5,784,4011,4161,150,True
10,826,4011,4161,150,True
13,793,4011,4083,72,True
29,772,4011,4083,72,True
34,794,4011,4161,150,True
36,831,4011,4161,150,True
39,756,4011,4161,150,True
52,788,4011,,,False
56,795,4011,4083,72,True
57,784,4011,4083,72,True
59,819,4011,4152,141,True
69,819,4011,4152,141,True
71,787,4011,4152,141,True
72,795,4011,4083,72,True
88,825,4011,4152,141,True
91,802,4011,4083,72,True
96,769,4011,4152,141,True
3,838,4012,4083,71,True
10,827,4012,4161,149,True
12,815,4012,4083,71,True
19,758,4012,4161,149,True
20,769,4012,4161,149,True
21,789,4012,4069,57,True
22,830,4012,4083,71,True
24,755,4012,4083,71,True
31,814,4012,4083,71,True
42,837,4012,4083,71,True
61,789,4012,4083,71,True
65,783,4012,4083,71,True
71,788,4012,4152,140,True
75,827,4012,4083,71,True
83,780,4012,4152,140,True
87,777,4012,4083,71,True
88,826,4012,4152,140,True
93,783,4012,4152,140,True
0,826,4013,4083,70,True
7,765,4013,4161,148,True
22,831,4013,4083,70,True
24,756,4013,4083,70,True
26,791,4013,4083,70,True
33,807,4013,4083,70,True
38,789,4013,4083,70,True
40,872,4013,4083,70,True
42,838,4013,4083,70,True
45,765,4013,4161,148,True
48,819,4013,4161,148,True
59,820,4013,4152,139,True
60,762,4013,4083,70,True
63,833,4013,4152,139,True
66,762,4013,4152,139,True
68,831,4013,4083,70,True
92,861,4013,4152,139,True
1,816,4014,4083,69,True
6,809,4014,4083,69,True
7,766,4014,4161,147,True
15,796,4014,4161,147,True
18,806,4014,4083,69,True
22,832,4014,4083,69,True
24,757,4014,4083,69,True
32,806,4014,4161,147,True
35,801,4014,4161,147,True
45,766,4014,4161,147,True
46,816,4014,4083,69,True
49,821,4014,4083,69,True
52,789,4014,,,False
62,779,4014,4083,69,True
69,820,4014,4152,138,True
75,828,4014,4083,69,True
77,810,4014,4083,69,True
78,817,4014,4152,138,True
79,748,4014,4083,69,True
80,837,4014,4120,106,True
84,826,4014,4083,69,True
93,784,4014,4152,138,True
98,797,4014,4083,69,True
99,797,4014,4152,138,True
0,827,4015,4083,68,True
7,767,4015,4161,146,True
18,807,4015,4083,68,True
31,815,4015,4083,68,True
34,795,4015,4161,146,True
35,802,4015,4161,146,True
38,790,4015,4083,68,True
40,873,4015,4083,68,True
49,822,4015,4083,68,True
51,776,4015,4120,105,True
52,790,4015,,,False
60,763,4015,4083,68,True
62,780,4015,4083,68,True
78,818,4015,4152,137,True
81,758,4015,4152,137,True
84,827,4015,4083,68,True
89,798,4015,4152,137,True
96,770,4015,4152,137,True
99,798,4015,4152,137,True
2,811,4016,4161,145,True
12,816,4016,4083,67,True
19,759,4016,4161,145,True
28,826,4016,4161,145,True
39,757,4016,4161,145,True
40,874,4016,4083,67,True
44,829,4016,4161,145,True
47,769,4016,4083,67,True
51,777,4016,4120,104,True
55,765,4016,4152,136,True
76,804,4016,4152,136,True
77,811,4016,4083,67,True
78,819,4016,4152,136,True
79,749,4016,4083,67,True
91,803,4016,4120,104,True
93,785,4016,4152,136,True
97,803,4016,4083,67,True
4,816,4017,4083,66,True
9,829,4017,4161,144,True
11,795,4017,4083,66,True
17,759,4017,4083,66,True
28,827,4017,4161,144,True
48,820,4017,4161,144,True
50,760,4017,4152,135,True
51,778,4017,4120,103,True
75,829,4017,4152,135,True
82,818,4017,4120,103,True
89,799,4017,4152,135,True
97,804,4017,4083,66,True
4,817,4018,4083,65,True
7,768,4018,4161,143,True
8,791,4018,4083,65,True
9,830,4018,4161,143,True
10,828,4018,4161,143,True
17,760,4018,4083,65,True
20,770,4018,4161,143,True
23,807,4018,4161,143,True
26,792,4018,4083,65,True
29,773,4018,4083,65,True
32,807,4018,4161,143,True
33,808,4018,4083,65,True
43,761,4018,4161,143,True
47,770,4018,4083,65,True
64,847,4018,4083,65,True
71,789,4018,4152,134,True
72,796,4018,4083,65,True
73,788,4018,4083,65,True
74,811,4018,4152,134,True
83,781,4018,4152,134,True
85,809,4018,4083,65,True
6,810,4019,4161,142,True
10,829,4019,4161,142,True
12,817,4019,4083,64,True
16,841,4019,4161,142,True
25,799,4019,4161,142,True
31,816,4019,4083,64,True
38,791,4019,4083,64,True
41,814,4019,4161,142,True
45,767,4019,4161,142,True
62,781,4019,4152,133,True
70,824,4019,4083,64,True
71,790,4019,4152,133,True
77,812,4019,4083,64,True
81,759,4019,4152,133,True
88,827,4019,4152,133,True
95,803,4019,4120,101,True
3,839,4020,4161,141,True
10,830,4020,4161,141,True
14,796,4020,4083,63,True
15,797,4020,4161,141,True
36,832,4020,4161,141,True
40,875,4020,4161,141,True
41,815,4020,4161,141,True
47,771,4020,4083,63,True
50,761,4020,4152,132,True
53,784,4020,4152,132,True
54,871,4020,4152,132,True
56,796,4020,4083,63,True
65,784,4020,4152,132,True
69,821,4020,4152,132,True
73,789,4020,4083,63,True
76,805,4020,4152,132,True
89,800,4020,4152,132,True
90,808,4020,4152,132,True
92,862,4020,4152,132,True
0,828,4021,4083,62,True
9,831,4021,4161,140,True
10,831,4021,4161,140,True
19,760,4021,4161,140,True
26,793,4021,4083,62,True
38,792,4021,4083,62,True
43,762,4021,4161,140,True
47,772,4021,4083,62,True
50,762,4021,4152,131,True
52,791,4021,,,False
58,799,4021,4152,131,True
59,821,4021,4152,131,True
69,822,4021,4152,131,True
77,813,4021,4083,62,True
85,810,4021,4083,62,True
89,801,4021,4152,131,True
94,808,4021,4120,99,True
2,812,4022,4161,139,True
9,832,4022,4161,139,True
11,796,4022,4083,61,True
27,798,4022,4161,139,True
31,817,4022,4083,61,True
33,809,4022,4083,61,True
37,810,4022,4161,139,True
38,793,4022,4161,139,True
46,817,4022,4083,61,True
48,821,4022,4161,139,True
67,762,4022,4152,130,True
70,825,4022,4083,61,True
72,797,4022,4083,61,True
73,790,4022,4083,61,True
76,806,4022,4152,130,True
83,782,4022,4152,130,True
88,828,4022,4152,130,True
94,809,4022,4120,98,True
96,771,4022,4152,130,True
23,808,4023,4161,138,True
26,794,4023,4161,138,True
27,799,4023,4161,138,True
28,828,4023,4161,138,True
30,783,4023,4161,138,True
32,808,4023,4161,138,True
33,810,4023,4083,60,True
34,796,4023,4161,138,True
42,839,4023,4161,138,True
43,763,4023,4161,138,True
46,818,4023,4083,60,True
57,785,4023,4083,60,True
58,800,4023,4152,129,True
73,791,4023,4083,60,True
79,750,4023,4083,60,True
83,783,4023,4152,129,True
85,811,4023,4083,60,True
90,809,4023,4152,129,True
97,805,4023,4152,129,True
4,818,4024,4083,59,True
12,818,4024,4083,59,True
32,809,4024,4161,137,True
41,816,4024,4161,137,True
49,823,4024,4083,59,True
68,832,4024,4152,128,True
71,791,4024,4152,128,True
76,807,4024,4152,128,True
79,751,4024,4083,59,True
87,778,4024,4152,128,True
93,786,4024,4152,128,True
96,772,4024,4152,128,True
1,817,4025,4083,58,True
8,792,4025,4083,58,True
9,833,4025,4161,136,True
15,798,4025,4161,136,True
27,800,4025,4161,136,True
28,829,4025,4161,136,True
33,811,4025,4083,58,True
34,797,4025,4161,136,True
40,876,4025,4161,136,True
46,819,4025,4083,58,True
51,779,4025,4120,95,True
52,792,4025,,,False
62,782,4025,4152,127,True
68,833,4025,4152,127,True
77,814,4025,4152,127,True
81,760,4025,4152,127,True
84,828,4025,4152,127,True
89,802,4025,4152,127,True
91,804,4025,4152,127,True
95,804,4025,4120,95,True
1,818,4026,4083,57,True
3,840,4026,4161,135,True
4,819,4026,4083,57,True
5,785,4026,4161,135,True
8,793,4026,4083,57,True
16,842,4026,4161,135,True
25,800,4026,4161,135,True
30,784,4026,4161,135,True
32,810,4026,4161,135,True
43,764,4026,4161,135,True
45,768,4026,4161,135,True
49,824,4026,4161,135,True
66,763,4026,4152,126,True
71,792,4026,4152,126,True
73,792,4026,4152,126,True
86,817,4026,4152,126,True
94,810,4026,4120,94,True
95,805,4026,4120,94,True
99,799,4026,4152,126,True
1,819,4027,4083,56,True
13,794,4027,4161,134,True
15,799,4027,4161,134,True
21,790,4027,4161,134,True
25,801,4027,4161,134,True
30,785,4027,4161,134,True
36,833,4027,4161,134,True
44,830,4027,4161,134,True
45,769,4027,4161,134,True
49,825,4027,4161,134,True
52,793,4027,,,False
61,790,4027,4083,56,True
62,783,4027,4152,125,True
64,848,4027,4083,56,True
73,793,4027,4152,125,True
75,830,4027,4152,125,True
79,752,4027,4083,56,True
88,829,4027,4152,125,True
94,811,4027,4120,93,True
95,806,4027,4120,93,True
96,773,4027,4152,125,True
0,829,4028,4083,55,True
7,769,4028,4161,133,True
10,832,4028,4161,133,True
16,843,4028,4161,133,True
17,761,4028,4161,133,True
23,809,4028,4161,133,True
29,774,4028,4083,55,True
37,811,4028,4161,133,True
40,877,4028,4161,133,True
42,840,4028,4161,133,True
43,765,4028,4161,133,True
52,794,4028,,,False
54,872,4028,4152,124,True
58,801,4028,4152,124,True
68,834,4028,4152,124,True
69,823,4028,4152,124,True
76,808,4028,4152,124,True
78,820,4028,4152,124,True
81,761,4028,4152,124,True
85,812,4028,4152,124,True
90,810,4028,4152,124,True
93,787,4028,4152,124,True
96,774,4028,4152,124,True
98,798,4028,4120,92,True
6,811,4029,4161,132,True
10,833,4029,4161,132,True
14,797,4029,4083,54,True
18,808,4029,4161,132,True
21,791,4029,4161,132,True
25,802,4029,4161,132,True
29,775,4029,4083,54,True
30,786,4029,4161,132,True
38,794,4029,4161,132,True
40,878,4029,4161,132,True
52,795,4029,,,False
53,785,4029,4152,123,True
54,873,4029,4152,123,True
66,764,4029,4152,123,True
73,794,4029,4152,123,True
74,812,4029,4152,123,True
75,831,4029,4152,123,True
78,821,4029,4152,123,True
81,762,4029,4152,123,True
89,803,4029,4152,123,True
95,807,4029,4120,91,True
96,775,4029,4152,123,True
2,813,4030,4161,131,True
3,841,4030,4161,131,True
4,820,4030,4083,53,True
6,812,4030,4161,131,True
9,834,4030,4161,131,True
11,797,4030,4161,131,True
21,792,4030,4161,131,True
29,776,4030,4083,53,True
47,773,4030,4083,53,True
50,763,4030,4152,122,True
56,797,4030,4152,122,True
57,786,4030,4083,53,True
73,795,4030,4152,122,True
76,809,4030,4152,122,True
82,819,4030,4152,122,True
94,812,4030,4120,90,True
97,806,4030,4152,122,True
99,800,4030,4152,122,True
3,842,4031,4161,130,True
14,798,4031,4083,52,True
16,844,4031,4161,130,True
20,771,4031,4161,130,True
24,758,4031,4161,130,True
31,818,4031,4161,130,True
42,841,4031,4161,130,True
46,820,4031,4161,130,True
47,774,4031,4083,52,True
48,822,4031,4161,130,True
49,826,4031,4161,130,True
56,798,4031,4152,121,True
76,810,4031,4152,121,True
80,838,4031,4120,89,True
81,763,4031,4152,121,True
83,784,4031,4152,121,True
87,779,4031,4152,121,True
89,804,4031,4152,121,True
93,788,4031,4152,121,True
97,807,4031,4152,121,True
0,830,4032,4161,129,True
2,814,4032,4161,129,True
6,813,4032,4161,129,True
7,770,4032,4161,129,True
10,834,4032,4161,129,True
13,795,4032,4161,129,True
21,793,4032,4161,129,True
22,833,4032,4161,129,True
27,801,4032,4161,129,True
33,812,4032,4161,129,True
35,803,4032,4161,129,True
41,817,4032,4161,129,True
42,842,4032,4161,129,True
46,821,4032,4161,129,True
47,775,4032,4083,51,True
52,796,4032,,,False
53,786,4032,4152,120,True
57,787,4032,4083,51,True
58,802,4032,4152,120,True
66,765,4032,4152,120,True
73,796,4032,4152,120,True
74,813,4032,4152,120,True
76,811,4032,4152,120,True
77,815,4032,4152,120,True
78,822,4032,4152,120,True
82,820,4032,4152,120,True
86,818,4032,4152,120,True
87,780,4032,4152,120,True
89,805,4032,4152,120,True
96,776,4032,4152,120,True
97,808,4032,4152,120,True
0,831,4033,4161,128,True
2,815,4033,4161,128,True
5,786,4033,4161,128,True
16,845,4033,4161,128,True
18,809,4033,4161,128,True
30,787,4033,4161,128,True
38,795,4033,4161,128,True
40,879,4033,4161,128,True
47,776,4033,4083,50,True
56,799,4033,4152,119,True
59,822,4033,4152,119,True
61,791,4033,4120,87,True
63,834,4033,4152,119,True
66,766,4033,4152,119,True
68,835,4033,4152,119,True
73,797,4033,4152,119,True
74,814,4033,4152,119,True
85,813,4033,4152,119,True
92,863,4033,4152,119,True
93,789,4033,4152,119,True
97,809,4033,4152,119,True
98,799,4033,4120,87,True
99,801,4033,4152,119,True
12,819,4034,4161,127,True
14,799,4034,4083,49,True
28,830,4034,4161,127,True
32,811,4034,4161,127,True
35,804,4034,4161,127,True
41,818,4034,4161,127,True
49,827,4034,4161,127,True
51,780,4034,4152,118,True
55,766,4034,4152,118,True
56,800,4034,4152,118,True
60,764,4034,4152,118,True
61,792,4034,4120,86,True
70,826,4034,4120,86,True
84,829,4034,4152,118,True
95,808,4034,4120,86,True
1,820,4035,4161,126,True
3,843,4035,4161,126,True
5,787,4035,4161,126,True
11,798,4035,4161,126,True
24,759,4035,4161,126,True
28,831,4035,4161,126,True
29,777,4035,4161,126,True
30,788,4035,4161,126,True
31,819,4035,4161,126,True
38,796,4035,4161,126,True
49,828,4035,4161,126,True
53,787,4035,4152,117,True
54,874,4035,4152,117,True
55,767,4035,4152,117,True
57,788,4035,4083,48,True
59,823,4035,4152,117,True
60,765,4035,4191,156,True
66,767,4035,4152,117,True
71,793,4035,4152,117,True
75,832,4035,4152,117,True
82,821,4035,4152,117,True
90,811,4035,4152,117,True
92,864,4035,4152,117,True
95,809,4035,4120,85,True
99,802,4035,4152,117,True
12,820,4036,4161,125,True
16,846,4036,4161,125,True
19,761,4036,4161,125,True
27,802,4036,4161,125,True
29,778,4036,4161,125,True
35,805,4036,4161,125,True
46,822,4036,4161,125,True
59,824,4036,4152,116,True
66,768,4036,4152,116,True
70,827,4036,4120,84,True
83,785,4036,4152,116,True
90,812,4036,4152,116,True
2,816,4037,4161,124,True
7,771,4037,4161,124,True
10,835,4037,4161,124,True
14,800,4037,4083,46,True
16,847,4037,4161,124,True
20,772,4037,4161,124,True
42,843,4037,4161,124,True
44,831,4037,4161,124,True
49,829,4037,4161,124,True
50,764,4037,4152,115,True
53,788,4037,4152,115,True
57,789,4037,4152,115,True
58,803,4037,4152,115,True
63,835,4037,4152,115,True
64,849,4037,4120,83,True
77,816,4037,4152,115,True
78,823,4037,4152,115,True
82,822,4037,4152,115,True
93,790,4037,4191,154,True
94,813,4037,4152,115,True
98,800,4037,4120,83,True
11,799,4038,4161,123,True
20,773,4038,4161,123,True
25,803,4038,4161,123,True
31,820,4038,4161,123,True
32,812,4038,4161,123,True
34,798,4038,4161,123,True
50,765,4038,4152,114,True
57,790,4038,4152,114,True
60,766,4038,4191,153,True
62,784,4038,4152,114,True
64,850,4038,4120,82,True
71,794,4038,4152,114,True
74,815,4038,4152,114,True
79,753,4038,4120,82,True
80,839,4038,4120,82,True
83,786,4038,4152,114,True
84,830,4038,4152,114,True
88,830,4038,4191,153,True
90,813,4038,4152,114,True
93,791,4038,4191,153,True
99,803,4038,4152,114,True
21,794,4039,4161,122,True
23,810,4039,4161,122,True
25,804,4039,4161,122,True
28,832,4039,4161,122,True
30,789,4039,4161,122,True
35,806,4039,4161,122,True
41,819,4039,4161,122,True
44,832,4039,4161,122,True
46,823,4039,4161,122,True
49,830,4039,4161,122,True
53,789,4039,4152,113,True
54,875,4039,4152,113,True
72,798,4039,4152,113,True
86,819,4039,4152,113,True
94,814,4039,4152,113,True
2,817,4040,4161,121,True
11,800,4040,4161,121,True
12,821,4040,4161,121,True
17,762,4040,4161,121,True
19,762,4040,4161,121,True
22,834,4040,4161,121,True
27,803,4040,4161,121,True
29,779,4040,4161,121,True
36,834,4040,4161,121,True
37,812,4040,4161,121,True
43,766,4040,4161,121,True
45,770,4040,4161,121,True
54,876,4040,4152,112,True
55,768,4040,4152,112,True
68,836,4040,4152,112,True
72,799,4040,4152,112,True
73,798,4040,4152,112,True
78,824,4040,4152,112,True
83,787,4040,4152,112,True
0,832,4041,4161,120,True
2,818,4041,4161,120,True
8,794,4041,4161,120,True
11,801,4041,4161,120,True
14,801,4041,4161,120,True
27,804,4041,4161,120,True
29,780,4041,4161,120,True
35,807,4041,4161,120,True
36,835,4041,4161,120,True
39,758,4041,4161,120,True
42,844,4041,4161,120,True
43,767,4041,4161,120,True
48,823,4041,4161,120,True
51,781,4041,4152,111,True
55,769,4041,4152,111,True
75,833,4041,4152,111,True
89,806,4041,4152,111,True
1,821,4042,4161,119,True
5,788,4042,4161,119,True
13,796,4042,4161,119,True
22,835,4042,4161,119,True
26,795,4042,4161,119,True
35,808,4042,4161,119,True
38,797,4042,4161,119,True
42,845,4042,4161,119,True
46,824,4042,4161,119,True
47,777,4042,4161,119,True
48,824,4042,4161,119,True
49,831,4042,4161,119,True
53,790,4042,4152,110,True
61,793,4042,4120,78,True
67,763,4042,4152,110,True
73,799,4042,4152,110,True
74,816,4042,4152,110,True
77,817,4042,4152,110,True
84,831,4042,4152,110,True
88,831,4042,4191,149,True
91,805,4042,4152,110,True
95,810,4042,4152,110,True
6,814,4043,4161,118,True
14,802,4043,4161,118,True
19,763,4043,4161,118,True
21,795,4043,4161,118,True
25,805,4043,4161,118,True
31,821,4043,4161,118,True
32,813,4043,4161,118,True
34,799,4043,4161,118,True
38,798,4043,4161,118,True
40,880,4043,4161,118,True
42,846,4043,4161,118,True
48,825,4043,4161,118,True
49,832,4043,4161,118,True
52,797,4043,,,False
53,791,4043,4152,109,True
54,877,4043,4152,109,True
61,794,4043,4120,77,True
74,817,4043,4152,109,True
75,834,4043,4152,109,True
76,812,4043,4191,148,True
79,754,4043,4152,109,True
80,840,4043,4152,109,True
93,792,4043,4191,148,True
1,822,4044,4161,117,True
11,802,4044,4161,117,True
12,822,4044,4161,117,True
13,797,4044,4161,117,True
22,836,4044,4161,117,True
23,811,4044,4161,117,True
27,805,4044,4161,117,True
28,833,4044,4161,117,True
36,836,4044,4161,117,True
49,833,4044,4161,117,True
52,798,4044,,,False
57,791,4044,4152,108,True
58,804,4044,4152,108,True
59,825,4044,4191,147,True
73,800,4044,4152,108,True
81,764,4044,4152,108,True
89,807,4044,4191,147,True
99,804,4044,4152,108,True
22,837,4045,4161,116,True
24,760,4045,4161,116,True
37,813,4045,4161,116,True
47,778,4045,4161,116,True
48,826,4045,4161,116,True
51,782,4045,4152,107,True
53,792,4045,4152,107,True
58,805,4045,4152,107,True
61,795,4045,4120,75,True
62,785,4045,4152,107,True
67,764,4045,4152,107,True
72,800,4045,4152,107,True
75,835,4045,4152,107,True
76,813,4045,4191,146,True
79,755,4045,4152,107,True
84,832,4045,4152,107,True
85,814,4045,4152,107,True
87,781,4045,4152,107,True
92,865,4045,4152,107,True
94,815,4045,4152,107,True
97,810,4045,4152,107,True
0,833,4046,4161,115,True
2,819,4046,4161,115,True
5,789,4046,4161,115,True
7,772,4046,4161,115,True
8,795,4046,4161,115,True
13,798,4046,4161,115,True
16,848,4046,4161,115,True
25,806,4046,4161,115,True
30,790,4046,4161,115,True
34,800,4046,4161,115,True
36,837,4046,4161,115,True
37,814,4046,4161,115,True
46,825,4046,4161,115,True
52,799,4046,,,False
62,786,4046,4152,106,True
65,785,4046,4152,106,True
68,837,4046,4152,106,True
76,814,4046,4191,145,True
81,765,4046,4152,106,True
86,820,4046,4152,106,True
97,811,4046,4152,106,True
99,805,4046,4152,106,True
2,820,4047,4161,114,True
4,821,4047,4161,114,True
12,823,4047,4161,114,True
20,774,4047,4161,114,True
24,761,4047,4161,114,True
28,834,4047,4161,114,True
31,822,4047,4161,114,True
50,766,4047,4152,105,True
55,770,4047,4152,105,True
61,796,4047,4120,73,True
63,836,4047,4152,105,True
69,824,4047,4152,105,True
74,818,4047,4191,144,True
78,825,4047,4191,144,True
82,823,4047,4152,105,True
83,788,4047,4152,105,True
86,821,4047,4152,105,True
88,832,4047,4191,144,True
8,796,4048,4161,113,True
14,803,4048,4161,113,True
28,835,4048,4161,113,True
33,813,4048,4161,113,True
46,826,4048,4161,113,True
50,767,4048,4152,104,True
63,837,4048,4152,104,True
64,851,4048,4152,104,True
67,765,4048,4152,104,True
70,828,4048,4120,72,True
74,819,4048,4191,143,True
87,782,4048,4152,104,True
88,833,4048,4191,143,True
93,793,4048,4191,143,True
94,816,4048,4152,104,True
9,835,4049,4161,112,True
23,812,4049,4161,112,True
24,762,4049,4161,112,True
27,806,4049,4161,112,True
28,836,4049,4161,112,True
30,791,4049,4161,112,True
31,823,4049,4161,112,True
42,847,4049,4161,112,True
44,833,4049,4161,112,True
47,779,4049,4161,112,True
50,768,4049,4152,103,True
51,783,4049,4152,103,True
53,793,4049,4152,103,True
55,771,4049,4152,103,True
56,801,4049,4152,103,True
62,787,4049,4152,103,True
64,852,4049,4152,103,True
67,766,4049,4152,103,True
72,801,4049,4152,103,True
73,801,4049,4191,142,True
79,756,4049,4152,103,True
81,766,4049,4152,103,True
82,824,4049,4152,103,True
85,815,4049,4152,103,True
88,834,4049,4191,142,True
98,801,4049,4152,103,True
11,803,4050,4161,111,True
25,807,4050,4161,111,True
29,781,4050,4161,111,True
38,799,4050,4161,111,True
53,794,4050,4152,102,True
54,878,4050,4152,102,True
60,767,4050,4191,141,True
62,788,4050,4152,102,True
69,825,4050,4152,102,True
73,802,4050,4191,141,True
75,836,4050,4152,102,True
78,826,4050,4191,141,True
87,783,4050,4152,102,True
3,844,4051,4161,110,True
6,815,4051,4161,110,True
10,836,4051,4185,134,True
19,764,4051,4161,110,True
25,808,4051,4161,110,True
29,782,4051,4161,110,True
37,815,4051,4161,110,True
49,834,4051,4161,110,True
50,769,4051,4152,101,True
56,802,4051,4152,101,True
58,806,4051,4152,101,True
59,826,4051,4191,140,True
61,797,4051,4120,69,True
63,838,4051,4152,101,True
64,853,4051,4152,101,True
68,838,4051,4152,101,True
72,802,4051,4152,101,True
79,757,4051,4152,101,True
84,833,4051,4152,101,True
85,816,4051,4152,101,True
86,822,4051,4152,101,True
91,806,4051,4152,101,True
94,817,4051,4152,101,True
1,823,4052,4161,109,True
3,845,4052,4161,109,True
6,816,4052,4161,109,True
11,804,4052,4161,109,True
17,763,4052,4161,109,True
19,765,4052,4161,109,True
23,813,4052,4161,109,True
24,763,4052,4161,109,True
25,809,4052,4161,109,True
27,807,4052,4161,109,True
30,792,4052,4161,109,True
32,814,4052,4161,109,True
37,816,4052,4161,109,True
40,881,4052,4161,109,True
46,827,4052,4161,109,True
47,780,4052,4161,109,True
61,798,4052,4120,68,True
69,826,4052,4152,100,True
71,795,4052,4191,139,True
79,758,4052,4152,100,True
80,841,4052,4191,139,True
83,789,4052,4152,100,True
84,834,4052,4152,100,True
85,817,4052,4152,100,True
87,784,4052,4152,100,True
92,866,4052,4191,139,True
94,818,4052,4152,100,True
95,811,4052,4152,100,True
4,822,4053,4161,108,True
19,766,4053,4161,108,True
20,775,4053,4161,108,True
41,820,4053,4161,108,True
42,848,4053,4161,108,True
54,879,4053,4152,99,True
62,789,4053,4152,99,True
66,769,4053,4152,99,True
71,796,4053,4191,138,True
73,803,4053,4191,138,True
75,837,4053,4152,99,True
79,759,4053,4152,99,True
82,825,4053,4152,99,True
83,790,4053,4152,99,True
91,807,4053,4152,99,True
92,867,4053,4191,138,True
1,824,4054,4161,107,True
4,823,4054,4161,107,True
10,837,4054,4185,131,True
14,804,4054,4161,107,True
18,810,4054,4161,107,True
24,764,4054,4161,107,True
25,810,4054,4161,107,True
34,801,4054,4161,107,True
36,838,4054,4161,107,True
38,800,4054,4161,107,True
43,768,4054,4161,107,True
50,770,4054,4152,98,True
51,784,4054,4152,98,True
58,807,4054,4152,98,True
60,768,4054,4191,137,True
64,854,4054,4152,98,True
68,839,4054,4152,98,True
70,829,4054,4152,98,True
73,804,4054,4191,137,True
88,835,4054,4191,137,True
97,812,4054,4152,98,True
99,806,4054,4152,98,True
3,846,4055,4161,106,True
7,773,4055,4161,106,True
8,797,4055,4161,106,True
25,811,4055,4161,106,True
26,796,4055,4161,106,True
30,793,4055,4161,106,True
33,814,4055,4161,106,True
36,839,4055,4161,106,True
50,771,4055,4152,97,True
57,792,4055,4152,97,True
59,827,4055,4191,136,True
66,770,4055,4152,97,True
67,767,4055,4152,97,True
68,840,4055,4152,97,True
75,838,4055,4152,97,True
81,767,4055,4152,97,True
82,826,4055,4152,97,True
83,791,4055,4191,136,True
84,835,4055,4152,97,True
88,836,4055,4191,136,True
94,819,4055,4152,97,True
22,838,4056,4185,129,True
36,840,4056,4161,105,True
39,759,4056,4161,105,True
40,882,4056,4161,105,True
43,769,4056,4161,105,True
45,771,4056,4161,105,True
54,880,4056,4152,96,True
64,855,4056,4152,96,True
66,771,4056,4152,96,True
67,768,4056,4152,96,True
72,803,4056,4152,96,True
74,820,4056,4191,135,True
75,839,4056,4152,96,True
78,827,4056,4191,135,True
97,813,4056,4152,96,True
6,817,4057,4161,104,True
13,799,4057,4161,104,True
15,800,4057,4161,104,True
20,776,4057,4161,104,True
25,812,4057,4161,104,True
30,794,4057,4161,104,True
36,841,4057,4161,104,True
40,883,4057,4161,104,True
47,781,4057,4161,104,True
50,772,4057,4152,95,True
52,800,4057,,,False
53,795,4057,4152,95,True
55,772,4057,4152,95,True
56,803,4057,4152,95,True
68,841,4057,4152,95,True
72,804,4057,4152,95,True
81,768,4057,4152,95,True
82,827,4057,4152,95,True
87,785,4057,4152,95,True
88,837,4057,4191,134,True
90,814,4057,4191,134,True
91,808,4057,4152,95,True
93,794,4057,4191,134,True
97,814,4057,4152,95,True
0,834,4058,4161,103,True
4,824,4058,4161,103,True
10,838,4058,4185,127,True
12,824,4058,4161,103,True
13,800,4058,4161,103,True
17,764,4058,4161,103,True
22,839,4058,4185,127,True
24,765,4058,4162,104,True
28,837,4058,4161,103,True
36,842,4058,4161,103,True
44,834,4058,4161,103,True
60,769,4058,4191,133,True
68,842,4058,4152,94,True
75,840,4058,4152,94,True
80,842,4058,4191,133,True
87,786,4058,4152,94,True
89,808,4058,4191,133,True
90,815,4058,4191,133,True
92,868,4058,4191,133,True
5,790,4059,4161,102,True
9,836,4059,4161,102,True
15,801,4059,4161,102,True
22,840,4059,4185,126,True
35,809,4059,4161,102,True
36,843,4059,4161,102,True
43,770,4059,4161,102,True
48,827,4059,4161,102,True
71,797,4059,4191,132,True
74,821,4059,4191,132,True
78,828,4059,4191,132,True
90,816,4059,4191,132,True
94,820,4059,4152,93,True
17,765,4060,4161,101,True
19,767,4060,4161,101,True
38,801,4060,4161,101,True
39,760,4060,4161,101,True
42,849,4060,4161,101,True
46,828,4060,4161,101,True
48,828,4060,4161,101,True
49,835,4060,4161,101,True
51,785,4060,4152,92,True
52,801,4060,,,False
55,773,4060,4152,92,True
66,772,4060,4152,92,True
73,805,4060,4191,131,True
86,823,4060,4152,92,True
87,787,4060,4152,92,True
90,817,4060,4191,131,True
91,809,4060,4152,92,True
92,869,4060,4191,131,True
94,821,4060,4152,92,True
97,815,4060,4152,92,True
6,818,4061,4161,100,True
7,774,4061,4161,100,True
11,805,4061,4162,101,True
25,813,4061,4161,100,True
29,783,4061,4161,100,True
32,815,4061,4162,101,True
36,844,4061,4161,100,True
39,761,4061,4161,100,True
41,821,4061,4161,100,True
45,772,4061,4161,100,True
47,782,4061,4161,100,True
48,829,4061,4161,100,True
50,773,4061,4152,91,True
55,774,4061,4191,130,True
58,808,4061,4152,91,True
60,770,4061,4191,130,True
69,827,4061,4191,130,True
81,769,4061,4152,91,True
89,809,4061,4191,130,True
90,818,4061,4191,130,True
94,822,4061,4152,91,True
98,802,4061,4152,91,True
2,821,4062,4161,99,True
4,825,4062,4161,99,True
5,791,4062,4161,99,True
9,837,4062,4161,99,True
20,777,4062,4161,99,True
28,838,4062,4161,99,True
41,822,4062,4161,99,True
46,829,4062,4161,99,True
52,802,4062,,,False
58,809,4062,4152,90,True
62,790,4062,4152,90,True
67,769,4062,4152,90,True
71,798,4062,4191,129,True
75,841,4062,4152,90,True
78,829,4062,4191,129,True
79,760,4062,4152,90,True
81,770,4062,4152,90,True
84,836,4062,4191,129,True
7,775,4063,4161,98,True
11,806,4063,4162,99,True
16,849,4063,4161,98,True
19,768,4063,4161,98,True
31,824,4063,4161,98,True
34,802,4063,4161,98,True
51,786,4063,4152,89,True
60,771,4063,4191,128,True
63,839,4063,4191,128,True
66,773,4063,4152,89,True
74,822,4063,4191,128,True
81,771,4063,4191,128,True
93,795,4063,4191,128,True
95,812,4063,4152,89,True
98,803,4063,4152,89,True
1,825,4064,4161,97,True
3,847,4064,4161,97,True
17,766,4064,4161,97,True
18,811,4064,4161,97,True
26,797,4064,4161,97,True
27,808,4064,4161,97,True
28,839,4064,4161,97,True
34,803,4064,4161,97,True
35,810,4064,4161,97,True
52,803,4064,,,False
64,856,4064,4152,88,True
68,843,4064,4152,88,True
71,799,4064,4191,127,True
76,815,4064,4191,127,True
80,843,4064,4191,127,True
81,772,4064,4191,127,True
87,788,4064,4152,88,True
88,838,4064,4191,127,True
93,796,4064,4191,127,True
97,816,4064,4152,88,True
99,807,4064,4191,127,True
5,792,4065,4161,96,True
11,807,4065,4162,97,True
16,850,4065,4161,96,True
22,841,4065,4185,120,True
25,814,4065,4161,96,True
47,783,4065,4161,96,True
50,774,4065,4152,87,True
51,787,4065,4152,87,True
56,804,4065,4191,126,True
72,805,4065,4152,87,True
73,806,4065,4191,126,True
79,761,4065,4152,87,True
82,828,4065,4152,87,True
84,837,4065,4191,126,True
88,839,4065,4191,126,True
89,810,4065,4191,126,True
90,819,4065,4191,126,True
91,810,4065,4152,87,True
95,813,4065,4152,87,True
99,808,4065,4191,126,True
0,835,4066,4162,96,True
1,826,4066,4161,95,True
2,822,4066,4185,119,True
4,826,4066,4161,95,True
13,801,4066,4161,95,True
14,805,4066,4162,96,True
29,784,4066,4162,96,True
30,795,4066,4161,95,True
31,825,4066,4161,95,True
37,817,4066,4161,95,True
38,802,4066,4161,95,True
43,771,4066,4161,95,True
44,835,4066,4162,96,True
49,836,4066,4161,95,True
51,788,4066,4152,86,True
52,804,4066,,,False
56,805,4066,4191,125,True
57,793,4066,4152,86,True
65,786,4066,4152,86,True
72,806,4066,4152,86,True
76,816,4066,4191,125,True
82,829,4066,4152,86,True
83,792,4066,4191,125,True
86,824,4066,4161,95,True
97,817,4066,4152,86,True
1,827,4067,4161,94,True
9,838,4067,4161,94,True
13,802,4067,4161,94,True
14,806,4067,4162,95,True
16,851,4067,4161,94,True
35,811,4067,4161,94,True
37,818,4067,4161,94,True
45,773,4067,4161,94,True
47,784,4067,4161,94,True
48,830,4067,4161,94,True
49,837,4067,4161,94,True
68,844,4067,4152,85,True
72,807,4067,4152,85,True
73,807,4067,4191,124,True
80,844,4067,4191,124,True
82,830,4067,4152,85,True
83,793,4067,4191,124,True
87,789,4067,4152,85,True
90,820,4067,4191,124,True
92,870,4067,4191,124,True
95,814,4067,4152,85,True
96,777,4067,4191,124,True
6,819,4068,4161,93,True
7,776,4068,4185,117,True
8,798,4068,4162,94,True
17,767,4068,4161,93,True
18,812,4068,4161,93,True
19,769,4068,4185,117,True
21,796,4068,4161,93,True
24,766,4068,4162,94,True
36,845,4068,4162,94,True
51,789,4068,4152,84,True
52,805,4068,,,False
53,796,4068,4191,123,True
60,772,4068,4191,123,True
61,799,4068,4161,93,True
70,830,4068,4152,84,True
73,808,4068,4191,123,True
76,817,4068,4191,123,True
79,762,4068,4152,84,True
83,794,4068,4191,123,True
86,825,4068,4161,93,True
0,836,4069,4162,93,True
12,825,4069,4162,93,True
18,813,4069,4161,92,True
22,842,4069,4185,116,True
23,814,4069,4161,92,True
29,785,4069,4162,93,True
33,815,4069,4161,92,True
49,838,4069,4161,92,True
50,775,4069,4191,122,True
63,840,4069,4191,122,True
65,787,4069,4191,122,True
69,828,4069,4191,122,True
71,800,4069,4191,122,True
73,809,4069,4191,122,True
76,818,4069,4191,122,True
79,763,4069,4152,83,True
81,773,4069,4191,122,True
86,826,4069,4161,92,True
90,821,4069,4191,122,True
94,823,4069,4191,122,True
96,778,4069,4191,122,True
9,839,4070,4161,91,True
13,803,4070,4161,91,True
22,843,4070,4185,115,True
24,767,4070,4162,92,True
27,809,4070,4161,91,True
28,840,4070,4161,91,True
33,816,4070,4162,92,True
34,804,4070,4161,91,True
48,831,4070,4161,91,True
55,775,4070,4191,121,True
59,828,4070,4191,121,True
64,857,4070,4161,91,True
68,845,4070,4152,82,True
77,818,4070,4191,121,True
80,845,4070,4191,121,True
83,795,4070,4191,121,True
84,838,4070,4191,121,True
92,871,4070,4191,121,True
97,818,4070,4191,121,True
4,827,4071,4162,91,True
8,799,4071,4162,91,True
9,840,4071,4161,90,True
16,852,4071,4161,90,True
18,814,4071,4161,90,True
21,797,4071,4161,90,True
24,768,4071,4162,91,True
25,815,4071,4161,90,True
28,841,4071,4161,90,True
34,805,4071,4161,90,True
37,819,4071,4161,90,True
47,785,4071,4161,90,True
53,797,4071,4191,120,True
59,829,4071,4191,120,True
61,800,4071,4161,90,True
64,858,4071,4161,90,True
74,823,4071,4191,120,True
85,818,4071,4152,81,True
90,822,4071,4191,120,True
92,872,4071,4191,120,True
98,804,4071,4152,81,True
4,828,4072,4162,90,True
21,798,4072,4162,90,True
32,816,4072,4162,90,True
34,806,4072,4161,89,True
55,776,4072,4191,119,True
74,824,4072,4191,119,True
81,774,4072,4191,119,True
86,827,4072,4161,89,True
88,840,4072,4191,119,True
91,811,4072,4191,119,True
92,873,4072,4191,119,True
96,779,4072,4191,119,True
99,809,4072,4191,119,True
4,829,4073,4162,89,True
5,793,4073,4185,112,True
21,799,4073,4162,89,True
34,807,4073,4161,88,True
36,846,4073,4162,89,True
37,820,4073,4204,131,True
39,762,4073,4185,112,True
40,884,4073,4185,112,True
43,772,4073,4161,88,True
45,774,4073,4161,88,True
50,776,4073,4191,118,True
59,830,4073,4191,118,True
68,846,4073,4191,118,True
74,825,4073,4191,118,True
78,830,4073,4191,118,True
89,811,4073,4191,118,True
90,823,4073,4191,118,True
3,848,4074,4162,88,True
9,841,4074,4185,111,True
12,826,4074,4162,88,True
14,807,4074,4162,88,True
23,815,4074,4161,87,True
31,826,4074,4161,87,True
36,847,4074,4162,88,True
37,821,4074,4204,130,True
44,836,4074,4162,88,True
48,832,4074,4185,111,True
50,777,4074,4191,117,True
58,810,4074,4191,117,True
59,831,4074,4191,117,True
71,801,4074,4191,117,True
72,808,4074,4152,78,True
84,839,4074,4191,117,True
87,790,4074,4152,78,True
88,841,4074,4191,117,True
91,812,4074,4191,117,True
14,808,4075,4162,87,True
18,815,4075,4161,86,True
25,816,4075,4161,86,True
28,842,4075,4161,86,True
39,763,4075,4185,110,True
43,773,4075,4161,86,True
44,837,4075,4162,87,True
46,830,4075,4161,86,True
50,778,4075,4191,116,True
54,881,4075,4191,116,True
56,806,4075,4191,116,True
63,841,4075,4191,116,True
67,770,4075,4191,116,True
69,829,4075,4191,116,True
73,810,4075,4191,116,True
77,819,4075,4191,116,True
84,840,4075,4191,116,True
93,797,4075,4191,116,True
2,823,4076,4185,109,True
5,794,4076,4185,109,True
11,808,4076,4162,86,True
16,853,4076,4161,85,True
21,800,4076,4204,128,True
27,810,4076,4161,85,True
28,843,4076,4161,85,True
32,817,4076,4162,86,True
35,812,4076,4161,85,True
43,774,4076,4161,85,True
45,775,4076,4161,85,True
48,833,4076,4185,109,True
50,779,4076,4191,115,True
52,806,4076,,,False
53,798,4076,4191,115,True
54,882,4076,4191,115,True
59,832,4076,4191,115,True
72,809,4076,4152,76,True
84,841,4076,4191,115,True
89,812,4076,4191,115,True
2,824,4077,4185,108,True
4,830,4077,4162,85,True
6,820,4077,4161,84,True
15,802,4077,4161,84,True
16,854,4077,4161,84,True
23,816,4077,4162,85,True
42,850,4077,4161,84,True
43,775,4077,4161,84,True
55,777,4077,4191,114,True
59,833,4077,4191,114,True
61,801,4077,4161,84,True
68,847,4077,4191,114,True
70,831,4077,4161,84,True
72,810,4077,4152,75,True
78,831,4077,4191,114,True
79,764,4077,4152,75,True
86,828,4077,4161,84,True
87,791,4077,4191,114,True
89,813,4077,4191,114,True
94,824,4077,4191,114,True
7,777,4078,4185,107,True
9,842,4078,4185,107,True
14,809,4078,4162,84,True
21,801,4078,4204,126,True
22,844,4078,4185,107,True
24,769,4078,4162,84,True
28,844,4078,4185,107,True
29,786,4078,4162,84,True
31,827,4078,4161,83,True
35,813,4078,4161,83,True
37,822,4078,4204,126,True
42,851,4078,4161,83,True
58,811,4078,4191,113,True
64,859,4078,4161,83,True
65,788,4078,4191,113,True
76,819,4078,4191,113,True
79,765,4078,4152,74,True
83,796,4078,4191,113,True
89,814,4078,4191,113,True
94,825,4078,4191,113,True
97,819,4078,4191,113,True
98,805,4078,4152,74,True
13,804,4079,4161,82,True
17,768,4079,4185,106,True
24,770,4079,4162,83,True
27,811,4079,4185,106,True
33,817,4079,4162,83,True
40,885,4079,4185,106,True
52,807,4079,,,False
53,799,4079,4191,112,True
58,812,4079,4191,112,True
64,860,4079,4161,82,True
83,797,4079,4191,112,True
86,829,4079,4161,82,True
88,842,4079,4191,112,True
91,813,4079,4191,112,True
95,815,4079,4191,112,True
98,806,4079,4152,73,True
99,810,4079,4191,112,True
4,831,4080,4162,82,True
6,821,4080,4161,81,True
12,827,4080,4162,82,True
16,855,4080,4204,124,True
18,816,4080,4161,81,True
31,828,4080,4161,81,True
50,780,4080,4191,111,True
60,773,4080,4191,111,True
61,802,4080,4161,81,True
65,789,4080,4191,111,True
73,811,4080,4191,111,True
78,832,4080,4191,111,True
82,831,4080,4191,111,True
94,826,4080,4191,111,True
2,825,4081,4185,104,True
3,849,4081,4204,123,True
4,832,4081,4162,81,True
6,822,4081,4161,80,True
25,817,4081,4161,80,True
29,787,4081,4162,81,True
30,796,4081,4185,104,True
32,818,4081,4162,81,True
33,818,4081,4162,81,True
40,886,4081,4185,104,True
52,808,4081,,,False
59,834,4081,4191,110,True
61,803,4081,4161,80,True
63,842,4081,4191,110,True
73,812,4081,4191,110,True
75,842,4081,4191,110,True
84,842,4081,4191,110,True
87,792,4081,4191,110,True
88,843,4081,4191,110,True
90,824,4081,4191,110,True
92,874,4081,4191,110,True
7,778,4082,4185,103,True
11,809,4082,4162,80,True
14,810,4082,4162,80,True
19,770,4082,4185,103,True
33,819,4082,4162,80,True
34,808,4082,4161,79,True
35,814,4082,4161,79,True
37,823,4082,4204,122,True
39,764,4082,4185,103,True
57,794,4082,4161,79,True
58,813,4082,4191,109,True
61,804,4082,4161,79,True
68,848,4082,4191,109,True
69,830,4082,4191,109,True
74,826,4082,4191,109,True
79,766,4082,4152,70,True
81,775,4082,4191,109,True
86,830,4082,4161,79,True
0,837,4083,4162,79,True
1,828,4083,4204,121,True
4,833,4083,4185,102,True
9,843,4083,4185,102,True
18,817,4083,4161,78,True
19,771,4083,4185,102,True
20,778,4083,4191,108,True
22,845,4083,4185,102,True
23,817,4083,4162,79,True
29,788,4083,4162,79,True
34,809,4083,4161,78,True
38,803,4083,4185,102,True
41,823,4083,4162,79,True
42,852,4083,4161,78,True
61,805,4083,4161,78,True
63,843,4083,4191,108,True
70,832,4083,4191,108,True
72,811,4083,4161,78,True
75,843,4083,4191,108,True
77,820,4083,4191,108,True
91,814,4083,4191,108,True
98,807,4083,4152,69,True
1,829,4084,4204,120,True
5,795,4084,4185,101,True
10,839,4084,4185,101,True
13,805,4084,4161,77,True
15,803,4084,4161,77,True
39,765,4084,4185,101,True
42,853,4084,4162,78,True
45,776,4084,4161,77,True
54,883,4084,4191,107,True
58,814,4084,4191,107,True
62,791,4084,4191,107,True
63,844,4084,4191,107,True
64,861,4084,4161,77,True
72,812,4084,4161,77,True
73,813,4084,4191,107,True
79,767,4084,4152,68,True
81,776,4084,4191,107,True
83,798,4084,4191,107,True
84,843,4084,4191,107,True
86,831,4084,4161,77,True
93,798,4084,4191,107,True
5,796,4085,4185,100,True
8,800,4085,4162,77,True
10,840,4085,4185,100,True
17,769,4085,4185,100,True
22,846,4085,4185,100,True
26,798,4085,4162,77,True
28,845,4085,4185,100,True
29,789,4085,4162,77,True
30,797,4085,4185,100,True
31,829,4085,4161,76,True
36,848,4085,4162,77,True
41,824,4085,4162,77,True
47,786,4085,4162,77,True
62,792,4085,4191,106,True
65,790,4085,4191,106,True
69,831,4085,4191,106,True
70,833,4085,4191,106,True
77,821,4085,4191,106,True
86,832,4085,4161,76,True
94,827,4085,4191,106,True
99,811,4085,4191,106,True
3,850,4086,4204,118,True
8,801,4086,4162,76,True
10,841,4086,4185,99,True
11,810,4086,4162,76,True
14,811,4086,4162,76,True
25,818,4086,4185,99,True
28,846,4086,4185,99,True
30,798,4086,4185,99,True
31,830,4086,4161,75,True
34,810,4086,4161,75,True
39,766,4086,4185,99,True
40,887,4086,4185,99,True
42,854,4086,4162,76,True
43,776,4086,4161,75,True
54,884,4086,4191,105,True
56,807,4086,4191,105,True
58,815,4086,4191,105,True
62,793,4086,4191,105,True
63,845,4086,4191,105,True
66,774,4086,4191,105,True
73,814,4086,4191,105,True
78,833,4086,4191,105,True
85,819,4086,4191,105,True
90,825,4086,4191,105,True
93,799,4086,4191,105,True
94,828,4086,4191,105,True
95,816,4086,4191,105,True
96,780,4086,4191,105,True
1,830,4087,4204,117,True
6,823,4087,4185,98,True
11,811,4087,4162,75,True
19,772,4087,4185,98,True
24,771,4087,4162,75,True
27,812,4087,4185,98,True
30,799,4087,4185,98,True
32,819,4087,4162,75,True
33,820,4087,4162,75,True
34,811,4087,4161,74,True
38,804,4087,4185,98,True
41,825,4087,4162,75,True
54,885,4087,4191,104,True
62,794,4087,4191,104,True
65,791,4087,4191,104,True
66,775,4087,4191,104,True
69,832,4087,4191,104,True
98,808,4087,4191,104,True
5,797,4088,4185,97,True
9,844,4088,4185,97,True
11,812,4088,4162,74,True
16,856,4088,4204,116,True
18,818,4088,4185,97,True
24,772,4088,4162,74,True
31,831,4088,4161,73,True
41,826,4088,4162,74,True
42,855,4088,4162,74,True
49,839,4088,4162,74,True
52,809,4088,,,False
54,886,4088,4191,103,True
59,835,4088,4191,103,True
62,795,4088,4191,103,True
67,771,4088,4191,103,True
69,833,4088,4191,103,True
73,815,4088,4191,103,True
79,768,4088,4191,103,True
81,777,4088,4191,103,True
83,799,4088,4191,103,True
86,833,4088,4191,103,True
89,815,4088,4191,103,True
91,815,4088,4191,103,True
96,781,4088,4191,103,True
97,820,4088,4191,103,True
2,826,4089,4185,96,True
6,824,4089,4185,96,True
12,828,4089,4162,73,True
16,857,4089,4204,115,True
19,773,4089,4185,96,True
27,813,4089,4185,96,True
35,815,4089,4161,72,True
54,887,4089,4191,102,True
56,808,4089,4191,102,True
58,816,4089,4191,102,True
64,862,4089,4191,102,True
65,792,4089,4191,102,True
68,849,4089,4191,102,True
80,846,4089,4191,102,True
82,832,4089,4191,102,True
85,820,4089,4191,102,True
86,834,4089,4191,102,True
92,875,4089,4191,102,True
93,800,4089,4191,102,True
98,809,4089,4191,102,True
2,827,4090,4185,95,True
13,806,4090,4161,71,True
14,812,4090,4162,72,True
18,819,4090,4185,95,True
21,802,4090,4204,114,True
24,773,4090,4162,72,True
34,812,4090,4161,71,True
40,888,4090,4185,95,True
48,834,4090,4185,95,True
52,810,4090,,,False
57,795,4090,4161,71,True
58,817,4090,4191,101,True
72,813,4090,4191,101,True
75,844,4090,4191,101,True
77,822,4090,4191,101,True
81,778,4090,4191,101,True
84,844,4090,4215,125,True
86,835,4090,4191,101,True
90,826,4090,4191,101,True
91,816,4090,4191,101,True
93,801,4090,4191,101,True
97,821,4090,4191,101,True
15,804,4091,4161,70,True
21,803,4091,4204,113,True
32,820,4091,4162,71,True
36,849,4091,4185,94,True
41,827,4091,4162,71,True
44,838,4091,4162,71,True
45,777,4091,4161,70,True
49,840,4091,4162,71,True
50,781,4091,4191,100,True
52,811,4091,,,False
53,800,4091,4191,100,True
59,836,4091,4191,100,True
62,796,4091,4191,100,True
64,863,4091,4191,100,True
71,802,4091,4191,100,True
80,847,4091,4191,100,True
87,793,4091,4191,100,True
94,829,4091,4191,100,True
96,782,4091,4191,100,True
16,858,4092,4204,112,True
27,814,4092,4185,93,True
32,821,4092,4162,70,True
49,841,4092,4162,70,True
53,801,4092,4191,99,True
57,796,4092,4161,69,True
65,793,4092,4191,99,True
72,814,4092,4191,99,True
73,816,4092,4191,99,True
79,769,4092,4191,99,True
81,779,4092,4191,99,True
89,816,4092,4191,99,True
90,827,4092,4191,99,True
91,817,4092,4191,99,True
98,810,4092,4191,99,True
99,812,4092,4191,99,True
0,838,4093,4162,69,True
2,828,4093,4185,92,True
3,851,4093,4204,111,True
12,829,4093,4162,69,True
13,807,4093,4162,69,True
17,770,4093,4185,92,True
18,820,4093,4185,92,True
27,815,4093,4185,92,True
38,805,4093,4185,92,True
45,778,4093,4161,68,True
48,835,4093,4185,92,True
53,802,4093,4191,98,True
65,794,4093,4191,98,True
68,850,4093,4191,98,True
72,815,4093,4191,98,True
76,820,4093,4191,98,True
77,823,4093,4191,98,True
78,834,4093,4191,98,True
80,848,4093,4191,98,True
81,780,4093,4191,98,True
85,821,4093,4191,98,True
87,794,4093,4191,98,True
93,802,4093,4191,98,True
96,783,4093,4191,98,True
97,822,4093,4191,98,True
98,811,4093,4191,98,True
99,813,4093,4191,98,True
8,802,4094,4162,68,True
13,808,4094,4162,68,True
36,850,4094,4185,91,True
37,824,4094,4204,110,True
38,806,4094,4185,91,True
41,828,4094,4204,110,True
45,779,4094,4161,67,True
46,831,4094,4185,91,True
59,837,4094,4191,97,True
60,774,4094,4191,97,True
66,776,4094,4191,97,True
76,821,4094,4191,97,True
82,833,4094,4191,97,True
83,800,4094,4191,97,True
85,822,4094,4191,97,True
89,817,4094,4191,97,True
90,828,4094,4191,97,True
91,818,4094,4191,97,True
94,830,4094,4191,97,True
5,798,4095,4185,90,True
9,845,4095,4185,90,True
10,842,4095,4185,90,True
14,813,4095,4162,67,True
18,821,4095,4185,90,True
44,839,4095,4162,67,True
60,775,4095,4191,96,True
63,846,4095,4191,96,True
64,864,4095,4191,96,True
76,822,4095,4191,96,True
77,824,4095,4191,96,True
78,835,4095,4191,96,True
79,770,4095,4191,96,True
82,834,4095,4191,96,True
83,801,4095,4191,96,True
85,823,4095,4191,96,True
86,836,4095,4191,96,True
94,831,4095,4191,96,True
97,823,4095,4191,96,True
99,814,4095,4191,96,True
1,831,4096,4204,108,True
4,834,4096,4185,89,True
9,846,4096,4185,89,True
11,813,4096,4162,66,True
16,859,4096,4204,108,True
24,774,4096,4162,66,True
28,847,4096,4185,89,True
36,851,4096,4185,89,True
42,856,4096,4204,108,True
44,840,4096,4162,66,True
46,832,4096,4185,89,True
48,836,4096,4185,89,True
52,812,4096,,,False
58,818,4096,4191,95,True
61,806,4096,4191,95,True
64,865,4096,4191,95,True
70,834,4096,4191,95,True
74,827,4096,4191,95,True
77,825,4096,4191,95,True
78,836,4096,4191,95,True
79,771,4096,4191,95,True
82,835,4096,4191,95,True
84,845,4096,4215,119,True
86,837,4096,4191,95,True
90,829,4096,4191,95,True
91,819,4096,4191,95,True
93,803,4096,4191,95,True
8,803,4097,4162,65,True
9,847,4097,4185,88,True
14,814,4097,4162,65,True
15,805,4097,4161,64,True
20,779,4097,4191,94,True
27,816,4097,4185,88,True
28,848,4097,4185,88,True
36,852,4097,4185,88,True
38,807,4097,4185,88,True
40,889,4097,4185,88,True
46,833,4097,4185,88,True
59,838,4097,4191,94,True
78,837,4097,4191,94,True
82,836,4097,4191,94,True
85,824,4097,4191,94,True
86,838,4097,4191,94,True
96,784,4097,4191,94,True
4,835,4098,4185,87,True
6,825,4098,4185,87,True
7,779,4098,4185,87,True
8,804,4098,4162,64,True
13,809,4098,4185,87,True
18,822,4098,4185,87,True
25,819,4098,4185,87,True
33,821,4098,4162,64,True
43,777,4098,4185,87,True
46,834,4098,4185,87,True
51,790,4098,4191,93,True
53,803,4098,4191,93,True
54,888,4098,4191,93,True
55,778,4098,4191,93,True
56,809,4098,4191,93,True
60,776,4098,4191,93,True
61,807,4098,4191,93,True
81,781,4098,4191,93,True
83,802,4098,4191,93,True
88,844,4098,4191,93,True
89,818,4098,4191,93,True
1,832,4099,4204,105,True
20,780,4099,4191,92,True
46,835,4099,4185,86,True
47,787,4099,4162,63,True
51,791,4099,4191,92,True
55,779,4099,4191,92,True
60,777,4099,4191,92,True
64,866,4099,4191,92,True
65,795,4099,4191,92,True
68,851,4099,4191,92,True
72,816,4099,4191,92,True
76,823,4099,4191,92,True
77,826,4099,4191,92,True
78,838,4099,4191,92,True
81,782,4099,4191,92,True
82,837,4099,4191,92,True
84,846,4099,4215,116,True
86,839,4099,4191,92,True
87,795,4099,4191,92,True
94,832,4099,4191,92,True
5,799,4100,4204,104,True
6,826,4100,4185,85,True
15,806,4100,4185,85,True
31,832,4100,4185,85,True
34,813,4100,4185,85,True
35,816,4100,4185,85,True
38,808,4100,4185,85,True
44,841,4100,4162,62,True
48,837,4100,4185,85,True
50,782,4100,4191,91,True
53,804,4100,4191,91,True
64,867,4100,4191,91,True
65,796,4100,4191,91,True
69,834,4100,4191,91,True
71,803,4100,4191,91,True
72,817,4100,4191,91,True
94,833,4100,4191,91,True
98,812,4100,4191,91,True
2,829,4101,4185,84,True
17,771,4101,4185,84,True
18,823,4101,4185,84,True
19,774,4101,4185,84,True
24,775,4101,4185,84,True
26,799,4101,4162,61,True
29,790,4101,4162,61,True
43,778,4101,4185,84,True
82,838,4101,4191,90,True
84,847,4101,4215,114,True
88,845,4101,4191,90,True
89,819,4101,4191,90,True
93,804,4101,4215,114,True
9,848,4102,4185,83,True
13,810,4102,4185,83,True
19,775,4102,4185,83,True
21,804,4102,4204,102,True
31,833,4102,4185,83,True
55,780,4102,4191,89,True
61,808,4102,4191,89,True
64,868,4102,4191,89,True
66,777,4102,4191,89,True
73,817,4102,4191,89,True
83,803,4102,4191,89,True
87,796,4102,4191,89,True
90,830,4102,4191,89,True
95,817,4102,4191,89,True
13,811,4103,4185,82,True
28,849,4103,4185,82,True
33,822,4103,4162,59,True
34,814,4103,4185,82,True
43,779,4103,4185,82,True
52,813,4103,,,False
57,797,4103,4191,88,True
61,809,4103,4191,88,True
67,772,4103,4191,88,True
68,852,4103,4191,88,True
69,835,4103,4191,88,True
78,839,4103,4191,88,True
82,839,4103,4191,88,True
85,825,4103,4191,88,True
0,839,4104,4162,58,True
7,780,4104,4185,81,True
9,849,4104,4185,81,True
17,772,4104,4185,81,True
18,824,4104,4185,81,True
21,805,4104,4204,100,True
30,800,4104,4185,81,True
35,817,4104,4185,81,True
39,767,4104,4185,81,True
47,788,4104,4162,58,True
54,889,4104,4191,87,True
67,773,4104,4191,87,True
71,804,4104,4191,87,True
75,845,4104,4234,130,True
80,849,4104,4191,87,True
81,783,4104,4191,87,True
88,846,4104,4191,87,True
89,820,4104,4191,87,True
92,876,4104,4191,87,True
93,805,4104,4215,111,True
94,834,4104,4191,87,True
95,818,4104,4191,87,True
3,852,4105,4204,99,True
9,850,4105,4185,80,True
10,843,4105,4204,99,True
18,825,4105,4185,80,True
19,776,4105,4185,80,True
24,776,4105,4185,80,True
26,800,4105,4204,99,True
31,834,4105,4185,80,True
32,822,4105,4204,99,True
51,792,4105,4191,86,True
56,810,4105,4191,86,True
73,818,4105,4191,86,True
75,846,4105,4234,129,True
84,848,4105,4215,110,True
86,840,4105,4191,86,True
88,847,4105,4191,86,True
89,821,4105,4191,86,True
98,813,4105,4191,86,True
0,840,4106,4162,56,True
5,800,4106,4204,98,True
20,781,4106,4191,85,True
23,818,4106,4204,98,True
25,820,4106,4185,79,True
42,857,4106,4204,98,True
47,789,4106,4204,98,True
62,797,4106,4191,85,True
64,869,4106,4191,85,True
68,853,4106,4191,85,True
70,835,4106,4191,85,True
74,828,4106,4234,128,True
84,849,4106,4215,109,True
85,826,4106,4191,85,True
87,797,4106,4191,85,True
2,830,4107,4185,78,True
3,853,4107,4204,97,True
6,827,4107,4185,78,True
15,807,4107,4185,78,True
16,860,4107,4204,97,True
20,782,4107,4191,84,True
25,821,4107,4185,78,True
32,823,4107,4204,97,True
42,858,4107,4204,97,True
43,780,4107,4185,78,True
49,842,4107,4204,97,True
75,847,4107,4234,127,True
80,850,4107,4191,84,True
82,840,4107,4191,84,True
83,804,4107,4191,84,True
85,827,4107,4191,84,True
95,819,4107,4191,84,True
96,785,4107,4191,84,True
3,854,4108,4204,96,True
6,828,4108,4185,77,True
8,805,4108,4204,96,True
16,861,4108,4204,96,True
21,806,4108,4204,96,True
23,819,4108,4204,96,True
36,853,4108,4204,96,True
50,783,4108,4191,83,True
57,798,4108,4191,83,True
60,778,4108,4191,83,True
65,797,4108,4191,83,True
66,778,4108,4191,83,True
67,774,4108,4191,83,True
73,819,4108,4191,83,True
76,824,4108,4191,83,True
77,827,4108,4191,83,True
80,851,4108,4191,83,True
87,798,4108,4215,107,True
88,848,4108,4191,83,True
91,820,4108,4191,83,True
92,877,4108,4191,83,True
93,806,4108,4215,107,True
94,835,4108,4191,83,True
96,786,4108,4234,126,True
0,841,4109,4204,95,True
2,831,4109,4185,76,True
4,836,4109,4185,76,True
9,851,4109,4185,76,True
10,844,4109,4204,95,True
15,808,4109,4185,76,True
18,826,4109,4185,76,True
23,820,4109,4204,95,True
33,823,4109,4204,95,True
42,859,4109,4204,95,True
43,781,4109,4185,76,True
45,780,4109,4185,76,True
58,819,4109,4215,106,True
74,829,4109,4234,125,True
79,772,4109,4191,82,True
87,799,4109,4215,106,True
88,849,4109,4191,82,True
90,831,4109,4191,82,True
0,842,4110,4204,94,True
1,833,4110,4204,94,True
2,832,4110,4185,75,True
6,829,4110,4185,75,True
10,845,4110,4204,94,True
16,862,4110,4204,94,True
30,801,4110,4204,94,True
32,824,4110,4204,94,True
34,815,4110,4185,75,True
36,854,4110,4204,94,True
51,793,4110,4191,81,True
52,814,4110,,,False
56,811,4110,4191,81,True
61,810,4110,4191,81,True
68,854,4110,4191,81,True
81,784,4110,4191,81,True
4,837,4111,4204,93,True
5,801,4111,4204,93,True
6,830,4111,4185,74,True
16,863,4111,4204,93,True
19,777,4111,4185,74,True
22,847,4111,4185,74,True
27,817,4111,4185,74,True
38,809,4111,4185,74,True
39,768,4111,4204,93,True
41,829,4111,4204,93,True
44,842,4111,4204,93,True
46,836,4111,4204,93,True
54,890,4111,4215,104,True
59,839,4111,4215,104,True
76,825,4111,4191,80,True
78,840,4111,4191,80,True
84,850,4111,4215,104,True
96,787,4111,4234,123,True
99,815,4111,4234,123,True
2,833,4112,4185,73,True
9,852,4112,4185,73,True
10,846,4112,4204,92,True
18,827,4112,4185,73,True
19,778,4112,4185,73,True
26,801,4112,4204,92,True
31,835,4112,4185,73,True
46,837,4112,4204,92,True
47,790,4112,4204,92,True
54,891,4112,4215,103,True
65,798,4112,4191,79,True
70,836,4112,4191,79,True
78,841,4112,4215,103,True
79,773,4112,4191,79,True
85,828,4112,4191,79,True
88,850,4112,4234,122,True
89,822,4112,4191,79,True
10,847,4113,4204,91,True
14,815,4113,4162,49,True
16,864,4113,4204,91,True
18,828,4113,4185,72,True
25,822,4113,4204,91,True
28,850,4113,4185,72,True
31,836,4113,4185,72,True
32,825,4113,4204,91,True
35,818,4113,4185,72,True
37,825,4113,4204,91,True
39,769,4113,4204,91,True
50,784,4113,4191,78,True
56,812,4113,4191,78,True
58,820,4113,4215,102,True
62,798,4113,4215,102,True
73,820,4113,4191,78,True
84,851,4113,4215,102,True
86,841,4113,4191,78,True
88,851,4113,4234,121,True
89,823,4113,4191,78,True
94,836,4113,4191,78,True
7,781,4114,4185,71,True
8,806,4114,4204,90,True
13,812,4114,4185,71,True
19,779,4114,4185,71,True
22,848,4114,4204,90,True
23,821,4114,4204,90,True
24,777,4114,4185,71,True
25,823,4114,4204,90,True
32,826,4114,4204,90,True
38,810,4114,4185,71,True
43,782,4114,4185,71,True
44,843,4114,4204,90,True
53,805,4114,4234,120,True
62,799,4114,4215,101,True
66,779,4114,4234,120,True
67,775,4114,4191,77,True
68,855,4114,4191,77,True
69,836,4114,4234,120,True
73,821,4114,4191,77,True
79,774,4114,4191,77,True
82,841,4114,4191,77,True
88,852,4114,4234,120,True
90,832,4114,4215,101,True
92,878,4114,4191,77,True
97,824,4114,4191,77,True
98,814,4114,4191,77,True
3,855,4115,4204,89,True
19,780,4115,4185,70,True
32,827,4115,4204,89,True
43,783,4115,4185,70,True
47,791,4115,4204,89,True
49,843,4115,4204,89,True
52,815,4115,,,False
54,892,4115,4215,100,True
73,822,4115,4191,76,True
86,842,4115,4191,76,True
87,800,4115,4215,100,True
88,853,4115,4234,119,True
89,824,4115,4215,100,True
98,815,4115,4191,76,True
5,802,4116,4204,88,True
12,830,4116,4204,88,True
16,865,4116,4204,88,True
29,791,4116,4204,88,True
34,816,4116,4185,69,True
36,855,4116,4204,88,True
41,830,4116,4204,88,True
49,844,4116,4204,88,True
53,806,4116,4234,118,True
57,799,4116,4191,75,True
61,811,4116,4191,75,True
63,847,4116,4234,118,True
66,780,4116,4234,118,True
76,826,4116,4191,75,True
79,775,4116,4191,75,True
80,852,4116,4191,75,True
85,829,4116,4191,75,True
86,843,4116,4191,75,True
95,820,4116,4191,75,True
4,838,4117,4204,87,True
10,848,4117,4204,87,True
12,831,4117,4204,87,True
23,822,4117,4204,87,True
25,824,4117,4204,87,True
28,851,4117,4185,68,True
30,802,4117,4204,87,True
32,828,4117,4204,87,True
45,781,4117,4185,68,True
54,893,4117,4215,98,True
58,821,4117,4215,98,True
60,779,4117,4234,117,True
63,848,4117,4234,117,True
65,799,4117,4191,74,True
77,828,4117,4191,74,True
78,842,4117,4215,98,True
82,842,4117,4234,117,True
86,844,4117,4191,74,True
88,854,4117,4234,117,True
95,821,4117,4191,74,True
97,825,4117,4191,74,True
3,856,4118,4204,86,True
4,839,4118,4204,86,True
6,831,4118,4185,67,True
8,807,4118,4204,86,True
13,813,4118,4185,67,True
23,823,4118,4204,86,True
28,852,4118,4204,86,True
30,803,4118,4204,86,True
37,826,4118,4204,86,True
38,811,4118,4204,86,True
46,838,4118,4204,86,True
65,800,4118,4191,73,True
77,829,4118,4191,73,True
83,805,4118,4191,73,True
88,855,4118,4234,116,True
89,825,4118,4215,97,True
96,788,4118,4234,116,True
8,808,4119,4204,85,True
12,832,4119,4204,85,True
15,809,4119,4185,66,True
24,778,4119,4204,85,True
30,804,4119,4204,85,True
31,837,4119,4185,66,True
37,827,4119,4204,85,True
42,860,4119,4204,85,True
43,784,4119,4185,66,True
57,800,4119,4191,72,True
62,800,4119,4215,96,True
67,776,4119,4191,72,True
80,853,4119,4191,72,True
81,785,4119,4215,96,True
85,830,4119,4215,96,True
90,833,4119,4215,96,True
3,857,4120,4204,84,True
4,840,4120,4204,84,True
5,803,4120,4204,84,True
11,814,4120,4204,84,True
14,816,4120,4232,112,True
15,810,4120,4185,65,True
17,773,4120,4204,84,True
20,783,4120,4191,71,True
21,807,4120,4204,84,True
23,824,4120,4204,84,True
30,805,4120,4204,84,True
31,838,4120,4185,65,True
39,770,4120,4204,84,True
43,785,4120,4185,65,True
44,844,4120,4204,84,True
45,782,4120,4185,65,True
46,839,4120,4204,84,True
47,792,4120,4204,84,True
51,794,4120,4191,71,True
53,807,4120,4234,114,True
56,813,4120,4215,95,True
61,812,4120,4191,71,True
63,849,4120,4234,114,True
76,827,4120,4215,95,True
80,854,4120,4191,71,True
92,879,4120,4215,95,True
95,822,4120,4191,71,True
97,826,4120,4234,114,True
2,834,4121,4185,64,True
3,858,4121,4204,83,True
9,853,4121,4204,83,True
11,815,4121,4204,83,True
28,853,4121,4204,83,True
33,824,4121,4204,83,True
36,856,4121,4204,83,True
40,890,4121,4204,83,True
41,831,4121,4204,83,True
43,786,4121,4185,64,True
44,845,4121,4204,83,True
47,793,4121,4204,83,True
52,816,4121,,,False
54,894,4121,4215,94,True
55,781,4121,4191,70,True
56,814,4121,4215,94,True
62,801,4121,4215,94,True
83,806,4121,4191,70,True
88,856,4121,4234,113,True
4,841,4122,4204,82,True
16,866,4122,4204,82,True
17,774,4122,4204,82,True
28,854,4122,4204,82,True
29,792,4122,4204,82,True
30,806,4122,4204,82,True
39,771,4122,4204,82,True
43,787,4122,4185,63,True
55,782,4122,4191,69,True
57,801,4122,4191,69,True
58,822,4122,4215,93,True
60,780,4122,4234,112,True
62,802,4122,4215,93,True
74,830,4122,4234,112,True
87,801,4122,4215,93,True
89,826,4122,4215,93,True
93,807,4122,4234,112,True
96,789,4122,4234,112,True
97,827,4122,4234,112,True
99,816,4122,4234,112,True
7,782,4123,4185,62,True
21,808,4123,4204,81,True
30,807,4123,4204,81,True
32,829,4123,4204,81,True
34,817,4123,4185,62,True
38,812,4123,4204,81,True
44,846,4123,4204,81,True
46,840,4123,4204,81,True
47,794,4123,4204,81,True
48,838,4123,4204,81,True
53,808,4123,4234,111,True
64,870,4123,4215,92,True
67,777,4123,4215,92,True
68,856,4123,4191,68,True
69,837,4123,4234,111,True
75,848,4123,4234,111,True
78,843,4123,4234,111,True
87,802,4123,4215,92,True
90,834,4123,4215,92,True
93,808,4123,4234,111,True
98,816,4123,4191,68,True
0,843,4124,4204,80,True
1,834,4124,4204,80,True
5,804,4124,4204,80,True
11,816,4124,4204,80,True
31,839,4124,4185,61,True
33,825,4124,4204,80,True
40,891,4124,4204,80,True
48,839,4124,4204,80,True
52,817,4124,,,False
57,802,4124,4191,67,True
59,840,4124,4215,91,True
63,850,4124,4234,110,True
65,801,4124,4191,67,True
73,823,4124,4215,91,True
75,849,4124,4234,110,True
82,843,4124,4234,110,True
97,828,4124,4234,110,True
4,842,4125,4204,79,True
15,811,4125,4232,107,True
18,829,4125,4204,79,True
22,849,4125,4204,79,True
24,779,4125,4204,79,True
29,793,4125,4204,79,True
30,808,4125,4204,79,True
35,819,4125,4185,60,True
37,828,4125,4204,79,True
45,783,4125,4185,60,True
62,803,4125,4215,90,True
65,802,4125,4191,66,True
75,850,4125,4234,109,True
78,844,4125,4234,109,True
79,776,4125,4191,66,True
85,831,4125,4215,90,True
95,823,4125,4191,66,True
96,790,4125,4234,109,True
0,844,4126,4204,78,True
2,835,4126,4185,59,True
13,814,4126,4204,78,True
25,825,4126,4204,78,True
28,855,4126,4204,78,True
30,809,4126,4204,78,True
31,840,4126,4185,59,True
38,813,4126,4204,78,True
39,772,4126,4204,78,True
40,892,4126,4204,78,True
45,784,4126,4185,59,True
48,840,4126,4204,78,True
50,785,4126,4215,89,True
51,795,4126,4191,65,True
57,803,4126,4191,65,True
63,851,4126,4234,108,True
74,831,4126,4234,108,True
75,851,4126,4234,108,True
80,855,4126,4191,65,True
86,845,4126,4191,65,True
88,857,4126,4234,108,True
89,827,4126,4234,108,True
92,880,4126,4215,89,True
95,824,4126,4191,65,True
97,829,4126,4234,108,True
1,835,4127,4204,77,True
2,836,4127,4185,58,True
7,783,4127,4185,58,True
13,815,4127,4204,77,True
21,809,4127,4204,77,True
22,850,4127,4204,77,True
24,780,4127,4204,77,True
32,830,4127,4255,128,True
37,829,4127,4204,77,True
38,814,4127,4204,77,True
39,773,4127,4204,77,True
42,861,4127,4204,77,True
51,796,4127,4234,107,True
57,804,4127,4191,64,True
66,781,4127,4234,107,True
68,857,4127,4191,64,True
76,828,4127,4215,88,True
83,807,4127,4234,107,True
84,852,4127,4215,88,True
86,846,4127,4191,64,True
99,817,4127,4234,107,True
4,843,4128,4204,76,True
8,809,4128,4204,76,True
11,817,4128,4204,76,True
18,830,4128,4204,76,True
25,826,4128,4204,76,True
27,818,4128,4204,76,True
29,794,4128,4204,76,True
36,857,4128,4204,76,True
37,830,4128,4204,76,True
44,847,4128,4204,76,True
49,845,4128,4204,76,True
52,818,4128,,,False
53,809,4128,4234,106,True
54,895,4128,4215,87,True
55,783,4128,4234,106,True
61,813,4128,4191,63,True
64,871,4128,4215,87,True
65,803,4128,4215,87,True
74,832,4128,4234,106,True
87,803,4128,4215,87,True
91,821,4128,4191,63,True
92,881,4128,4215,87,True
10,849,4129,4204,75,True
11,818,4129,4204,75,True
13,816,4129,4204,75,True
14,817,4129,4232,103,True
15,812,4129,4232,103,True
16,867,4129,4204,75,True
19,781,4129,4185,56,True
39,774,4129,4204,75,True
41,832,4129,4204,75,True
50,786,4129,4215,86,True
57,805,4129,4234,105,True
61,814,4129,4191,62,True
65,804,4129,4215,86,True
84,853,4129,4215,86,True
88,858,4129,4234,105,True
89,828,4129,4234,105,True
0,845,4130,4232,102,True
1,836,4130,4204,74,True
2,837,4130,4185,55,True
6,832,4130,4204,74,True
26,802,4130,4204,74,True
35,820,4130,4185,55,True
45,785,4130,4185,55,True
63,852,4130,4234,104,True
64,872,4130,4215,85,True
70,837,4130,4191,61,True
71,805,4130,4234,104,True
76,829,4130,4269,139,True
81,786,4130,4234,104,True
96,791,4130,4234,104,True
97,830,4130,4234,104,True
11,819,4131,4204,73,True
18,831,4131,4204,73,True
27,819,4131,4204,73,True
28,856,4131,4204,73,True
33,826,4131,4204,73,True
37,831,4131,4204,73,True
38,815,4131,4204,73,True
40,893,4131,4204,73,True
45,786,4131,4185,54,True
49,846,4131,4204,73,True
55,784,4131,4234,103,True
58,823,4131,4215,84,True
60,781,4131,4234,103,True
65,805,4131,4215,84,True
68,858,4131,4234,103,True
72,818,4131,4191,60,True
75,852,4131,4234,103,True
80,856,4131,4191,60,True
89,829,4131,4234,103,True
90,835,4131,4234,103,True
11,820,4132,4204,72,True
17,775,4132,4204,72,True
30,810,4132,4204,72,True
39,775,4132,4204,72,True
40,894,4132,4204,72,True
41,833,4132,4204,72,True
42,862,4132,4204,72,True
44,848,4132,4204,72,True
49,847,4132,4204,72,True
50,787,4132,4215,83,True
51,797,4132,4234,102,True
53,810,4132,4234,102,True
54,896,4132,4215,83,True
57,806,4132,4234,102,True
58,824,4132,4215,83,True
62,804,4132,4234,102,True
63,853,4132,4234,102,True
66,782,4132,4234,102,True
68,859,4132,4234,102,True
70,838,4132,4191,59,True
71,806,4132,4234,102,True
72,819,4132,4191,59,True
74,833,4132,4234,102,True
78,845,4132,4234,102,True
79,777,4132,4234,102,True
6,833,4133,4204,71,True
7,784,4133,4204,71,True
10,850,4133,4204,71,True
20,784,4133,4191,58,True
24,781,4133,4204,71,True
29,795,4133,4204,71,True
32,831,4133,4255,122,True
38,816,4133,4204,71,True
40,895,4133,4204,71,True
57,807,4133,4234,101,True
58,825,4133,4215,82,True
59,841,4133,4215,82,True
61,815,4133,4191,58,True
63,854,4133,4234,101,True
64,873,4133,4215,82,True
66,783,4133,4234,101,True
68,860,4133,4234,101,True
71,807,4133,4234,101,True
73,824,4133,4215,82,True
74,834,4133,4234,101,True
77,830,4133,4234,101,True
79,778,4133,4234,101,True
80,857,4133,4234,101,True
83,808,4133,4234,101,True
8,810,4134,4232,98,True
10,851,4134,4204,70,True
20,785,4134,4191,57,True
22,851,4134,4204,70,True
24,782,4134,4204,70,True
26,803,4134,4204,70,True
33,827,4134,4204,70,True
37,832,4134,4204,70,True
45,787,4134,4185,51,True
51,798,4134,4234,100,True
57,808,4134,4234,100,True
58,826,4134,4215,81,True
59,842,4134,4215,81,True
61,816,4134,4191,57,True
65,806,4134,4215,81,True
67,778,4134,4234,100,True
78,846,4134,4234,100,True
79,779,4134,4234,100,True
93,809,4134,4234,100,True
95,825,4134,4191,57,True
5,805,4135,4204,69,True
10,852,4135,4204,69,True
23,825,4135,4204,69,True
27,820,4135,4204,69,True
30,811,4135,4204,69,True
37,833,4135,4204,69,True
42,863,4135,4204,69,True
59,843,4135,4215,80,True
61,817,4135,4191,56,True
64,874,4135,4215,80,True
67,779,4135,4234,99,True
70,839,4135,4191,56,True
76,830,4135,4269,134,True
80,858,4135,4234,99,True
83,809,4135,4234,99,True
84,854,4135,4215,80,True
88,859,4135,4234,99,True
92,882,4135,4215,80,True
94,837,4135,4234,99,True
98,817,4135,4191,56,True
1,837,4136,4232,96,True
3,859,4136,4204,68,True
6,834,4136,4204,68,True
7,785,4136,4204,68,True
10,853,4136,4204,68,True
12,833,4136,4204,68,True
31,841,4136,4204,68,True
35,821,4136,4185,49,True
40,896,4136,4204,68,True
55,785,4136,4234,98,True
56,815,4136,4215,79,True
73,825,4136,4215,79,True
75,853,4136,4234,98,True
81,787,4136,4234,98,True
84,855,4136,4269,133,True
88,860,4136,4234,98,True
89,830,4136,4234,98,True
90,836,4136,4234,98,True
99,818,4136,4234,98,True
1,838,4137,4232,95,True
2,838,4137,4185,48,True
6,835,4137,4232,95,True
18,832,4137,4204,67,True
21,810,4137,4204,67,True
30,812,4137,4204,67,True
33,828,4137,4204,67,True
34,818,4137,4185,48,True
41,834,4137,4204,67,True
53,811,4137,4234,97,True
59,844,4137,4215,78,True
65,807,4137,4215,78,True
76,831,4137,4269,132,True
77,831,4137,4234,97,True
79,780,4137,4234,97,True
81,788,4137,4234,97,True
87,804,4137,4215,78,True
92,883,4137,4234,97,True
3,860,4138,4204,66,True
5,806,4138,4204,66,True
8,811,4138,4232,94,True
9,854,4138,4204,66,True
10,854,4138,4204,66,True
15,813,4138,4232,94,True
20,786,4138,4191,53,True
22,852,4138,4204,66,True
28,857,4138,4204,66,True
29,796,4138,4232,94,True
30,813,4138,4204,66,True
34,819,4138,4185,47,True
38,817,4138,4204,66,True
43,788,4138,4204,66,True
54,897,4138,4215,77,True
57,809,4138,4234,96,True
59,845,4138,4215,77,True
68,861,4138,4234,96,True
71,808,4138,4269,131,True
73,826,4138,4215,77,True
76,832,4138,4269,131,True
83,810,4138,4234,96,True
86,847,4138,4215,77,True
87,805,4138,4215,77,True
90,837,4138,4234,96,True
94,838,4138,4234,96,True
99,819,4138,4234,96,True
14,818,4139,4232,93,True
17,776,4139,4204,65,True
30,814,4139,4204,65,True
37,834,4139,4204,65,True
41,835,4139,4204,65,True
53,812,4139,4234,95,True
58,827,4139,4215,76,True
61,818,4139,4191,52,True
64,875,4139,4215,76,True
65,808,4139,4215,76,True
98,818,4139,4234,95,True
0,846,4140,4232,92,True
9,855,4140,4204,64,True
13,817,4140,4204,64,True
17,777,4140,4204,64,True
18,833,4140,4204,64,True
31,842,4140,4204,64,True
36,858,4140,4232,92,True
41,836,4140,4204,64,True
53,813,4140,4269,129,True
54,898,4140,4215,75,True
70,840,4140,4191,51,True
76,833,4140,4269,129,True
77,832,4140,4234,94,True
82,844,4140,4269,129,True
90,838,4140,4234,94,True
94,839,4140,4234,94,True
98,819,4140,4234,94,True
0,847,4141,4232,91,True
1,839,4141,4232,91,True
3,861,4141,4204,63,True
16,868,4141,4204,63,True
23,826,4141,4204,63,True
25,827,4141,4204,63,True
26,804,4141,4255,114,True
35,822,4141,4185,44,True
40,897,4141,4204,63,True
42,864,4141,4204,63,True
43,789,4141,4204,63,True
45,788,4141,4185,44,True
53,814,4141,4269,128,True
64,876,4141,4215,74,True
72,820,4141,4191,50,True
77,833,4141,4234,93,True
78,847,4141,4288,147,True
83,811,4141,4234,93,True
94,840,4141,4234,93,True
99,820,4141,4234,93,True
23,827,4142,4204,62,True
28,858,4142,4204,62,True
35,823,4142,4191,49,True
36,859,4142,4232,90,True
39,776,4142,4204,62,True
48,841,4142,4204,62,True
60,782,4142,4269,127,True
62,805,4142,4234,92,True
65,809,4142,4215,73,True
69,838,4142,4234,92,True
71,809,4142,4269,127,True
72,821,4142,4234,92,True
74,835,4142,4234,92,True
75,854,4142,4234,92,True
81,789,4142,4234,92,True
86,848,4142,4215,73,True
89,831,4142,4269,127,True
90,839,4142,4234,92,True
92,884,4142,4234,92,True
3,862,4143,4204,61,True
8,812,4143,4232,89,True
12,834,4143,4204,61,True
14,819,4143,4232,89,True
18,834,4143,4204,61,True
19,782,4143,4204,61,True
22,853,4143,4204,61,True
23,828,4143,4204,61,True
33,829,4143,4232,89,True
34,820,4143,4185,42,True
35,824,4143,4191,48,True
38,818,4143,4204,61,True
39,777,4143,4204,61,True
40,898,4143,4204,61,True
46,841,4143,4232,89,True
57,810,4143,4234,91,True
63,855,4143,4269,126,True
66,784,4143,4234,91,True
69,839,4143,4234,91,True
74,836,4143,4234,91,True
77,834,4143,4234,91,True
82,845,4143,4269,126,True
99,821,4143,4234,91,True
12,835,4144,4204,60,True
16,869,4144,4204,60,True
22,854,4144,4204,60,True
23,829,4144,4204,60,True
24,783,4144,4232,88,True
26,805,4144,4255,111,True
29,797,4144,4232,88,True
30,815,4144,4204,60,True
33,830,4144,4232,88,True
37,835,4144,4204,60,True
41,837,4144,4255,111,True
50,788,4144,4285,141,True
51,799,4144,4234,90,True
52,819,4144,,,False
73,827,4144,4269,125,True
75,855,4144,4234,90,True
85,832,4144,4215,71,True
86,849,4144,4215,71,True
91,822,4144,4234,90,True
95,826,4144,4234,90,True
96,792,4144,4269,125,True
97,831,4144,4269,125,True
0,848,4145,4232,87,True
5,807,4145,4204,59,True
12,836,4145,4204,59,True
22,855,4145,4204,59,True
24,784,4145,4232,87,True
28,859,4145,4204,59,True
33,831,4145,4232,87,True
35,825,4145,4191,46,True
43,790,4145,4204,59,True
50,789,4145,4285,140,True
52,820,4145,,,False
53,815,4145,4269,124,True
64,877,4145,4215,70,True
76,834,4145,4269,124,True
77,835,4145,4234,89,True
85,833,4145,4215,70,True
89,832,4145,4269,124,True
92,885,4145,4234,89,True
96,793,4145,4269,124,True
20,787,4146,4191,45,True
28,860,4146,4204,58,True
29,798,4146,4232,86,True
30,816,4146,4204,58,True
33,832,4146,4232,86,True
43,791,4146,4204,58,True
44,849,4146,4232,86,True
52,821,4146,,,False
54,899,4146,4234,88,True
60,783,4146,4269,123,True
68,862,4146,4269,123,True
77,836,4146,4234,88,True
83,812,4146,4234,88,True
86,850,4146,4215,69,True
90,840,4146,4269,123,True
91,823,4146,4269,123,True
93,810,4146,4269,123,True
94,841,4146,4234,88,True
97,832,4146,4269,123,True
99,822,4146,4234,88,True
0,849,4147,4232,85,True
6,836,4147,4232,85,True
10,855,4147,4232,85,True
11,821,4147,4232,85,True
15,814,4147,4232,85,True
21,811,4147,4232,85,True
36,860,4147,4232,85,True
37,836,4147,4204,57,True
38,819,4147,4232,85,True
39,778,4147,4204,57,True
41,838,4147,4255,108,True
45,789,4147,4204,57,True
51,800,4147,4234,87,True
53,816,4147,4269,122,True
56,816,4147,4234,87,True
57,811,4147,4234,87,True
59,846,4147,4269,122,True
60,784,4147,4269,122,True
62,806,4147,4234,87,True
84,856,4147,4269,122,True
93,811,4147,4269,122,True
94,842,4147,4269,122,True
96,794,4147,4269,122,True
4,844,4148,4204,56,True
11,822,4148,4232,84,True
19,783,4148,4204,56,True
20,788,4148,4191,43,True
27,821,4148,4204,56,True
28,861,4148,4204,56,True
34,821,4148,4204,56,True
39,779,4148,4204,56,True
40,899,4148,4204,56,True
43,792,4148,4204,56,True
59,847,4148,4269,121,True
74,837,4148,4234,86,True
75,856,4148,4234,86,True
76,835,4148,4269,121,True
77,837,4148,4234,86,True
96,795,4148,4269,121,True
97,833,4148,4269,121,True
98,820,4148,4234,86,True
0,850,4149,4232,83,True
1,840,4149,4232,83,True
7,786,4149,4255,106,True
17,778,4149,4232,83,True
18,835,4149,4204,55,True
30,817,4149,4204,55,True
33,833,4149,4232,83,True
43,793,4149,4204,55,True
46,842,4149,4232,83,True
49,848,4149,4232,83,True
51,801,4149,4234,85,True
60,785,4149,4269,120,True
61,819,4149,4191,42,True
64,878,4149,4215,66,True
67,780,4149,4234,85,True
75,857,4149,4234,85,True
77,838,4149,4234,85,True
78,848,4149,4288,139,True
85,834,4149,4215,66,True
88,861,4149,4288,139,True
91,824,4149,4269,120,True
95,827,4149,4234,85,True
99,823,4149,4234,85,True
3,863,4150,4255,105,True
4,845,4150,4204,54,True
12,837,4150,4232,82,True
14,820,4150,4232,82,True
17,779,4150,4232,82,True
22,856,4150,4204,54,True
28,862,4150,4232,82,True
37,837,4150,4232,82,True
41,839,4150,4255,105,True
50,790,4150,4285,135,True
60,786,4150,4269,119,True
61,820,4150,4191,41,True
63,856,4150,4269,119,True
68,863,4150,4269,119,True
74,838,4150,4234,84,True
75,858,4150,4234,84,True
77,839,4150,4234,84,True
81,790,4150,4234,84,True
87,806,4150,4234,84,True
89,833,4150,4269,119,True
92,886,4150,4234,84,True
98,821,4150,4234,84,True
4,846,4151,4204,53,True
15,815,4151,4232,81,True
16,870,4151,4232,81,True
18,836,4151,4204,53,True
20,789,4151,4191,40,True
26,806,4151,4255,104,True
33,834,4151,4232,81,True
40,900,4151,4270,119,True
43,794,4151,4204,53,True
49,849,4151,4232,81,True
52,822,4151,,,False
57,812,4151,4234,83,True
63,857,4151,4269,118,True
77,840,4151,4234,83,True
79,781,4151,4234,83,True
91,825,4151,4269,118,True
92,887,4151,4234,83,True
93,812,4151,4269,118,True
94,843,4151,4269,118,True
95,828,4151,4234,83,True
96,796,4151,4269,118,True
4,847,4152,4204,52,True
9,856,4152,4204,52,True
11,823,4152,4232,80,True
42,865,4152,4232,80,True
44,850,4152,4255,103,True
51,802,4152,4269,117,True
54,900,4152,4234,82,True
60,787,4152,4269,117,True
62,807,4152,4234,82,True
65,810,4152,4215,63,True
70,841,4152,4215,63,True
72,822,4152,4234,82,True
78,849,4152,4288,136,True
81,791,4152,4234,82,True
82,846,4152,4269,117,True
86,851,4152,4215,63,True
91,826,4152,4269,117,True
0,851,4153,4232,79,True
10,856,4153,4232,79,True
12,838,4153,4232,79,True
13,818,4153,4255,102,True
14,821,4153,4232,79,True
21,812,4153,4232,79,True
29,799,4153,4232,79,True
30,818,4153,4232,79,True
35,826,4153,4204,51,True
39,780,4153,4255,102,True
42,866,4153,4232,79,True
45,790,4153,4204,51,True
49,850,4153,4232,79,True
52,823,4153,,,False
59,848,4153,4269,116,True
63,858,4153,4269,116,True
65,811,4153,4215,62,True
70,842,4153,4215,62,True
75,859,4153,4234,81,True
79,782,4153,4234,81,True
81,792,4153,4234,81,True
84,857,4153,4269,116,True
88,862,4153,4288,135,True
1,841,4154,4232,78,True
10,857,4154,4232,78,True
19,784,4154,4255,101,True
21,813,4154,4232,78,True
32,832,4154,4255,101,True
43,795,4154,4204,50,True
49,851,4154,4232,78,True
51,803,4154,4269,115,True
52,824,4154,,,False
54,901,4154,4234,80,True
55,786,4154,4269,115,True
56,817,4154,4269,115,True
59,849,4154,4269,115,True
60,788,4154,4269,115,True
64,879,4154,4215,61,True
72,823,4154,4234,80,True
83,813,4154,4269,115,True
89,834,4154,4269,115,True
92,888,4154,4234,80,True
1,842,4155,4232,77,True
10,858,4155,4255,100,True
14,822,4155,4232,77,True
20,790,4155,4191,36,True
25,828,4155,4232,77,True
30,819,4155,4232,77,True
32,833,4155,4255,100,True
33,835,4155,4232,77,True
40,901,4155,4270,115,True
47,795,4155,4232,77,True
62,808,4155,4234,79,True
66,785,4155,4269,114,True
68,864,4155,4269,114,True
69,840,4155,4234,79,True
70,843,4155,4215,60,True
75,860,4155,4234,79,True
80,859,4155,4269,114,True
87,807,4155,4234,79,True
90,841,4155,4269,114,True
91,827,4155,4269,114,True
98,822,4155,4234,79,True
99,824,4155,4234,79,True
0,852,4156,4232,76,True
2,839,4156,4255,99,True
7,787,4156,4255,99,True
8,813,4156,4232,76,True
9,857,4156,4204,48,True
11,824,4156,4232,76,True
12,839,4156,4232,76,True
20,791,4156,4191,35,True
21,814,4156,4232,76,True
26,807,4156,4255,99,True
28,863,4156,4232,76,True
34,822,4156,4204,48,True
45,791,4156,4232,76,True
48,842,4156,4232,76,True
50,791,4156,4285,129,True
52,825,4156,,,False
60,789,4156,4269,113,True
70,844,4156,4234,78,True
77,841,4156,4234,78,True
86,852,4156,4215,59,True
89,835,4156,4269,113,True
90,842,4156,4269,113,True
91,828,4156,4269,113,True
95,829,4156,4234,78,True
4,848,4157,4232,75,True
6,837,4157,4232,75,True
8,814,4157,4232,75,True
12,840,4157,4232,75,True
15,816,4157,4232,75,True
19,785,4157,4255,98,True
20,792,4157,4215,58,True
22,857,4157,4232,75,True
25,829,4157,4232,75,True
26,808,4157,4255,98,True
27,822,4157,4232,75,True
31,843,4157,4204,47,True
32,834,4157,4255,98,True
35,827,4157,4204,47,True
37,838,4157,4255,98,True
43,796,4157,4204,47,True
47,796,4157,4232,75,True
51,804,4157,4269,112,True
52,826,4157,,,False
54,902,4157,4234,77,True
66,786,4157,4269,112,True
68,865,4157,4269,112,True
70,845,4157,4234,77,True
80,860,4157,4269,112,True
88,863,4157,4288,131,True
89,836,4157,4269,112,True
90,843,4157,4269,112,True
94,844,4157,4269,112,True
1,843,4158,4232,74,True
2,840,4158,4255,97,True
14,823,4158,4232,74,True
16,871,4158,4255,97,True
18,837,4158,4255,97,True
21,815,4158,4232,74,True
22,858,4158,4232,74,True
28,864,4158,4232,74,True
29,800,4158,4232,74,True
30,820,4158,4232,74,True
33,836,4158,4232,74,True
35,828,4158,4204,46,True
37,839,4158,4255,97,True
38,820,4158,4232,74,True
44,851,4158,4255,97,True
55,787,4158,4269,111,True
58,828,4158,4288,130,True
64,880,4158,4215,57,True
65,812,4158,4234,76,True
71,810,4158,4269,111,True
77,842,4158,4234,76,True
91,829,4158,4269,111,True
93,813,4158,4269,111,True
15,817,4159,4232,73,True
16,872,4159,4255,96,True
20,793,4159,4215,56,True
22,859,4159,4232,73,True
28,865,4159,4232,73,True
33,837,4159,4232,73,True
37,840,4159,4255,96,True
39,781,4159,4255,96,True
55,788,4159,4269,110,True
60,790,4159,4269,110,True
69,841,4159,4269,110,True
70,846,4159,4234,75,True
72,824,4159,4234,75,True
73,828,4159,4269,110,True
74,839,4159,4269,110,True
75,861,4159,4234,75,True
76,836,4159,4269,110,True
85,835,4159,4234,75,True
91,830,4159,4269,110,True
3,864,4160,4255,95,True
12,841,4160,4232,72,True
13,819,4160,4255,95,True
15,818,4160,4232,72,True
17,780,4160,4232,72,True
23,830,4160,4232,72,True
32,835,4160,4255,95,True
35,829,4160,4204,44,True
36,861,4160,4255,95,True
62,809,4160,4234,74,True
77,843,4160,4234,74,True
82,847,4160,4269,109,True
86,853,4160,4234,74,True
96,797,4160,4288,128,True
97,834,4160,4269,109,True
10,859,4161,4255,94,True
12,842,4161,4232,71,True
14,824,4161,4232,71,True
15,819,4161,4232,71,True
16,873,4161,4255,94,True
18,838,4161,4255,94,True
22,860,4161,4232,71,True
32,836,4161,4255,94,True
41,840,4161,4255,94,True
42,867,4161,4255,94,True
44,852,4161,4255,94,True
45,792,4161,4232,71,True
47,797,4161,4232,71,True
48,843,4161,4232,71,True
56,818,4161,4269,108,True
60,791,4161,4269,108,True
64,881,4161,4234,73,True
67,781,4161,4269,108,True
71,811,4161,4288,127,True
77,844,4161,4234,73,True
82,848,4161,4269,108,True
89,837,4161,4269,108,True
91,831,4161,4269,108,True
92,889,4161,4234,73,True
96,798,4161,4288,127,True
2,841,4162,4255,93,True
4,849,4162,4232,70,True
6,838,4162,4232,70,True
8,815,4162,4232,70,True
12,843,4162,4232,70,True
16,874,4162,4255,93,True
17,781,4162,4255,93,True
18,839,4162,4255,93,True
21,816,4162,4232,70,True
22,861,4162,4232,70,True
23,831,4162,4232,70,True
39,782,4162,4255,93,True
41,841,4162,4255,93,True
43,797,4162,4255,93,True
50,792,4162,4285,123,True
52,827,4162,,,False
53,817,4162,4269,107,True
60,792,4162,4269,107,True
75,862,4162,4269,107,True
76,837,4162,4269,107,True
84,858,4162,4269,107,True
90,844,4162,4269,107,True
95,830,4162,4269,107,True
97,835,4162,4269,107,True
2,842,4163,4255,92,True
9,858,4163,4255,92,True
15,820,4163,4232,69,True
35,830,4163,4232,69,True
41,842,4163,4255,92,True
47,798,4163,4232,69,True
50,793,4163,4285,122,True
59,850,4163,4269,106,True
61,821,4163,4215,52,True
65,813,4163,4234,71,True
68,866,4163,4269,106,True
69,842,4163,4269,106,True
72,825,4163,4234,71,True
73,829,4163,4288,125,True
74,840,4163,4269,106,True
75,863,4163,4269,106,True
81,793,4163,4269,106,True
88,864,4163,4288,125,True
90,845,4163,4269,106,True
95,831,4163,4269,106,True
0,853,4164,4232,68,True
6,839,4164,4232,68,True
11,825,4164,4232,68,True
30,821,4164,4232,68,True
34,823,4164,4232,68,True
41,843,4164,4255,91,True
43,798,4164,4255,91,True
47,799,4164,4232,68,True
50,794,4164,4285,121,True
51,805,4164,4269,105,True
58,829,4164,4288,124,True
59,851,4164,4269,105,True
61,822,4164,4215,51,True
64,882,4164,4234,70,True
69,843,4164,4269,105,True
71,812,4164,4288,124,True
75,864,4164,4269,105,True
79,783,4164,4234,70,True
80,861,4164,4269,105,True
12,844,4165,4232,67,True
14,825,4165,4232,67,True
16,875,4165,4255,90,True
19,786,4165,4255,90,True
23,832,4165,4232,67,True
32,837,4165,4255,90,True
34,824,4165,4232,67,True
38,821,4165,4232,67,True
50,795,4165,4285,120,True
52,828,4165,,,False
56,819,4165,4269,104,True
63,859,4165,4269,104,True
77,845,4165,4234,69,True
89,838,4165,4269,104,True
98,823,4165,4269,104,True
99,825,4165,4234,69,True
1,844,4166,4232,66,True
8,816,4166,4232,66,True
11,826,4166,4232,66,True
12,845,4166,4232,66,True
18,840,4166,4255,89,True
29,801,4166,4232,66,True
31,844,4166,4232,66,True
34,825,4166,4232,66,True
38,822,4166,4232,66,True
40,902,4166,4270,104,True
64,883,4166,4234,68,True
71,813,4166,4288,122,True
84,859,4166,4269,103,True
97,836,4166,4269,103,True
99,826,4166,4234,68,True
0,854,4167,4232,65,True
5,808,4167,4255,88,True
6,840,4167,4232,65,True
7,788,4167,4255,88,True
8,817,4167,4232,65,True
16,876,4167,4255,88,True
20,794,4167,4232,65,True
21,817,4167,4232,65,True
26,809,4167,4255,88,True
30,822,4167,4232,65,True
31,845,4167,4232,65,True
44,853,4167,4255,88,True
45,793,4167,4255,88,True
46,843,4167,4270,103,True
55,789,4167,4269,102,True
63,860,4167,4269,102,True
65,814,4167,4269,102,True
66,787,4167,4269,102,True
68,867,4167,4269,102,True
77,846,4167,4288,121,True
85,836,4167,4234,67,True
87,808,4167,4269,102,True
98,824,4167,4269,102,True
6,841,4168,4232,64,True
7,789,4168,4255,87,True
10,860,4168,4255,87,True
21,818,4168,4232,64,True
22,862,4168,4255,87,True
29,802,4168,4232,64,True
30,823,4168,4232,64,True
42,868,4168,4255,87,True
48,844,4168,4255,87,True
62,810,4168,4269,101,True
64,884,4168,4234,66,True
74,841,4168,4269,101,True
75,865,4168,4269,101,True
78,850,4168,4288,120,True
83,814,4168,4269,101,True
95,832,4168,4269,101,True
96,799,4168,4288,120,True
15,821,4169,4232,63,True
18,841,4169,4255,86,True
22,863,4169,4255,86,True
23,833,4169,4255,86,True
25,830,4169,4232,63,True
38,823,4169,4232,63,True
41,844,4169,4255,86,True
46,844,4169,4270,101,True
48,845,4169,4255,86,True
69,844,4169,4269,100,True
70,847,4169,4234,65,True
72,826,4169,4234,65,True
76,838,4169,4269,100,True
77,847,4169,4288,119,True
84,860,4169,4269,100,True
89,839,4169,4269,100,True
94,845,4169,4269,100,True
95,833,4169,4269,100,True
6,842,4170,4232,62,True
8,818,4170,4232,62,True
11,827,4170,4255,85,True
13,820,4170,4255,85,True
22,864,4170,4255,85,True
24,785,4170,4232,62,True
37,841,4170,4255,85,True
38,824,4170,4232,62,True
40,903,4170,4270,100,True
41,845,4170,4255,85,True
42,869,4170,4255,85,True
44,854,4170,4255,85,True
49,852,4170,4232,62,True
54,903,4170,4269,99,True
61,823,4170,4234,64,True
65,815,4170,4269,99,True
68,868,4170,4269,99,True
72,827,4170,4234,64,True
78,851,4170,4288,118,True
80,862,4170,4269,99,True
90,846,4170,4269,99,True
94,846,4170,4269,99,True
96,800,4170,4288,118,True
99,827,4170,4269,99,True
3,865,4171,4255,84,True
5,809,4171,4255,84,True
14,826,4171,4232,61,True
16,877,4171,4255,84,True
19,787,4171,4255,84,True
24,786,4171,4232,61,True
30,824,4171,4232,61,True
33,838,4171,4255,84,True
36,862,4171,4255,84,True
38,825,4171,4255,84,True
46,845,4171,4270,99,True
48,846,4171,4255,84,True
49,853,4171,4232,61,True
53,818,4171,4269,98,True
54,904,4171,4269,98,True
58,830,4171,4288,117,True
68,869,4171,4269,98,True
69,845,4171,4269,98,True
73,830,4171,4288,117,True
75,866,4171,4269,98,True
77,848,4171,4288,117,True
79,784,4171,4234,63,True
88,865,4171,4288,117,True
89,840,4171,4269,98,True
90,847,4171,4269,98,True
93,814,4171,4269,98,True
97,837,4171,4269,98,True
2,843,4172,4255,83,True
16,878,4172,4255,83,True
20,795,4172,4232,60,True
22,865,4172,4255,83,True
33,839,4172,4255,83,True
44,855,4172,4255,83,True
55,790,4172,4269,97,True
60,793,4172,4269,97,True
62,811,4172,4269,97,True
63,861,4172,4269,97,True
64,885,4172,4234,62,True
65,816,4172,4269,97,True
66,788,4172,4269,97,True
79,785,4172,4234,62,True
81,794,4172,4269,97,True
82,849,4172,4269,97,True
6,843,4173,4255,82,True
13,821,4173,4255,82,True
17,782,4173,4255,82,True
20,796,4173,4232,59,True
23,834,4173,4255,82,True
25,831,4173,4255,82,True
37,842,4173,4255,82,True
51,806,4173,4269,96,True
58,831,4173,4288,115,True
77,849,4173,4288,115,True
80,863,4173,4269,96,True
82,850,4173,4269,96,True
84,861,4173,4269,96,True
91,832,4173,4269,96,True
92,890,4173,4288,115,True
6,844,4174,4255,81,True
10,861,4174,4255,81,True
11,828,4174,4255,81,True
16,879,4174,4255,81,True
20,797,4174,4232,58,True
27,823,4174,4255,81,True
29,803,4174,4255,81,True
31,846,4174,4232,58,True
32,838,4174,4255,81,True
37,843,4174,4255,81,True
44,856,4174,4255,81,True
48,847,4174,4255,81,True
52,829,4174,,,False
62,812,4174,4269,95,True
65,817,4174,4269,95,True
68,870,4174,4269,95,True
74,842,4174,4288,114,True
75,867,4174,4288,114,True
76,839,4174,4269,95,True
77,850,4174,4288,114,True
80,864,4174,4269,95,True
81,795,4174,4288,114,True
85,837,4174,4269,95,True
92,891,4174,4288,114,True
94,847,4174,4269,95,True
10,862,4175,4255,80,True
12,846,4175,4232,57,True
18,842,4175,4255,80,True
32,839,4175,4255,80,True
33,840,4175,4255,80,True
35,831,4175,4255,80,True
43,799,4175,4255,80,True
46,846,4175,4270,95,True
49,854,4175,4232,57,True
57,813,4175,4269,94,True
64,886,4175,4234,59,True
71,814,4175,4288,113,True
74,843,4175,4288,113,True
77,851,4175,4288,113,True
88,866,4175,4288,113,True
93,815,4175,4288,113,True
96,801,4175,4288,113,True
6,845,4176,4255,79,True
13,822,4176,4255,79,True
26,810,4176,4255,79,True
27,824,4176,4255,79,True
28,866,4176,4255,79,True
32,840,4176,4255,79,True
33,841,4176,4255,79,True
39,783,4176,4255,79,True
44,857,4176,4255,79,True
46,847,4176,4270,94,True
53,819,4176,4269,93,True
58,832,4176,4288,112,True
61,824,4176,4234,58,True
64,887,4176,4234,58,True
74,844,4176,4288,112,True
93,816,4176,4288,112,True
95,834,4176,4269,93,True
4,850,4177,4270,93,True
9,859,4177,4255,78,True
27,825,4177,4255,78,True
29,804,4177,4255,78,True
31,847,4177,4255,78,True
40,904,4177,4270,93,True
41,846,4177,4255,78,True
48,848,4177,4255,78,True
52,830,4177,,,False
58,833,4177,4288,111,True
74,845,4177,4288,111,True
75,868,4177,4288,111,True
79,786,4177,4269,92,True
82,851,4177,4269,92,True
90,848,4177,4288,111,True
91,833,4177,4269,92,True
93,817,4177,4288,111,True
95,835,4177,4269,92,True
97,838,4177,4269,92,True
99,828,4177,4269,92,True
0,855,4178,4255,77,True
1,845,4178,4232,54,True
2,844,4178,4255,77,True
7,790,4178,4255,77,True
13,823,4178,4255,77,True
17,783,4178,4255,77,True
27,826,4178,4255,77,True
33,842,4178,4255,77,True
34,826,4178,4232,54,True
47,800,4178,4232,54,True
49,855,4178,4232,54,True
54,905,4178,4288,110,True
58,834,4178,4288,110,True
61,825,4178,4234,56,True
69,846,4178,4288,110,True
77,852,4178,4288,110,True
79,787,4178,4269,91,True
82,852,4178,4269,91,True
83,815,4178,4269,91,True
88,867,4178,4288,110,True
91,834,4178,4269,91,True
3,866,4179,4255,76,True
5,810,4179,4255,76,True
10,863,4179,4270,91,True
26,811,4179,4255,76,True
31,848,4179,4255,76,True
32,841,4179,4255,76,True
33,843,4179,4255,76,True
35,832,4179,4255,76,True
44,858,4179,4270,91,True
51,807,4179,4269,90,True
52,831,4179,,,False
54,906,4179,4288,109,True
63,862,4179,4285,106,True
65,818,4179,4269,90,True
71,815,4179,4288,109,True
75,869,4179,4288,109,True
79,788,4179,4269,90,True
81,796,4179,4288,109,True
83,816,4179,4269,90,True
85,838,4179,4288,109,True
87,809,4179,4288,109,True
88,868,4179,4288,109,True
94,848,4179,4269,90,True
95,836,4179,4269,90,True
96,802,4179,4288,109,True
99,829,4179,4269,90,True
0,856,4180,4255,75,True
5,811,4180,4255,75,True
8,819,4180,4255,75,True
13,824,4180,4255,75,True
29,805,4180,4255,75,True
39,784,4180,4255,75,True
42,870,4180,4255,75,True
49,856,4180,4232,52,True
54,907,4180,4288,108,True
62,813,4180,4288,108,True
63,863,4180,4285,105,True
64,888,4180,4269,89,True
83,817,4180,4269,89,True
85,839,4180,4288,108,True
87,810,4180,4288,108,True
89,841,4180,4288,108,True
91,835,4180,4269,89,True
94,849,4180,4269,89,True
97,839,4180,4269,89,True
98,825,4180,4269,89,True
0,857,4181,4255,74,True
7,791,4181,4255,74,True
10,864,4181,4270,89,True
16,880,4181,4255,74,True
22,866,4181,4255,74,True
23,835,4181,4255,74,True
36,863,4181,4255,74,True
38,826,4181,4255,74,True
46,848,4181,4270,89,True
59,852,4181,4288,107,True
60,794,4181,4288,107,True
61,826,4181,4234,53,True
63,864,4181,4285,104,True
65,819,4181,4269,88,True
66,789,4181,4269,88,True
69,847,4181,4288,107,True
71,816,4181,4288,107,True
73,831,4181,4288,107,True
9,860,4182,4255,73,True
10,865,4182,4270,88,True
12,847,4182,4270,88,True
13,825,4182,4255,73,True
16,881,4182,4255,73,True
21,819,4182,4232,50,True
27,827,4182,4255,73,True
38,827,4182,4255,73,True
44,859,4182,4270,88,True
45,794,4182,4255,73,True
49,857,4182,4232,50,True
52,832,4182,,,False
54,908,4182,4288,106,True
63,865,4182,4285,103,True
66,790,4182,4269,87,True
70,848,4182,4269,87,True
71,817,4182,4288,106,True
77,853,4182,4288,106,True
80,865,4182,4269,87,True
84,862,4182,4269,87,True
87,811,4182,4288,106,True
89,842,4182,4288,106,True
91,836,4182,4269,87,True
93,818,4182,4288,106,True
99,830,4182,4288,106,True
4,851,4183,4270,87,True
11,829,4183,4255,72,True
19,788,4183,4255,72,True
21,820,4183,4232,49,True
25,832,4183,4255,72,True
32,842,4183,4255,72,True
35,833,4183,4255,72,True
42,871,4183,4255,72,True
46,849,4183,4270,87,True
56,820,4183,4288,105,True
57,814,4183,4269,86,True
58,835,4183,4288,105,True
59,853,4183,4288,105,True
60,795,4183,4288,105,True
62,814,4183,4288,105,True
64,889,4183,4269,86,True
65,820,4183,4269,86,True
76,840,4183,4269,86,True
78,852,4183,4288,105,True
80,866,4183,4269,86,True
92,892,4183,4288,105,True
95,837,4183,4269,86,True
96,803,4183,4288,105,True
98,826,4183,4269,86,True
99,831,4183,4288,105,True
2,845,4184,4270,86,True
8,820,4184,4255,71,True
15,822,4184,4255,71,True
16,882,4184,4255,71,True
17,784,4184,4255,71,True
20,798,4184,4255,71,True
25,833,4184,4255,71,True
26,812,4184,4255,71,True
34,827,4184,4255,71,True
36,864,4184,4255,71,True
39,785,4184,4255,71,True
43,800,4184,4270,86,True
46,850,4184,4270,86,True
48,849,4184,4255,71,True
50,796,4184,4285,101,True
53,820,4184,4269,85,True
55,791,4184,4269,85,True
57,815,4184,4269,85,True
58,836,4184,4288,104,True
62,815,4184,4288,104,True
65,821,4184,4269,85,True
66,791,4184,4269,85,True
71,818,4184,4288,104,True
72,828,4184,4269,85,True
75,870,4184,4288,104,True
86,854,4184,4269,85,True
89,843,4184,4288,104,True
92,893,4184,4288,104,True
97,840,4184,4269,85,True
98,827,4184,4269,85,True
15,823,4185,4255,70,True
16,883,4185,4255,70,True
17,785,4185,4255,70,True
18,843,4185,4255,70,True
22,867,4185,4255,70,True
28,867,4185,4255,70,True
40,905,4185,4270,85,True
45,795,4185,4255,70,True
47,801,4185,4232,47,True
54,909,4185,4288,103,True
61,827,4185,4234,49,True
63,866,4185,4285,100,True
65,822,4185,4269,84,True
76,841,4185,4285,100,True
85,840,4185,4288,103,True
96,804,4185,4288,103,True
3,867,4186,4255,69,True
9,861,4186,4255,69,True
10,866,4186,4270,84,True
12,848,4186,4270,84,True
18,844,4186,4255,69,True
29,806,4186,4255,69,True
34,828,4186,4255,69,True
36,865,4186,4255,69,True
42,872,4186,4255,69,True
45,796,4186,4255,69,True
48,850,4186,4255,69,True
54,910,4186,4288,102,True
59,854,4186,4288,102,True
60,796,4186,4288,102,True
63,867,4186,4285,99,True
67,782,4186,4288,102,True
69,848,4186,4288,102,True
90,849,4186,4288,102,True
91,837,4186,4269,83,True
0,858,4187,4255,68,True
2,846,4187,4270,83,True
20,799,4187,4255,68,True
23,836,4187,4270,83,True
25,834,4187,4255,68,True
27,828,4187,4255,68,True
28,868,4187,4270,83,True
39,786,4187,4255,68,True
41,847,4187,4305,118,True
48,851,4187,4255,68,True
59,855,4187,4288,101,True
64,890,4187,4269,82,True
66,792,4187,4269,82,True
69,849,4187,4288,101,True
84,863,4187,4288,101,True
95,838,4187,4269,82,True
9,862,4188,4255,67,True
14,827,4188,4232,44,True
21,821,4188,4232,44,True
29,807,4188,4255,67,True
32,843,4188,4255,67,True
36,866,4188,4255,67,True
37,844,4188,4255,67,True
43,801,4188,4270,82,True
46,851,4188,4270,82,True
48,852,4188,4270,82,True
49,858,4188,4255,67,True
50,797,4188,4285,97,True
51,808,4188,4269,81,True
57,816,4188,4269,81,True
63,868,4188,4285,97,True
70,849,4188,4269,81,True
71,819,4188,4288,100,True
79,789,4188,4269,81,True
80,867,4188,4269,81,True
81,797,4188,4288,100,True
84,864,4188,4288,100,True
85,841,4188,4288,100,True
93,819,4188,4288,100,True
0,859,4189,4255,66,True
5,812,4189,4255,66,True
7,792,4189,4270,81,True
11,830,4189,4255,66,True
14,828,4189,4232,43,True
17,786,4189,4255,66,True
19,789,4189,4270,81,True
22,868,4189,4255,66,True
23,837,4189,4270,81,True
29,808,4189,4255,66,True
33,844,4189,4255,66,True
34,829,4189,4255,66,True
35,834,4189,4255,66,True
38,828,4189,4255,66,True
40,906,4189,4270,81,True
47,802,4189,4255,66,True
54,911,4189,4288,99,True
55,792,4189,4269,80,True
58,837,4189,4288,99,True
65,823,4189,4285,96,True
75,871,4189,4288,99,True
76,842,4189,4288,99,True
78,853,4189,4288,99,True
87,812,4189,4288,99,True
89,844,4189,4288,99,True
93,820,4189,4288,99,True
97,841,4189,4269,80,True
3,868,4190,4270,80,True
9,863,4190,4255,65,True
16,884,4190,4255,65,True
21,822,4190,4255,65,True
26,813,4190,4255,65,True
30,825,4190,4305,115,True
35,835,4190,4255,65,True
37,845,4190,4270,80,True
47,803,4190,4255,65,True
50,798,4190,4285,95,True
51,809,4190,4269,79,True
59,856,4190,4288,98,True
78,854,4190,4288,98,True
81,798,4190,4288,98,True
82,853,4190,4269,79,True
85,842,4190,4288,98,True
86,855,4190,4269,79,True
88,869,4190,4288,98,True
95,839,4190,4269,79,True
98,828,4190,4269,79,True
99,832,4190,4288,98,True
2,847,4191,4270,79,True
8,821,4191,4255,64,True
11,831,4191,4255,64,True
12,849,4191,4270,79,True
15,824,4191,4255,64,True
16,885,4191,4255,64,True
22,869,4191,4255,64,True
24,787,4191,4270,79,True
27,829,4191,4255,64,True
28,869,4191,4270,79,True
30,826,4191,4305,114,True
32,844,4191,4255,64,True
33,845,4191,4255,64,True
38,829,4191,4255,64,True
41,848,4191,4305,114,True
54,912,4191,4288,97,True
55,793,4191,4285,94,True
58,838,4191,4288,97,True
62,816,4191,4288,97,True
79,790,4191,4269,78,True
80,868,4191,4269,78,True
93,821,4191,4288,97,True
96,805,4191,4288,97,True
6,846,4192,4255,63,True
9,864,4192,4270,78,True
10,867,4192,4270,78,True
11,832,4192,4255,63,True
12,850,4192,4270,78,True
15,825,4192,4255,63,True
18,845,4192,4255,63,True
19,790,4192,4270,78,True
26,814,4192,4305,113,True
33,846,4192,4255,63,True
36,867,4192,4255,63,True
37,846,4192,4270,78,True
38,830,4192,4255,63,True
39,787,4192,4255,63,True
43,802,4192,4270,78,True
46,852,4192,4270,78,True
47,804,4192,4255,63,True
52,833,4192,,,False
53,821,4192,4269,77,True
64,891,4192,4269,77,True
76,843,4192,4288,96,True
77,854,4192,4288,96,True
78,855,4192,4288,96,True
83,818,4192,4269,77,True
90,850,4192,4288,96,True
5,813,4193,4255,62,True
12,851,4193,4270,77,True
23,838,4193,4270,77,True
30,827,4193,4305,112,True
35,836,4193,4255,62,True
41,849,4193,4305,112,True
42,873,4193,4255,62,True
44,860,4193,4270,77,True
47,805,4193,4255,62,True
49,859,4193,4255,62,True
50,799,4193,4285,92,True
55,794,4193,4285,92,True
56,821,4193,4288,95,True
58,839,4193,4288,95,True
59,857,4193,4288,95,True
61,828,4193,4269,76,True
62,817,4193,4288,95,True
66,793,4193,4285,92,True
71,820,4193,4288,95,True
80,869,4193,4269,76,True
87,813,4193,4288,95,True
95,840,4193,4269,76,True
99,833,4193,4288,95,True
3,869,4194,4270,76,True
9,865,4194,4270,76,True
23,839,4194,4270,76,True
48,853,4194,4270,76,True
50,800,4194,4285,91,True
54,913,4194,4288,94,True
60,797,4194,4288,94,True
65,824,4194,4285,91,True
66,794,4194,4285,91,True
83,819,4194,4269,75,True
90,851,4194,4288,94,True
92,894,4194,4288,94,True
97,842,4194,4269,75,True
98,829,4194,4269,75,True
1,846,4195,4255,60,True
2,848,4195,4270,75,True
6,847,4195,4255,60,True
8,822,4195,4305,110,True
16,886,4195,4255,60,True
34,830,4195,4255,60,True
38,831,4195,4255,60,True
39,788,4195,4270,75,True
46,853,4195,4270,75,True
52,834,4195,,,False
56,822,4195,4288,93,True
62,818,4195,4288,93,True
66,795,4195,4288,93,True
67,783,4195,4288,93,True
71,821,4195,4288,93,True
74,846,4195,4288,93,True
85,843,4195,4288,93,True
88,870,4195,4288,93,True
96,806,4195,4288,93,True
2,849,4196,4270,74,True
4,852,4196,4270,74,True
14,829,4196,4255,59,True
19,791,4196,4270,74,True
21,823,4196,4255,59,True
27,830,4196,4255,59,True
29,809,4196,4305,109,True
32,845,4196,4270,74,True
54,914,4196,4288,92,True
61,829,4196,4269,73,True
62,819,4196,4288,92,True
65,825,4196,4285,89,True
66,796,4196,4288,92,True
72,829,4196,4269,73,True
79,791,4196,4285,89,True
81,799,4196,4288,92,True
83,820,4196,4285,89,True
90,852,4196,4288,92,True
91,838,4196,4269,73,True
92,895,4196,4288,92,True
94,850,4196,4288,92,True
1,847,4197,4255,58,True
2,850,4197,4270,73,True
3,870,4197,4270,73,True
8,823,4197,4305,108,True
10,868,4197,4270,73,True
14,830,4197,4255,58,True
16,887,4197,4255,58,True
24,788,4197,4270,73,True
28,870,4197,4270,73,True
31,849,4197,4255,58,True
34,831,4197,4255,58,True
40,907,4197,4270,73,True
43,803,4197,4270,73,True
53,822,4197,4285,88,True
66,797,4197,4288,91,True
72,830,4197,4269,72,True
74,847,4197,4288,91,True
85,844,4197,4288,91,True
89,845,4197,4288,91,True
90,853,4197,4288,91,True
92,896,4197,4288,91,True
94,851,4197,4288,91,True
97,843,4197,4288,91,True
7,793,4198,4270,72,True
8,824,4198,4305,107,True
9,866,4198,4270,72,True
10,869,4198,4312,114,True
12,852,4198,4305,107,True
13,826,4198,4312,114,True
21,824,4198,4255,57,True
30,828,4198,4305,107,True
31,850,4198,4255,57,True
39,789,4198,4270,72,True
43,804,4198,4270,72,True
45,797,4198,4269,71,True
53,823,4198,4285,87,True
58,840,4198,4288,90,True
64,892,4198,4269,71,True
65,826,4198,4285,87,True
78,856,4198,4288,90,True
86,856,4198,4285,87,True
87,814,4198,4288,90,True
89,846,4198,4288,90,True
95,841,4198,4269,71,True
96,807,4198,4288,90,True
98,830,4198,4269,71,True
4,853,4199,4270,71,True
18,846,4199,4255,56,True
19,792,4199,4270,71,True
21,825,4199,4305,106,True
26,815,4199,4305,106,True
27,831,4199,4255,56,True
40,908,4199,4270,71,True
46,854,4199,4305,106,True
52,835,4199,,,False
61,830,4199,4269,70,True
63,869,4199,4288,89,True
64,893,4199,4269,70,True
65,827,4199,4285,86,True
66,798,4199,4288,89,True
78,857,4199,4288,89,True
79,792,4199,4285,86,True
83,821,4199,4285,86,True
88,871,4199,4288,89,True
91,839,4199,4288,89,True
95,842,4199,4269,70,True
5,814,4200,4255,55,True
7,794,4200,4270,70,True
28,871,4200,4270,70,True
33,847,4200,4305,105,True
34,832,4200,4255,55,True
36,868,4200,4270,70,True
44,861,4200,4305,105,True
45,798,4200,4269,69,True
48,854,4200,4270,70,True
53,824,4200,4288,88,True
55,795,4200,4288,88,True
67,784,4200,4288,88,True
73,832,4200,4288,88,True
78,858,4200,4288,88,True
81,800,4200,4288,88,True
90,854,4200,4288,88,True
94,852,4200,4288,88,True
97,844,4200,4288,88,True
10,870,4201,4312,111,True
17,787,4201,4270,69,True
23,840,4201,4270,69,True
36,869,4201,4270,69,True
37,847,4201,4270,69,True
40,909,4201,4270,69,True
50,801,4201,4285,84,True
56,823,4201,4288,87,True
78,859,4201,4351,150,True
86,857,4201,4285,84,True
87,815,4201,4288,87,True
90,855,4201,4288,87,True
93,822,4201,4351,150,True
94,853,4201,4288,87,True
96,808,4201,4288,87,True
98,831,4201,4269,68,True
3,871,4202,4305,103,True
5,815,4202,4312,110,True
12,853,4202,4305,103,True
14,831,4202,4255,53,True
15,826,4202,4269,67,True
22,870,4202,4270,68,True
23,841,4202,4270,68,True
27,832,4202,4255,53,True
41,850,4202,4305,103,True
42,874,4202,4270,68,True
43,805,4202,4270,68,True
54,915,4202,4288,86,True
62,820,4202,4288,86,True
64,894,4202,4269,67,True
65,828,4202,4285,83,True
66,799,4202,4288,86,True
69,850,4202,4288,86,True
87,816,4202,4288,86,True
3,872,4203,4305,102,True
11,833,4203,4305,102,True
15,827,4203,4269,66,True
21,826,4203,4305,102,True
26,816,4203,4305,102,True
32,846,4203,4270,67,True
34,833,4203,4269,66,True
39,790,4203,4270,67,True
50,802,4203,4285,82,True
52,836,4203,,,False
54,916,4203,4288,85,True
57,817,4203,4269,66,True
71,822,4203,4288,85,True
72,831,4203,4285,82,True
73,833,4203,4288,85,True
75,872,4203,4288,85,True
78,860,4203,4351,148,True
83,822,4203,4285,82,True
91,840,4203,4288,85,True
95,843,4203,4269,66,True
4,854,4204,4270,66,True
13,827,4204,4312,108,True
14,832,4204,4255,51,True
18,847,4204,4270,66,True
22,871,4204,4270,66,True
23,842,4204,4270,66,True
25,835,4204,4270,66,True
32,847,4204,4270,66,True
34,834,4204,4269,65,True
36,870,4204,4270,66,True
38,832,4204,4270,66,True
39,791,4204,4270,66,True
42,875,4204,4270,66,True
53,825,4204,4288,84,True
62,821,4204,4288,84,True
63,870,4204,4288,84,True
78,861,4204,4351,147,True
81,801,4204,4288,84,True
82,854,4204,4285,81,True
85,845,4204,4288,84,True
87,817,4204,4288,84,True
92,897,4204,4288,84,True
97,845,4204,4288,84,True
98,832,4204,4269,65,True
2,851,4205,4270,65,True
3,873,4205,4305,100,True
4,855,4205,4270,65,True
5,816,4205,4312,107,True
9,867,4205,4312,107,True
10,871,4205,4312,107,True
11,834,4205,4305,100,True
12,854,4205,4305,100,True
21,827,4205,4305,100,True
23,843,4205,4270,65,True
39,792,4205,4270,65,True
41,851,4205,4305,100,True
42,876,4205,4270,65,True
60,798,4205,4288,83,True
62,822,4205,4288,83,True
65,829,4205,4285,80,True
66,800,4205,4288,83,True
67,785,4205,4288,83,True
68,871,4205,4285,80,True
69,851,4205,4288,83,True
70,850,4205,4288,83,True
74,848,4205,4288,83,True
80,870,4205,4285,80,True
93,823,4205,4351,146,True
94,854,4205,4288,83,True
96,809,4205,4351,146,True
6,848,4206,4255,49,True
17,788,4206,4270,64,True
18,848,4206,4270,64,True
27,833,4206,4270,64,True
30,829,4206,4305,99,True
34,835,4206,4269,63,True
40,910,4206,4270,64,True
43,806,4206,4270,64,True
52,837,4206,,,False
57,818,4206,4269,63,True
59,858,4206,4288,82,True
67,786,4206,4288,82,True
68,872,4206,4285,79,True
69,852,4206,4288,82,True
70,851,4206,4288,82,True
90,856,4206,4288,82,True
96,810,4206,4351,145,True
4,856,4207,4270,63,True
10,872,4207,4312,105,True
11,835,4207,4305,98,True
15,828,4207,4269,62,True
29,810,4207,4305,98,True
31,851,4207,4270,63,True
35,837,4207,4255,48,True
36,871,4207,4270,63,True
40,911,4207,4270,63,True
41,852,4207,4305,98,True
43,807,4207,4270,63,True
49,860,4207,4305,98,True
53,826,4207,4288,81,True
60,799,4207,4288,81,True
63,871,4207,4288,81,True
72,832,4207,4285,78,True
76,844,4207,4288,81,True
85,846,4207,4288,81,True
89,847,4207,4288,81,True
98,833,4207,4269,62,True
5,817,4208,4312,104,True
8,825,4208,4305,97,True
13,828,4208,4312,104,True
19,793,4208,4270,62,True
28,872,4208,4270,62,True
29,811,4208,4305,97,True
46,855,4208,4305,97,True
54,917,4208,4288,80,True
65,830,4208,4285,77,True
67,787,4208,4288,80,True
68,873,4208,4285,77,True
90,857,4208,4288,80,True
91,841,4208,4288,80,True
95,844,4208,4288,80,True
6,849,4209,4270,61,True
7,795,4209,4312,103,True
13,829,4209,4312,103,True
16,888,4209,4270,61,True
20,800,4209,4269,60,True
28,873,4209,4270,61,True
31,852,4209,4270,61,True
33,848,4209,4305,96,True
41,853,4209,4305,96,True
48,855,4209,4270,61,True
50,803,4209,4285,76,True
51,810,4209,4351,142,True
57,819,4209,4269,60,True
63,872,4209,4288,79,True
64,895,4209,4269,60,True
66,801,4209,4288,79,True
81,802,4209,4288,79,True
87,818,4209,4288,79,True
99,834,4209,4288,79,True
7,796,4210,4312,102,True
12,855,4210,4305,95,True
14,833,4210,4305,95,True
22,872,4210,4270,60,True
23,844,4210,4305,95,True
25,836,4210,4270,60,True
26,817,4210,4305,95,True
29,812,4210,4305,95,True
30,830,4210,4305,95,True
35,838,4210,4269,59,True
36,872,4210,4270,60,True
42,877,4210,4270,60,True
43,808,4210,4270,60,True
45,799,4210,4269,59,True
46,856,4210,4305,95,True
54,918,4210,4288,78,True
62,823,4210,4288,78,True
71,823,4210,4288,78,True
78,862,4210,4351,141,True
96,811,4210,4351,141,True
0,860,4211,4305,94,True
3,874,4211,4305,94,True
8,826,4211,4305,94,True
13,830,4211,4312,101,True
21,828,4211,4305,94,True
25,837,4211,4270,59,True
34,836,4211,4269,58,True
37,848,4211,4312,101,True
40,912,4211,4270,59,True
48,856,4211,4270,59,True
53,827,4211,4288,77,True
55,796,4211,4288,77,True
56,824,4211,4288,77,True
66,802,4211,4288,77,True
75,873,4211,4288,77,True
76,845,4211,4288,77,True
82,855,4211,4285,74,True
90,858,4211,4288,77,True
91,842,4211,4288,77,True
96,812,4211,4351,140,True
97,846,4211,4288,77,True
6,850,4212,4270,58,True
8,827,4212,4305,93,True
14,834,4212,4305,93,True
31,853,4212,4270,58,True
32,848,4212,4305,93,True
34,837,4212,4269,57,True
39,793,4212,4312,100,True
45,800,4212,4269,57,True
53,828,4212,4288,76,True
61,831,4212,4269,57,True
72,833,4212,4285,73,True
80,871,4212,4288,76,True
81,803,4212,4288,76,True
85,847,4212,4351,139,True
86,858,4212,4285,73,True
0,861,4213,4305,92,True
2,852,4213,4270,57,True
3,875,4213,4305,92,True
5,818,4213,4312,99,True
10,873,4213,4312,99,True
13,831,4213,4312,99,True
18,849,4213,4312,99,True
19,794,4213,4270,57,True
26,818,4213,4305,92,True
27,834,4213,4270,57,True
32,849,4213,4305,92,True
33,849,4213,4305,92,True
34,838,4213,4269,56,True
35,839,4213,4269,56,True
37,849,4213,4312,99,True
38,833,4213,4270,57,True
39,794,4213,4312,99,True
47,806,4213,4305,92,True
52,838,4213,,,False
56,825,4213,4288,75,True
57,820,4213,4269,56,True
59,859,4213,4288,75,True
67,788,4213,4288,75,True
70,852,4213,4288,75,True
71,824,4213,4288,75,True
72,834,4213,4285,72,True
74,849,4213,4288,75,True
78,863,4213,4351,138,True
88,872,4213,4288,75,True
98,834,4213,4285,72,True
2,853,4214,4270,56,True
9,868,4214,4312,98,True
12,856,4214,4305,91,True
14,835,4214,4305,91,True
17,789,4214,4270,56,True
29,813,4214,4305,91,True
31,854,4214,4270,56,True
32,850,4214,4305,91,True
52,839,4214,,,False
55,797,4214,4288,74,True
56,826,4214,4288,74,True
68,874,4214,4288,74,True
70,853,4214,4288,74,True
72,835,4214,4285,71,True
77,855,4214,4288,74,True
84,865,4214,4288,74,True
85,848,4214,4351,137,True
90,859,4214,4288,74,True
93,824,4214,4351,137,True
95,845,4214,4288,74,True
8,828,4215,4305,90,True
10,874,4215,4312,97,True
14,836,4215,4305,90,True
15,829,4215,4269,54,True
21,829,4215,4305,90,True
26,819,4215,4305,90,True
27,835,4215,4270,55,True
28,874,4215,4270,55,True
29,814,4215,4305,90,True
34,839,4215,4269,54,True
35,840,4215,4269,54,True
38,834,4215,4270,55,True
39,795,4215,4312,97,True
40,913,4215,4270,55,True
43,809,4215,4312,97,True
45,801,4215,4269,54,True
52,840,4215,,,False
59,860,4215,4288,73,True
63,873,4215,4288,73,True
76,846,4215,4288,73,True
87,819,4215,4351,136,True
88,873,4215,4351,136,True
91,843,4215,4288,73,True
95,846,4215,4288,73,True
97,847,4215,4288,73,True
99,835,4215,4288,73,True
7,797,4216,4312,96,True
9,869,4216,4312,96,True
14,837,4216,4305,89,True
31,855,4216,4270,54,True
36,873,4216,4312,96,True
45,802,4216,4269,53,True
46,857,4216,4305,89,True
51,811,4216,4351,135,True
55,798,4216,4288,72,True
61,832,4216,4269,53,True
62,824,4216,4288,72,True
69,853,4216,4288,72,True
74,850,4216,4288,72,True
86,859,4216,4285,69,True
90,860,4216,4288,72,True
91,844,4216,4288,72,True
98,835,4216,4285,69,True
99,836,4216,4288,72,True
10,875,4217,4312,95,True
13,832,4217,4312,95,True
22,873,4217,4270,53,True
31,856,4217,4270,53,True
34,840,4217,4269,52,True
36,874,4217,4312,95,True
40,914,4217,4312,95,True
44,862,4217,4353,136,True
45,803,4217,4269,52,True
47,807,4217,4305,88,True
68,875,4217,4288,71,True
73,834,4217,4288,71,True
76,847,4217,4288,71,True
77,856,4217,4288,71,True
90,861,4217,4288,71,True
91,845,4217,4288,71,True
94,855,4217,4288,71,True
96,813,4217,4351,134,True
5,819,4218,4312,94,True
6,851,4218,4270,52,True
11,836,4218,4305,87,True
15,830,4218,4269,51,True
26,820,4218,4305,87,True
27,836,4218,4270,52,True
33,850,4218,4305,87,True
39,796,4218,4312,94,True
45,804,4218,4312,94,True
46,858,4218,4305,87,True
47,808,4218,4305,87,True
58,841,4218,4288,70,True
59,861,4218,4288,70,True
60,800,4218,4351,133,True
64,896,4218,4269,51,True
67,789,4218,4288,70,True
69,854,4218,4288,70,True
72,836,4218,4285,67,True
73,835,4218,4288,70,True
75,874,4218,4351,133,True
85,849,4218,4351,133,True
90,862,4218,4288,70,True
95,847,4218,4288,70,True
3,876,4219,4305,86,True
18,850,4219,4312,93,True
22,874,4219,4270,51,True
25,838,4219,4270,51,True
26,821,4219,4305,86,True
29,815,4219,4305,86,True
31,857,4219,4270,51,True
38,835,4219,4270,51,True
40,915,4219,4312,93,True
43,810,4219,4312,93,True
44,863,4219,4353,134,True
48,857,4219,4270,51,True
49,861,4219,4305,86,True
55,799,4219,4288,69,True
62,825,4219,4288,69,True
63,874,4219,4351,132,True
70,854,4219,4288,69,True
71,825,4219,4351,132,True
75,875,4219,4351,132,True
93,825,4219,4351,132,True
0,862,4220,4305,85,True
3,877,4220,4305,85,True
12,857,4220,4305,85,True
21,830,4220,4305,85,True
30,831,4220,4305,85,True
32,851,4220,4312,92,True
35,841,4220,4269,49,True
41,854,4220,4305,85,True
44,864,4220,4353,133,True
53,829,4220,4351,131,True
57,821,4220,4285,65,True
62,826,4220,4288,68,True
80,872,4220,4288,68,True
86,860,4220,4285,65,True
87,820,4220,4351,131,True
90,863,4220,4288,68,True
3,878,4221,4312,91,True
11,837,4221,4305,84,True
15,831,4221,4278,57,True
16,889,4221,4312,91,True
17,790,4221,4270,49,True
32,852,4221,4312,91,True
36,875,4221,4312,91,True
49,862,4221,4305,84,True
50,804,4221,4351,130,True
54,919,4221,4288,67,True
59,862,4221,4288,67,True
62,827,4221,4288,67,True
67,790,4221,4288,67,True
72,837,4221,4285,64,True
73,836,4221,4288,67,True
87,821,4221,4351,130,True
94,856,4221,4288,67,True
7,798,4222,4312,90,True
11,838,4222,4305,83,True
15,832,4222,4278,56,True
17,791,4222,4270,48,True
19,795,4222,4353,131,True
20,801,4222,4269,47,True
22,875,4222,4270,48,True
24,789,4222,4312,90,True
28,875,4222,4270,48,True
30,832,4222,4305,83,True
32,853,4222,4312,90,True
33,851,4222,4305,83,True
43,811,4222,4312,90,True
58,842,4222,4288,66,True
60,801,4222,4351,129,True
66,803,4222,4351,129,True
67,791,4222,4288,66,True
70,855,4222,4288,66,True
74,851,4222,4351,129,True
84,866,4222,4288,66,True
90,864,4222,4351,129,True
93,826,4222,4351,129,True
5,820,4223,4312,89,True
13,833,4223,4312,89,True
15,833,4223,4278,55,True
19,796,4223,4353,130,True
21,831,4223,4305,82,True
32,854,4223,4312,89,True
36,876,4223,4312,89,True
38,836,4223,4270,47,True
44,865,4223,4353,130,True
51,812,4223,4351,128,True
61,833,4223,4269,46,True
69,855,4223,4288,65,True
70,856,4223,4288,65,True
72,838,4223,4285,62,True
87,822,4223,4351,128,True
88,874,4223,4351,128,True
98,836,4223,4285,62,True
99,837,4223,4288,65,True
1,848,4224,4305,81,True
3,879,4224,4312,88,True
4,857,4224,4312,88,True
5,821,4224,4312,88,True
9,870,4224,4312,88,True
12,858,4224,4305,81,True
13,834,4224,4312,88,True
22,876,4224,4312,88,True
34,841,4224,4270,46,True
42,878,4224,4312,88,True
43,812,4224,4312,88,True
47,809,4224,4305,81,True
48,858,4224,4312,88,True
51,813,4224,4351,127,True
53,830,4224,4351,127,True
59,863,4224,4288,64,True
63,875,4224,4351,127,True
65,831,4224,4288,64,True
79,793,4224,4288,64,True
85,850,4224,4351,127,True
89,848,4224,4351,127,True
94,857,4224,4288,64,True
95,848,4224,4288,64,True
99,838,4224,4288,64,True
0,863,4225,4305,80,True
9,871,4225,4312,87,True
12,859,4225,4305,80,True
14,838,4225,4305,80,True
20,802,4225,4270,45,True
23,845,4225,4305,80,True
27,837,4225,4312,87,True
38,837,4225,4312,87,True
43,813,4225,4312,87,True
56,827,4225,4288,63,True
57,822,4225,4318,93,True
58,843,4225,4288,63,True
63,876,4225,4351,126,True
71,826,4225,4351,126,True
77,857,4225,4351,126,True
82,856,4225,4288,63,True
83,823,4225,4351,126,True
84,867,4225,4288,63,True
92,898,4225,4288,63,True
94,858,4225,4288,63,True
96,814,4225,4351,126,True
98,837,4225,4285,60,True
99,839,4225,4288,63,True
0,864,4226,4305,79,True
9,872,4226,4312,86,True
11,839,4226,4305,79,True
12,860,4226,4305,79,True
14,839,4226,4305,79,True
21,832,4226,4305,79,True
27,838,4226,4312,86,True
30,833,4226,4305,79,True
31,858,4226,4312,86,True
38,838,4226,4312,86,True
55,800,4226,4351,125,True
58,844,4226,4288,62,True
59,864,4226,4288,62,True
68,876,4226,4351,125,True
69,856,4226,4288,62,True
82,857,4226,4288,62,True
83,824,4226,4351,125,True
93,827,4226,4351,125,True
94,859,4226,4288,62,True
4,858,4227,4312,85,True
7,799,4227,4312,85,True
11,840,4227,4305,78,True
12,861,4227,4305,78,True
14,840,4227,4305,78,True
16,890,4227,4312,85,True
19,797,4227,4353,126,True
22,877,4227,4312,85,True
27,839,4227,4312,85,True
30,834,4227,4305,78,True
33,852,4227,4305,78,True
37,850,4227,4312,85,True
38,839,4227,4312,85,True
39,797,4227,4312,85,True
42,879,4227,4312,85,True
43,814,4227,4312,85,True
44,866,4227,4353,126,True
45,805,4227,4312,85,True
54,920,4227,4351,124,True
56,828,4227,4288,61,True
62,828,4227,4288,61,True
64,897,4227,4305,78,True
65,832,4227,4351,124,True
67,792,4227,4288,61,True
73,837,4227,4351,124,True
92,899,4227,4288,61,True
93,828,4227,4351,124,True
97,848,4227,4288,61,True
3,880,4228,4312,84,True
9,873,4228,4312,84,True
11,841,4228,4305,77,True
13,835,4228,4312,84,True
32,855,4228,4312,84,True
56,829,4228,4288,60,True
65,833,4228,4351,123,True
66,804,4228,4351,123,True
69,857,4228,4351,123,True
71,827,4228,4351,123,True
73,838,4228,4351,123,True
76,848,4228,4288,60,True
81,804,4228,4351,123,True
91,846,4228,4351,123,True
98,838,4228,4288,60,True
4,859,4229,4312,83,True
6,852,4229,4312,83,True
10,876,4229,4312,83,True
13,836,4229,4353,124,True
15,834,4229,4278,49,True
21,833,4229,4305,76,True
23,846,4229,4312,83,True
25,839,4229,4312,83,True
38,840,4229,4312,83,True
39,798,4229,4312,83,True
43,815,4229,4312,83,True
47,810,4229,4305,76,True
48,859,4229,4312,83,True
50,805,4229,4351,122,True
55,801,4229,4351,122,True
63,877,4229,4351,122,True
70,857,4229,4288,59,True
71,828,4229,4351,122,True
77,858,4229,4351,122,True
85,851,4229,4351,122,True
86,861,4229,4288,59,True
87,823,4229,4351,122,True
91,847,4229,4351,122,True
96,815,4229,4351,122,True
99,840,4229,4351,122,True
0,865,4230,4305,75,True
1,849,4230,4305,75,True
5,822,4230,4312,82,True
11,842,4230,4305,75,True
16,891,4230,4312,82,True
17,792,4230,4312,82,True
21,834,4230,4305,75,True
23,847,4230,4312,82,True
24,790,4230,4312,82,True
30,835,4230,4305,75,True
33,853,4230,4305,75,True
41,855,4230,4312,82,True
56,830,4230,4288,58,True
59,865,4230,4288,58,True
66,805,4230,4351,121,True
72,839,4230,4285,55,True
77,859,4230,4351,121,True
85,852,4230,4351,121,True
92,900,4230,4288,58,True
94,860,4230,4288,58,True
95,849,4230,4288,58,True
97,849,4230,4351,121,True
1,850,4231,4305,74,True
3,881,4231,4353,122,True
5,823,4231,4312,81,True
11,843,4231,4305,74,True
27,840,4231,4312,81,True
29,816,4231,4305,74,True
30,836,4231,4305,74,True
35,842,4231,4305,74,True
48,860,4231,4312,81,True
63,878,4231,4351,120,True
67,793,4231,4351,120,True
73,839,4231,4351,120,True
84,868,4231,4351,120,True
96,816,4231,4351,120,True
97,850,4231,4351,120,True
6,853,4232,4312,80,True
10,877,4232,4312,80,True
13,837,4232,4353,121,True
19,798,4232,4353,121,True
25,840,4232,4312,80,True
26,822,4232,4312,80,True
31,859,4232,4312,80,True
33,854,4232,4305,73,True
41,856,4232,4312,80,True
44,867,4232,4353,121,True
45,806,4232,4312,80,True
53,831,4232,4351,119,True
56,831,4232,4288,56,True
60,802,4232,4351,119,True
61,834,4232,4285,53,True
68,877,4232,4351,119,True
72,840,4232,4285,53,True
73,840,4232,4351,119,True
75,876,4232,4351,119,True
80,873,4232,4351,119,True
87,824,4232,4351,119,True
90,865,4232,4351,119,True
91,848,4232,4351,119,True
93,829,4232,4351,119,True
17,793,4233,4312,79,True
18,851,4233,4312,79,True
19,799,4233,4353,120,True
29,817,4233,4312,79,True
37,851,4233,4312,79,True
54,921,4233,4351,118,True
59,866,4233,4351,118,True
64,898,4233,4305,72,True
72,841,4233,4285,52,True
73,841,4233,4351,118,True
78,864,4233,4351,118,True
79,794,4233,4288,55,True
91,849,4233,4351,118,True
96,817,4233,4351,118,True
97,851,4233,4351,118,True
98,839,4233,4288,55,True
1,851,4234,4305,71,True
7,800,4234,4312,78,True
10,878,4234,4312,78,True
11,844,4234,4305,71,True
23,848,4234,4312,78,True
25,841,4234,4312,78,True
35,843,4234,4305,71,True
39,799,4234,4312,78,True
40,916,4234,4312,78,True
44,868,4234,4353,119,True
50,806,4234,4351,117,True
51,814,4234,4351,117,True
62,829,4234,4351,117,True
66,806,4234,4351,117,True
72,842,4234,4285,51,True
76,849,4234,4288,54,True
81,805,4234,4351,117,True
94,861,4234,4351,117,True
97,852,4234,4351,117,True
99,841,4234,4351,117,True
13,838,4235,4353,118,True
14,841,4235,4305,70,True
24,791,4235,4312,77,True
26,823,4235,4312,77,True
34,842,4235,4305,70,True
40,917,4235,4312,77,True
44,869,4235,4353,118,True
46,859,4235,4312,77,True
47,811,4235,4305,70,True
60,803,4235,4351,116,True
65,834,4235,4351,116,True
69,858,4235,4351,116,True
70,858,4235,4288,53,True
85,853,4235,4351,116,True
95,850,4235,4351,116,True
2,854,4236,4312,76,True
3,882,4236,4353,117,True
4,860,4236,4312,76,True
7,801,4236,4312,76,True
14,842,4236,4305,69,True
16,892,4236,4312,76,True
20,803,4236,4285,49,True
24,792,4236,4353,117,True
34,843,4236,4305,69,True
37,852,4236,4312,76,True
39,800,4236,4312,76,True
42,880,4236,4312,76,True
44,870,4236,4353,117,True
45,807,4236,4312,76,True
58,845,4236,4351,115,True
77,860,4236,4351,115,True
81,806,4236,4351,115,True
83,825,4236,4351,115,True
89,849,4236,4351,115,True
92,901,4236,4351,115,True
93,830,4236,4351,115,True
1,852,4237,4305,68,True
2,855,4237,4312,75,True
3,883,4237,4353,116,True
8,829,4237,4305,68,True
11,845,4237,4305,68,True
16,893,4237,4312,75,True
19,800,4237,4353,116,True
30,837,4237,4305,68,True
37,853,4237,4312,75,True
42,881,4237,4312,75,True
45,808,4237,4312,75,True
50,807,4237,4351,114,True
71,829,4237,4351,114,True
75,877,4237,4351,114,True
77,861,4237,4351,114,True
79,795,4237,4351,114,True
85,854,4237,4351,114,True
87,825,4237,4351,114,True
2,856,4238,4312,74,True
5,824,4238,4312,74,True
13,839,4238,4353,115,True
18,852,4238,4312,74,True
21,835,4238,4305,67,True
55,802,4238,4351,113,True
56,832,4238,4351,113,True
57,823,4238,4318,80,True
58,846,4238,4351,113,True
59,867,4238,4351,113,True
69,859,4238,4351,113,True
73,842,4238,4351,113,True
76,850,4238,4351,113,True
77,862,4238,4351,113,True
82,858,4238,4351,113,True
88,875,4238,4351,113,True
92,902,4238,4351,113,True
98,840,4238,4288,50,True
1,853,4239,4305,66,True
7,802,4239,4353,114,True
28,876,4239,4312,73,True
33,855,4239,4318,79,True
38,841,4239,4312,73,True
40,918,4239,4312,73,True
42,882,4239,4312,73,True
44,871,4239,4353,114,True
50,808,4239,4351,112,True
51,815,4239,4351,112,True
53,832,4239,4351,112,True
54,922,4239,4351,112,True
57,824,4239,4318,79,True
61,835,4239,4305,66,True
63,879,4239,4351,112,True
71,830,4239,4351,112,True
76,851,4239,4351,112,True
77,863,4239,4351,112,True
79,796,4239,4351,112,True
80,874,4239,4351,112,True
81,807,4239,4351,112,True
87,826,4239,4351,112,True
91,850,4239,4351,112,True
93,831,4239,4351,112,True
98,841,4239,4288,49,True
4,861,4240,4312,72,True
14,843,4240,4305,65,True
15,835,4240,4305,65,True
21,836,4240,4305,65,True
26,824,4240,4353,113,True
32,856,4240,4312,72,True
39,801,4240,4312,72,True
48,861,4240,4312,72,True
53,833,4240,4351,111,True
58,847,4240,4351,111,True
60,804,4240,4351,111,True
63,880,4240,4351,111,True
65,835,4240,4351,111,True
68,878,4240,4351,111,True
73,843,4240,4351,111,True
82,859,4240,4351,111,True
89,850,4240,4351,111,True
99,842,4240,4351,111,True
13,840,4241,4353,112,True
16,894,4241,4312,71,True
21,837,4241,4305,64,True
34,844,4241,4305,64,True
40,919,4241,4312,71,True
45,809,4241,4312,71,True
57,825,4241,4318,77,True
58,848,4241,4351,110,True
63,881,4241,4351,110,True
65,836,4241,4351,110,True
66,807,4241,4351,110,True
69,860,4241,4351,110,True
71,831,4241,4351,110,True
91,851,4241,4351,110,True
96,818,4241,4351,110,True
98,842,4241,4288,47,True
11,846,4242,4312,70,True
12,862,4242,4312,70,True
15,836,4242,4305,63,True
22,878,4242,4312,70,True
24,793,4242,4353,111,True
26,825,4242,4353,111,True
28,877,4242,4312,70,True
34,845,4242,4312,70,True
39,802,4242,4353,111,True
44,872,4242,4353,111,True
47,812,4242,4305,63,True
50,809,4242,4351,109,True
56,833,4242,4351,109,True
57,826,4242,4318,76,True
63,882,4242,4351,109,True
73,844,4242,4351,109,True
76,852,4242,4351,109,True
79,797,4242,4351,109,True
83,826,4242,4351,109,True
87,827,4242,4351,109,True
95,851,4242,4351,109,True
3,884,4243,4353,110,True
6,854,4243,4312,69,True
14,844,4243,4305,62,True
26,826,4243,4353,110,True
34,846,4243,4312,69,True
35,844,4243,4312,69,True
45,810,4243,4312,69,True
46,860,4243,4312,69,True
47,813,4243,4305,62,True
57,827,4243,4318,75,True
66,808,4243,4351,108,True
84,869,4243,4351,108,True
85,855,4243,4351,108,True
96,819,4243,4351,108,True
9,874,4244,4312,68,True
13,841,4244,4353,109,True
16,895,4244,4312,68,True
31,860,4244,4312,68,True
36,877,4244,4312,68,True
43,816,4244,4353,109,True
48,862,4244,4312,68,True
52,841,4244,,,False
58,849,4244,4351,107,True
61,836,4244,4305,61,True
65,837,4244,4351,107,True
67,794,4244,4351,107,True
70,859,4244,4351,107,True
80,875,4244,4351,107,True
90,866,4244,4351,107,True
8,830,4245,4312,67,True
13,842,4245,4353,108,True
26,827,4245,4353,108,True
29,818,4245,4312,67,True
38,842,4245,4312,67,True
42,883,4245,4312,67,True
43,817,4245,4353,108,True
49,863,4245,4312,67,True
53,834,4245,4351,106,True
55,803,4245,4351,106,True
57,828,4245,4318,73,True
58,850,4245,4351,106,True
70,860,4245,4351,106,True
80,876,4245,4351,106,True
94,862,4245,4351,106,True
97,853,4245,4351,106,True
98,843,4245,4288,43,True
2,857,4246,4312,66,True
3,885,4246,4353,107,True
5,825,4246,4312,66,True
19,801,4246,4353,107,True
20,804,4246,4312,66,True
28,878,4246,4312,66,True
35,845,4246,4312,66,True
36,878,4246,4312,66,True
38,843,4246,4312,66,True
47,814,4246,4305,59,True
49,864,4246,4312,66,True
64,899,4246,4305,59,True
76,853,4246,4351,105,True
82,860,4246,4351,105,True
91,852,4246,4351,105,True
93,832,4246,4351,105,True
94,863,4246,4351,105,True
97,854,4246,4351,105,True
9,875,4247,4312,65,True
12,863,4247,4312,65,True
14,845,4247,4305,58,True
20,805,4247,4312,65,True
24,794,4247,4353,106,True
40,920,4247,4312,65,True
45,811,4247,4312,65,True
55,804,4247,4351,104,True
62,830,4247,4351,104,True
65,838,4247,4351,104,True
68,879,4247,4351,104,True
70,861,4247,4351,104,True
75,878,4247,4351,104,True
80,877,4247,4351,104,True
87,828,4247,4351,104,True
89,851,4247,4351,104,True
90,867,4247,4351,104,True
91,853,4247,4351,104,True
93,833,4247,4351,104,True
97,855,4247,4351,104,True
0,866,4248,4312,64,True
9,876,4248,4312,64,True
15,837,4248,4312,64,True
16,896,4248,4312,64,True
18,853,4248,4312,64,True
22,879,4248,4312,64,True
25,842,4248,4312,64,True
32,857,4248,4312,64,True
34,847,4248,4312,64,True
38,844,4248,4312,64,True
40,921,4248,4312,64,True
51,816,4248,4351,103,True
56,834,4248,4351,103,True
87,829,4248,4351,103,True
89,852,4248,4351,103,True
91,854,4248,4351,103,True
92,903,4248,4351,103,True
96,820,4248,4351,103,True
99,843,4248,4351,103,True
0,867,4249,4312,63,True
3,886,4249,4353,104,True
5,826,4249,4312,63,True
23,849,4249,4312,63,True
35,846,4249,4312,63,True
49,865,4249,4312,63,True
67,795,4249,4351,102,True
74,852,4249,4351,102,True
80,878,4249,4351,102,True
84,870,4249,4351,102,True
85,856,4249,4351,102,True
97,856,4249,4351,102,True
4,862,4250,4312,62,True
7,803,4250,4353,103,True
8,831,4250,4312,62,True
12,864,4250,4312,62,True
14,846,4250,4305,55,True
18,854,4250,4312,62,True
20,806,4250,4312,62,True
29,819,4250,4318,68,True
39,803,4250,4353,103,True
42,884,4250,4312,62,True
48,863,4250,4401,151,True
51,817,4250,4351,101,True
55,805,4250,4351,101,True
60,805,4250,4351,101,True
65,839,4250,4351,101,True
66,809,4250,4351,101,True
67,796,4250,4351,101,True
74,853,4250,4351,101,True
79,798,4250,4351,101,True
82,861,4250,4351,101,True
89,853,4250,4351,101,True
93,834,4250,4351,101,True
94,864,4250,4351,101,True
4,863,4251,4312,61,True
16,897,4251,4353,102,True
27,841,4251,4312,61,True
28,879,4251,4312,61,True
36,879,4251,4312,61,True
40,922,4251,4312,61,True
41,857,4251,4312,61,True
43,818,4251,4353,102,True
44,873,4251,4353,102,True
55,806,4251,4351,100,True
56,835,4251,4351,100,True
58,851,4251,4351,100,True
67,797,4251,4351,100,True
69,861,4251,4351,100,True
75,879,4251,4351,100,True
76,854,4251,4351,100,True
89,854,4251,4351,100,True
90,868,4251,4351,100,True
91,855,4251,4351,100,True
93,835,4251,4351,100,True
3,887,4252,4353,101,True
4,864,4252,4312,60,True
18,855,4252,4312,60,True
27,842,4252,4353,101,True
30,838,4252,4312,60,True
33,856,4252,4318,66,True
34,848,4252,4312,60,True
35,847,4252,4312,60,True
40,923,4252,4312,60,True
43,819,4252,4353,101,True
47,815,4252,4371,119,True
61,837,4252,4305,53,True
70,862,4252,4351,99,True
78,865,4252,4351,99,True
81,808,4252,4351,99,True
84,871,4252,4351,99,True
86,862,4252,4351,99,True
90,869,4252,4351,99,True
4,865,4253,4312,59,True
5,827,4253,4312,59,True
12,865,4253,4318,65,True
16,898,4253,4353,100,True
17,794,4253,4312,59,True
37,854,4253,4353,100,True
39,804,4253,4353,100,True
48,864,4253,4401,148,True
49,866,4253,4312,59,True
57,829,4253,4318,65,True
72,843,4253,4351,98,True
74,854,4253,4351,98,True
78,866,4253,4351,98,True
95,852,4253,4351,98,True
7,804,4254,4353,99,True
16,899,4254,4353,99,True
17,795,4254,4312,58,True
20,807,4254,4312,58,True
21,838,4254,4312,58,True
35,848,4254,4312,58,True
37,855,4254,4353,99,True
43,820,4254,4353,99,True
44,874,4254,4353,99,True
54,923,4254,4351,97,True
58,852,4254,4351,97,True
63,883,4254,4351,97,True
79,799,4254,4351,97,True
83,827,4254,4351,97,True
87,830,4254,4351,97,True
91,856,4254,4351,97,True
95,853,4254,4351,97,True
0,868,4255,4312,57,True
4,866,4255,4312,57,True
32,858,4255,4353,98,True
33,857,4255,4318,63,True
35,849,4255,4312,57,True
38,845,4255,4353,98,True
45,812,4255,4312,57,True
53,835,4255,4351,96,True
56,836,4255,4351,96,True
58,853,4255,4351,96,True
63,884,4255,4351,96,True
68,880,4255,4351,96,True
71,832,4255,4351,96,True
72,844,4255,4351,96,True
80,879,4255,4351,96,True
84,872,4255,4351,96,True
88,876,4255,4351,96,True
92,904,4255,4351,96,True
95,854,4255,4351,96,True
97,857,4255,4351,96,True
1,854,4256,4318,62,True
13,843,4256,4353,97,True
15,838,4256,4312,56,True
18,856,4256,4312,56,True
26,828,4256,4353,97,True
29,820,4256,4318,62,True
30,839,4256,4312,56,True
31,861,4256,4312,56,True
33,858,4256,4318,62,True
34,849,4256,4341,85,True
39,805,4256,4353,97,True
46,861,4256,4312,56,True
49,867,4256,4312,56,True
51,818,4256,4351,95,True
54,924,4256,4351,95,True
57,830,4256,4318,62,True
58,854,4256,4351,95,True
64,900,4256,4351,95,True
68,881,4256,4351,95,True
70,863,4256,4351,95,True
79,800,4256,4351,95,True
85,857,4256,4351,95,True
90,870,4256,4351,95,True
96,821,4256,4351,95,True
11,847,4257,4312,55,True
17,796,4257,4353,96,True
37,856,4257,4353,96,True
39,806,4257,4353,96,True
40,924,4257,4353,96,True
44,875,4257,4353,96,True
50,810,4257,4351,94,True
51,819,4257,4351,94,True
55,807,4257,4351,94,True
64,901,4257,4351,94,True
65,840,4257,4351,94,True
77,864,4257,4351,94,True
78,867,4257,4351,94,True
85,858,4257,4351,94,True
93,836,4257,4351,94,True
96,822,4257,4351,94,True
0,869,4258,4312,54,True
2,858,4258,4353,95,True
12,866,4258,4318,60,True
13,844,4258,4353,95,True
17,797,4258,4353,95,True
18,857,4258,4312,54,True
19,802,4258,4353,95,True
20,808,4258,4312,54,True
22,880,4258,4353,95,True
29,821,4258,4318,60,True
36,880,4258,4353,95,True
37,857,4258,4353,95,True
38,846,4258,4353,95,True
46,862,4258,4312,54,True
50,811,4258,4351,93,True
51,820,4258,4351,93,True
52,842,4258,,,False
53,836,4258,4351,93,True
58,855,4258,4351,93,True
59,868,4258,4351,93,True
62,831,4258,4351,93,True
72,845,4258,4351,93,True
74,855,4258,4351,93,True
88,877,4258,4416,158,True
92,905,4258,4351,93,True
94,865,4258,4351,93,True
95,855,4258,4351,93,True
99,844,4258,4351,93,True
3,888,4259,4353,94,True
12,867,4259,4318,59,True
15,839,4259,4342,83,True
18,858,4259,4353,94,True
27,843,4259,4353,94,True
29,822,4259,4318,59,True
34,850,4259,4341,82,True
48,865,4259,4401,142,True
51,821,4259,4351,92,True
52,843,4259,,,False
54,925,4259,4351,92,True
69,862,4259,4351,92,True
73,845,4259,4351,92,True
85,859,4259,4351,92,True
97,858,4259,4351,92,True
2,859,4260,4353,93,True
3,889,4260,4353,93,True
17,798,4260,4353,93,True
18,859,4260,4353,93,True
23,850,4260,4312,52,True
50,812,4260,4351,91,True
62,832,4260,4351,91,True
77,865,4260,4351,91,True
79,801,4260,4351,91,True
86,863,4260,4351,91,True
89,855,4260,4351,91,True
4,867,4261,4353,92,True
5,828,4261,4353,92,True
6,855,4261,4353,92,True
10,879,4261,4353,92,True
19,803,4261,4353,92,True
24,795,4261,4353,92,True
36,881,4261,4353,92,True
40,925,4261,4353,92,True
46,863,4261,4312,51,True
48,866,4261,4401,140,True
52,844,4261,,,False
55,808,4261,4351,90,True
68,882,4261,4351,90,True
69,863,4261,4351,90,True
71,833,4261,4351,90,True
72,846,4261,4351,90,True
83,828,4261,4351,90,True
88,878,4261,4416,155,True
96,823,4261,4351,90,True
98,844,4261,4351,90,True
24,796,4262,4353,91,True
25,843,4262,4353,91,True
27,844,4262,4353,91,True
30,840,4262,4341,79,True
41,858,4262,4312,50,True
49,868,4262,4312,50,True
50,813,4262,4351,89,True
51,822,4262,4351,89,True
56,837,4262,4351,89,True
57,831,4262,4351,89,True
62,833,4262,4351,89,True
65,841,4262,4351,89,True
70,864,4262,4351,89,True
73,846,4262,4351,89,True
75,880,4262,4351,89,True
76,855,4262,4351,89,True
78,868,4262,4351,89,True
1,855,4263,4318,55,True
5,829,4263,4353,90,True
8,832,4263,4318,55,True
37,858,4263,4353,90,True
42,885,4263,4312,49,True
57,832,4263,4351,88,True
68,883,4263,4351,88,True
78,869,4263,4351,88,True
79,802,4263,4351,88,True
84,873,4263,4351,88,True
85,860,4263,4351,88,True
89,856,4263,4351,88,True
92,906,4263,4351,88,True
97,859,4263,4351,88,True
5,830,4264,4353,89,True
9,877,4264,4353,89,True
11,848,4264,4318,54,True
14,847,4264,4318,54,True
17,799,4264,4353,89,True
20,809,4264,4312,48,True
24,797,4264,4353,89,True
25,844,4264,4353,89,True
28,880,4264,4353,89,True
38,847,4264,4353,89,True
43,821,4264,4353,89,True
52,845,4264,,,False
61,838,4264,4351,87,True
78,870,4264,4351,87,True
90,871,4264,4351,87,True
95,856,4264,4351,87,True
99,845,4264,4351,87,True
9,878,4265,4353,88,True
11,849,4265,4318,53,True
22,881,4265,4353,88,True
23,851,4265,4371,106,True
41,859,4265,4312,47,True
42,886,4265,4312,47,True
49,869,4265,4312,47,True
57,833,4265,4351,86,True
71,834,4265,4351,86,True
74,856,4265,4351,86,True
84,874,4265,4351,86,True
87,831,4265,4351,86,True
92,907,4265,4351,86,True
93,837,4265,4351,86,True
98,845,4265,4351,86,True
13,845,4266,4353,87,True
17,800,4266,4353,87,True
23,852,4266,4371,105,True
25,845,4266,4353,87,True
31,862,4266,4353,87,True
34,851,4266,4341,75,True
46,864,4266,4312,46,True
49,870,4266,4312,46,True
50,814,4266,4351,85,True
56,838,4266,4351,85,True
65,842,4266,4351,85,True
66,810,4266,4403,137,True
67,798,4266,4351,85,True
68,884,4266,4351,85,True
71,835,4266,4351,85,True
78,871,4266,4351,85,True
83,829,4266,4351,85,True
93,838,4266,4351,85,True
7,805,4267,4353,86,True
9,879,4267,4353,86,True
18,860,4267,4353,86,True
21,839,4267,4318,51,True
28,881,4267,4353,86,True
33,859,4267,4318,51,True
43,822,4267,4353,86,True
52,846,4267,,,False
56,839,4267,4351,84,True
60,806,4267,4355,88,True
63,885,4267,4351,84,True
66,811,4267,4403,136,True
67,799,4267,4351,84,True
78,872,4267,4351,84,True
87,832,4267,4351,84,True
88,879,4267,4416,149,True
90,872,4267,4351,84,True
97,860,4267,4351,84,True
4,868,4268,4353,85,True
18,861,4268,4353,85,True
19,804,4268,4353,85,True
35,850,4268,4353,85,True
42,887,4268,4353,85,True
44,876,4268,4353,85,True
47,816,4268,4371,103,True
53,837,4268,4351,83,True
58,856,4268,4351,83,True
61,839,4268,4351,83,True
71,836,4268,4351,83,True
73,847,4268,4351,83,True
75,881,4268,4351,83,True
81,809,4268,4403,135,True
88,880,4268,4416,148,True
95,857,4268,4351,83,True
96,824,4268,4351,83,True
97,861,4268,4351,83,True
98,846,4268,4351,83,True
99,846,4268,4351,83,True
2,860,4269,4353,84,True
4,869,4269,4353,84,True
13,846,4269,4353,84,True
15,840,4269,4342,73,True
22,882,4269,4353,84,True
34,852,4269,4341,72,True
37,859,4269,4353,84,True
43,823,4269,4353,84,True
65,843,4269,4351,82,True
67,800,4269,4351,82,True
68,885,4269,4351,82,True
69,864,4269,4355,86,True
77,866,4269,4351,82,True
78,873,4269,4351,82,True
86,864,4269,4351,82,True
88,881,4269,4416,147,True
90,873,4269,4351,82,True
93,839,4269,4351,82,True
97,862,4269,4351,82,True
99,847,4269,4351,82,True
1,856,4270,4342,72,True
10,880,4270,4353,83,True
11,850,4270,4318,48,True
14,848,4270,4342,72,True
15,841,4270,4342,72,True
24,798,4270,4353,83,True
27,845,4270,4353,83,True
29,823,4270,4371,101,True
31,863,4270,4353,83,True
36,882,4270,4353,83,True
45,813,4270,4341,71,True
49,871,4270,4353,83,True
51,823,4270,4351,81,True
68,886,4270,4351,81,True
71,837,4270,4351,81,True
73,848,4270,4351,81,True
74,857,4270,4351,81,True
77,867,4270,4351,81,True
83,830,4270,4351,81,True
85,861,4270,4351,81,True
94,866,4270,4351,81,True
95,858,4270,4351,81,True
5,831,4271,4353,82,True
6,856,4271,4353,82,True
8,833,4271,4371,100,True
9,880,4271,4353,82,True
11,851,4271,4318,47,True
16,900,4271,4353,82,True
21,840,4271,4371,100,True
23,853,4271,4371,100,True
28,882,4271,4353,82,True
30,841,4271,4353,82,True
31,864,4271,4353,82,True
33,860,4271,4318,47,True
38,848,4271,4353,82,True
42,888,4271,4353,82,True
53,838,4271,4351,80,True
57,834,4271,4351,80,True
60,807,4271,4355,84,True
72,847,4271,4351,80,True
86,865,4271,4351,80,True
89,857,4271,4351,80,True
91,857,4271,4351,80,True
93,840,4271,4351,80,True
97,863,4271,4351,80,True
1,857,4272,4342,70,True
2,861,4272,4353,81,True
5,832,4272,4353,81,True
6,857,4272,4353,81,True
8,834,4272,4371,99,True
10,881,4272,4353,81,True
28,883,4272,4353,81,True
29,824,4272,4371,99,True
43,824,4272,4353,81,True
44,877,4272,4353,81,True
52,847,4272,,,False
53,839,4272,4351,79,True
59,869,4272,4355,83,True
64,902,4272,4351,79,True
65,844,4272,4351,79,True
71,838,4272,4351,79,True
72,848,4272,4351,79,True
75,882,4272,4355,83,True
77,868,4272,4351,79,True
80,880,4272,4351,79,True
86,866,4272,4351,79,True
94,867,4272,4351,79,True
0,870,4273,4371,98,True
2,862,4273,4353,80,True
16,901,4273,4353,80,True
18,862,4273,4353,80,True
21,841,4273,4371,98,True
23,854,4273,4371,98,True
27,846,4273,4353,80,True
28,884,4273,4353,80,True
41,860,4273,4353,80,True
47,817,4273,4371,98,True
57,835,4273,4351,78,True
61,840,4273,4351,78,True
75,883,4273,4355,82,True
78,874,4273,4351,78,True
83,831,4273,4351,78,True
89,858,4273,4351,78,True
97,864,4273,4351,78,True
1,858,4274,4371,97,True
2,863,4274,4353,79,True
4,870,4274,4353,79,True
9,881,4274,4353,79,True
14,849,4274,4342,68,True
15,842,4274,4342,68,True
24,799,4274,4353,79,True
25,846,4274,4353,79,True
38,849,4274,4401,127,True
42,889,4274,4371,97,True
47,818,4274,4371,97,True
49,872,4274,4353,79,True
54,926,4274,4351,77,True
60,808,4274,4355,81,True
64,903,4274,4351,77,True
69,865,4274,4355,81,True
91,858,4274,4351,77,True
93,841,4274,4351,77,True
0,871,4275,4371,96,True
2,864,4275,4353,78,True
6,858,4275,4353,78,True
7,806,4275,4353,78,True
11,852,4275,4353,78,True
12,868,4275,4371,96,True
13,847,4275,4353,78,True
22,883,4275,4353,78,True
24,800,4275,4353,78,True
32,859,4275,4353,78,True
35,851,4275,4353,78,True
40,926,4275,4353,78,True
42,890,4275,4371,96,True
44,878,4275,4371,96,True
49,873,4275,4353,78,True
51,824,4275,4351,76,True
52,848,4275,,,False
60,809,4275,4355,80,True
62,834,4275,4351,76,True
64,904,4275,4351,76,True
74,858,4275,4351,76,True
80,881,4275,4351,76,True
82,862,4275,4351,76,True
92,908,4275,4351,76,True
94,868,4275,4351,76,True
99,848,4275,4351,76,True
6,859,4276,4353,77,True
19,805,4276,4353,77,True
30,842,4276,4353,77,True
32,860,4276,4353,77,True
35,852,4276,4353,77,True
40,927,4276,4353,77,True
45,814,4276,4341,65,True
50,815,4276,4351,75,True
51,825,4276,4351,75,True
54,927,4276,4351,75,True
57,836,4276,4351,75,True
60,810,4276,4355,79,True
67,801,4276,4351,75,True
79,803,4276,4351,75,True
81,810,4276,4403,127,True
97,865,4276,4351,75,True
98,847,4276,4351,75,True
0,872,4277,4371,94,True
4,871,4277,4353,76,True
11,853,4277,4353,76,True
16,902,4277,4353,76,True
19,806,4277,4353,76,True
28,885,4277,4353,76,True
32,861,4277,4371,94,True
51,826,4277,4351,74,True
52,849,4277,,,False
56,840,4277,4351,74,True
60,811,4277,4355,78,True
61,841,4277,4351,74,True
78,875,4277,4351,74,True
82,863,4277,4351,74,True
87,833,4277,4351,74,True
88,882,4277,4416,139,True
94,869,4277,4351,74,True
9,882,4278,4353,75,True
17,801,4278,4353,75,True
20,810,4278,4341,63,True
21,842,4278,4371,93,True
23,855,4278,4371,93,True
28,886,4278,4353,75,True
31,865,4278,4353,75,True
35,853,4278,4353,75,True
36,883,4278,4353,75,True
37,860,4278,4371,93,True
38,850,4278,4401,123,True
39,807,4278,4353,75,True
42,891,4278,4371,93,True
46,865,4278,4371,93,True
50,816,4278,4351,73,True
60,812,4278,4355,77,True
65,845,4278,4351,73,True
66,812,4278,4403,125,True
72,849,4278,4351,73,True
78,876,4278,4355,77,True
89,859,4278,4351,73,True
93,842,4278,4355,77,True
94,870,4278,4351,73,True
96,825,4278,4355,77,True
98,848,4278,4351,73,True
3,890,4279,4371,92,True
9,883,4279,4353,74,True
12,869,4279,4371,92,True
15,843,4279,4342,63,True
28,887,4279,4353,74,True
43,825,4279,4401,122,True
47,819,4279,4371,92,True
49,874,4279,4353,74,True
54,928,4279,4351,72,True
55,809,4279,4351,72,True
57,837,4279,4355,76,True
63,886,4279,4351,72,True
66,813,4279,4403,124,True
74,859,4279,4403,124,True
79,804,4279,4351,72,True
85,862,4279,4351,72,True
87,834,4279,4351,72,True
95,859,4279,4351,72,True
23,856,4280,4371,91,True
25,847,4280,4353,73,True
33,861,4280,4371,91,True
34,853,4280,4353,73,True
39,808,4280,4353,73,True
41,861,4280,4371,91,True
52,850,4280,,,False
53,840,4280,4351,71,True
57,838,4280,4355,75,True
58,857,4280,4351,71,True
61,842,4280,4351,71,True
62,835,4280,4351,71,True
63,887,4280,4351,71,True
66,814,4280,4403,123,True
75,884,4280,4355,75,True
81,811,4280,4403,123,True
88,883,4280,4416,136,True
91,859,4280,4351,71,True
94,871,4280,4351,71,True
95,860,4280,4351,71,True
98,849,4280,4351,71,True
9,884,4281,4353,72,True
25,848,4281,4353,72,True
27,847,4281,4353,72,True
36,884,4281,4371,90,True
38,851,4281,4401,120,True
46,866,4281,4371,90,True
48,867,4281,4401,120,True
60,813,4281,4355,74,True
64,905,4281,4351,70,True
70,865,4281,4351,70,True
74,860,4281,4403,122,True
76,856,4281,4351,70,True
78,877,4281,4355,74,True
80,882,4281,4351,70,True
83,832,4281,4351,70,True
94,872,4281,4351,70,True
99,849,4281,4351,70,True
5,833,4282,4353,71,True
21,843,4282,4371,89,True
29,825,4282,4371,89,True
38,852,4282,4401,119,True
39,809,4282,4353,71,True
41,862,4282,4371,89,True
44,879,4282,4371,89,True
51,827,4282,4351,69,True
52,851,4282,,,False
54,929,4282,4351,69,True
57,839,4282,4355,73,True
59,870,4282,4355,73,True
76,857,4282,4351,69,True
77,869,4282,4351,69,True
78,878,4282,4355,73,True
82,864,4282,4351,69,True
84,875,4282,4351,69,True
90,874,4282,4351,69,True
97,866,4282,4351,69,True
0,873,4283,4371,88,True
8,835,4283,4371,88,True
10,882,4283,4353,70,True
31,866,4283,4353,70,True
34,854,4283,4353,70,True
62,836,4283,4351,68,True
63,888,4283,4416,133,True
70,866,4283,4351,68,True
72,850,4283,4351,68,True
81,812,4283,4403,120,True
83,833,4283,4351,68,True
87,835,4283,4351,68,True
89,860,4283,4355,72,True
3,891,4284,4371,87,True
7,807,4284,4353,69,True
8,836,4284,4371,87,True
12,870,4284,4371,87,True
13,848,4284,4353,69,True
22,884,4284,4353,69,True
26,829,4284,4371,87,True
28,888,4284,4353,69,True
32,862,4284,4371,87,True
37,861,4284,4371,87,True
39,810,4284,4353,69,True
56,841,4284,4351,67,True
61,843,4284,4351,67,True
69,866,4284,4355,71,True
71,839,4284,4355,71,True
77,870,4284,4351,67,True
78,879,4284,4355,71,True
85,863,4284,4351,67,True
96,826,4284,4355,71,True
98,850,4284,4351,67,True
8,837,4285,4371,86,True
13,849,4285,4353,68,True
27,848,4285,4353,68,True
29,826,4285,4371,86,True
35,854,4285,4353,68,True
37,862,4285,4371,86,True
38,853,4285,4401,116,True
39,811,4285,4353,68,True
40,928,4285,4353,68,True
44,880,4285,4371,86,True
46,867,4285,4371,86,True
48,868,4285,4401,116,True
56,842,4285,4351,66,True
58,858,4285,4351,66,True
64,906,4285,4351,66,True
70,867,4285,4351,66,True
73,849,4285,4351,66,True
87,836,4285,4355,70,True
88,884,4285,4416,131,True
89,861,4285,4355,70,True
93,843,4285,4355,70,True
99,850,4285,4351,66,True
0,874,4286,4371,85,True
9,885,4286,4353,67,True
12,871,4286,4371,85,True
14,850,4286,4371,85,True
15,844,4286,4353,67,True
16,903,4286,4371,85,True
18,863,4286,4353,67,True
27,849,4286,4353,67,True
33,862,4286,4371,85,True
39,812,4286,4353,67,True
42,892,4286,4371,85,True
45,815,4286,4353,67,True
47,820,4286,4371,85,True
62,837,4286,4351,65,True
78,880,4286,4355,69,True
80,883,4286,4351,65,True
84,876,4286,4351,65,True
86,867,4286,4355,69,True
92,909,4286,4351,65,True
93,844,4286,4355,69,True
95,861,4286,4351,65,True
99,851,4286,4403,117,True
2,865,4287,4353,66,True
3,892,4287,4371,84,True
7,808,4287,4353,66,True
11,854,4287,4371,84,True
17,802,4287,4353,66,True
26,830,4287,4371,84,True
27,850,4287,4371,84,True
51,828,4287,4351,64,True
52,852,4287,,,False
53,841,4287,4351,64,True
55,810,4287,4351,64,True
57,840,4287,4355,68,True
60,814,4287,4355,68,True
61,844,4287,4351,64,True
66,815,4287,4403,116,True
72,851,4287,4351,64,True
84,877,4287,4351,64,True
96,827,4287,4355,68,True
99,852,4287,4403,116,True
1,859,4288,4371,83,True
9,886,4288,4353,65,True
10,883,4288,4353,65,True
16,904,4288,4371,83,True
39,813,4288,4371,83,True
49,875,4288,4371,83,True
50,817,4288,4351,63,True
64,907,4288,4351,63,True
77,871,4288,4355,67,True
87,837,4288,4355,67,True
96,828,4288,4355,67,True
97,867,4288,4351,63,True
2,866,4289,4401,112,True
3,893,4289,4371,82,True
4,872,4289,4371,82,True
5,834,4289,4371,82,True
9,887,4289,4353,64,True
13,850,4289,4353,64,True
16,905,4289,4371,82,True
26,831,4289,4371,82,True
27,851,4289,4371,82,True
36,885,4289,4371,82,True
37,863,4289,4371,82,True
39,814,4289,4371,82,True
44,881,4289,4371,82,True
49,876,4289,4371,82,True
51,829,4289,4351,62,True
53,842,4289,4351,62,True
61,845,4289,4351,62,True
65,846,4289,4364,75,True
66,816,4289,4403,114,True
73,850,4289,4351,62,True
82,865,4289,4351,62,True
4,873,4290,4371,81,True
13,851,4290,4353,63,True
25,849,4290,4353,63,True
32,863,4290,4371,81,True
33,863,4290,4371,81,True
37,864,4290,4371,81,True
41,863,4290,4371,81,True
43,826,4290,4401,111,True
47,821,4290,4371,81,True
49,877,4290,4371,81,True
54,930,4290,4355,65,True
57,841,4290,4355,65,True
61,846,4290,4351,61,True
66,817,4290,4403,113,True
67,802,4290,4351,61,True
71,840,4290,4355,65,True
72,852,4290,4351,61,True
73,851,4290,4351,61,True
74,861,4290,4403,113,True
82,866,4290,4403,113,True
83,834,4290,4351,61,True
88,885,4290,4416,126,True
90,875,4290,4351,61,True
93,845,4290,4355,65,True
94,873,4290,4403,113,True
96,829,4290,4355,65,True
3,894,4291,4371,80,True
14,851,4291,4371,80,True
16,906,4291,4371,80,True
20,811,4291,4353,62,True
21,844,4291,4371,80,True
22,885,4291,4401,110,True
36,886,4291,4371,80,True
42,893,4291,4371,80,True
48,869,4291,4401,110,True
60,815,4291,4355,64,True
65,847,4291,4364,73,True
67,803,4291,4351,60,True
71,841,4291,4355,64,True
88,886,4291,4416,125,True
89,862,4291,4403,112,True
92,910,4291,4355,64,True
1,860,4292,4371,79,True
2,867,4292,4401,109,True
9,888,4292,4401,109,True
13,852,4292,4401,109,True
17,803,4292,4353,61,True
20,812,4292,4353,61,True
35,855,4292,4353,61,True
36,887,4292,4371,79,True
38,854,4292,4401,109,True
42,894,4292,4371,79,True
55,811,4292,4351,59,True
61,847,4292,4351,59,True
67,804,4292,4351,59,True
71,842,4292,4355,63,True
74,862,4292,4403,111,True
75,885,4292,4355,63,True
77,872,4292,4355,63,True
78,881,4292,4355,63,True
79,805,4292,4351,59,True
80,884,4292,4351,59,True
81,813,4292,4403,111,True
83,835,4292,4351,59,True
7,809,4293,4353,60,True
13,853,4293,4401,108,True
16,907,4293,4371,78,True
23,857,4293,4371,78,True
25,850,4293,4353,60,True
32,864,4293,4371,78,True
39,815,4293,4371,78,True
42,895,4293,4371,78,True
51,830,4293,4403,110,True
52,853,4293,,,False
54,931,4293,4355,62,True
56,843,4293,4355,62,True
63,889,4293,4416,123,True
64,908,4293,4351,58,True
69,867,4293,4403,110,True
78,882,4293,4355,62,True
83,836,4293,4351,58,True
84,878,4293,4355,62,True
88,887,4293,4416,123,True
9,889,4294,4401,107,True
13,854,4294,4401,107,True
20,813,4294,4353,59,True
22,886,4294,4401,107,True
23,858,4294,4371,77,True
25,851,4294,4353,59,True
28,889,4294,4353,59,True
38,855,4294,4401,107,True
51,831,4294,4403,109,True
53,843,4294,4403,109,True
62,838,4294,4355,61,True
66,818,4294,4403,109,True
76,858,4294,4364,70,True
0,875,4295,4371,76,True
1,861,4295,4371,76,True
14,852,4295,4371,76,True
15,845,4295,4353,58,True
17,804,4295,4401,106,True
24,801,4295,4353,58,True
25,852,4295,4353,58,True
29,827,4295,4371,76,True
38,856,4295,4401,106,True
41,864,4295,4371,76,True
46,868,4295,4371,76,True
66,819,4295,4403,108,True
73,852,4295,4351,56,True
79,806,4295,4351,56,True
99,853,4295,4403,108,True
16,908,4296,4371,75,True
17,805,4296,4401,105,True
20,814,4296,4353,57,True
21,845,4296,4371,75,True
28,890,4296,4353,57,True
34,855,4296,4353,57,True
35,856,4296,4353,57,True
38,857,4296,4401,105,True
56,844,4296,4355,59,True
61,848,4296,4351,55,True
62,839,4296,4355,59,True
66,820,4296,4403,107,True
68,887,4296,4351,55,True
74,863,4296,4403,107,True
82,867,4296,4403,107,True
84,879,4296,4355,59,True
95,862,4296,4351,55,True
4,874,4297,4371,74,True
6,860,4297,4353,56,True
9,890,4297,4401,104,True
18,864,4297,4401,104,True
19,807,4297,4353,56,True
23,859,4297,4371,74,True
28,891,4297,4353,56,True
33,864,4297,4371,74,True
37,865,4297,4371,74,True
43,827,4297,4401,104,True
44,882,4297,4371,74,True
49,878,4297,4371,74,True
62,840,4297,4355,58,True
73,853,4297,4351,54,True
79,807,4297,4351,54,True
80,885,4297,4351,54,True
82,868,4297,4403,106,True
90,876,4297,4403,106,True
91,860,4297,4351,54,True
94,874,4297,4403,106,True
95,863,4297,4351,54,True
4,875,4298,4371,73,True
11,855,4298,4371,73,True
17,806,4298,4401,103,True
25,853,4298,4353,55,True
34,856,4298,4353,55,True
35,857,4298,4353,55,True
37,866,4298,4371,73,True
41,865,4298,4371,73,True
49,879,4298,4371,73,True
57,842,4298,4355,57,True
66,821,4298,4403,105,True
67,805,4298,4403,105,True
78,883,4298,4416,118,True
81,814,4298,4403,105,True
87,838,4298,4355,57,True
91,861,4298,4351,53,True
95,864,4298,4351,53,True
16,909,4299,4371,72,True
17,807,4299,4401,102,True
33,865,4299,4371,72,True
35,858,4299,4353,54,True
45,816,4299,4353,54,True
47,822,4299,4371,72,True
54,932,4299,4355,56,True
62,841,4299,4355,56,True
63,890,4299,4416,117,True
64,909,4299,4355,56,True
69,868,4299,4403,104,True
72,853,4299,4351,52,True
80,886,4299,4351,52,True
89,863,4299,4403,104,True
94,875,4299,4403,104,True
97,868,4299,4403,104,True
98,851,4299,4351,52,True
2,868,4300,4401,101,True
8,838,4300,4371,71,True
17,808,4300,4401,101,True
20,815,4300,4364,64,True
22,887,4300,4401,101,True
36,888,4300,4401,101,True
42,896,4300,4371,71,True
44,883,4300,4371,71,True
53,844,4300,4403,103,True
68,888,4300,4351,51,True
76,859,4300,4364,64,True
77,873,4300,4355,55,True
80,887,4300,4403,103,True
81,815,4300,4403,103,True
83,837,4300,4403,103,True
87,839,4300,4355,55,True
88,888,4300,4416,116,True
92,911,4300,4403,103,True
93,846,4300,4403,103,True
96,830,4300,4416,116,True
5,835,4301,4371,70,True
12,872,4301,4371,70,True
13,855,4301,4401,100,True
17,809,4301,4401,100,True
20,816,4301,4364,63,True
27,852,4301,4401,100,True
34,857,4301,4353,52,True
36,889,4301,4401,100,True
38,858,4301,4401,100,True
41,866,4301,4371,70,True
52,854,4301,,,False
59,871,4301,4355,54,True
77,874,4301,4355,54,True
80,888,4301,4403,102,True
83,838,4301,4403,102,True
84,880,4301,4355,54,True
86,868,4301,4355,54,True
92,912,4301,4403,102,True
93,847,4301,4403,102,True
0,876,4302,4371,69,True
10,884,4302,4401,99,True
13,856,4302,4401,99,True
25,854,4302,4353,51,True
27,853,4302,4401,99,True
28,892,4302,4353,51,True
31,867,4302,4401,99,True
32,865,4302,4371,69,True
35,859,4302,4353,51,True
41,867,4302,4371,69,True
42,897,4302,4371,69,True
45,817,4302,4353,51,True
47,823,4302,4371,69,True
49,880,4302,4371,69,True
57,843,4302,4355,53,True
58,859,4302,4364,62,True
61,849,4302,4351,49,True
62,842,4302,4355,53,True
67,806,4302,4403,101,True
68,889,4302,4351,49,True
72,854,4302,4351,49,True
75,886,4302,4355,53,True
86,869,4302,4355,53,True
88,889,4302,4416,114,True
91,862,4302,4403,101,True
99,854,4302,4403,101,True
3,895,4303,4371,68,True
5,836,4303,4371,68,True
7,810,4303,4401,98,True
21,846,4303,4371,68,True
25,855,4303,4353,50,True
32,866,4303,4371,68,True
34,858,4303,4353,50,True
50,818,4303,4355,52,True
57,844,4303,4355,52,True
63,891,4303,4416,113,True
65,848,4303,4364,61,True
74,864,4303,4403,100,True
80,889,4303,4403,100,True
83,839,4303,4403,100,True
90,877,4303,4403,100,True
92,913,4303,4403,100,True
93,848,4303,4403,100,True
0,877,4304,4371,67,True
1,862,4304,4371,67,True
9,891,4304,4401,97,True
20,817,4304,4364,60,True
22,888,4304,4401,97,True
31,868,4304,4401,97,True
42,898,4304,4371,67,True
49,881,4304,4371,67,True
55,812,4304,4403,99,True
58,860,4304,4364,60,True
60,816,4304,4403,99,True
62,843,4304,4355,51,True
71,843,4304,4403,99,True
77,875,4304,4355,51,True
79,808,4304,4351,47,True
80,890,4304,4403,99,True
81,816,4304,4403,99,True
83,840,4304,4403,99,True
86,870,4304,4355,51,True
95,865,4304,4351,47,True
1,863,4305,4371,66,True
4,876,4305,4371,66,True
13,857,4305,4401,96,True
15,846,4305,4353,48,True
17,810,4305,4401,96,True
23,860,4305,4371,66,True
24,802,4305,4371,66,True
26,832,4305,4371,66,True
42,899,4305,4371,66,True
43,828,4305,4401,96,True
44,884,4305,4371,66,True
49,882,4305,4371,66,True
52,855,4305,,,False
58,861,4305,4364,59,True
61,850,4305,4351,46,True
72,855,4305,4351,46,True
74,865,4305,4403,98,True
75,887,4305,4364,59,True
76,860,4305,4364,59,True
77,876,4305,4403,98,True
88,890,4305,4416,111,True
90,878,4305,4403,98,True
96,831,4305,4416,111,True
97,869,4305,4403,98,True
0,878,4306,4371,65,True
13,858,4306,4401,95,True
16,910,4306,4371,65,True
28,893,4306,4401,95,True
33,866,4306,4371,65,True
38,859,4306,4401,95,True
44,885,4306,4371,65,True
47,824,4306,4371,65,True
52,856,4306,,,False
56,845,4306,4355,49,True
58,862,4306,4403,97,True
60,817,4306,4403,97,True
61,851,4306,4351,45,True
71,844,4306,4403,97,True
72,856,4306,4351,45,True
74,866,4306,4403,97,True
85,864,4306,4364,58,True
86,871,4306,4355,49,True
89,864,4306,4403,97,True
91,863,4306,4403,97,True
1,864,4307,4371,64,True
3,896,4307,4371,64,True
9,892,4307,4401,94,True
11,856,4307,4371,64,True
14,853,4307,4371,64,True
16,911,4307,4371,64,True
21,847,4307,4371,64,True
38,860,4307,4401,94,True
39,816,4307,4401,94,True
42,900,4307,4371,64,True
43,829,4307,4401,94,True
44,886,4307,4371,64,True
53,845,4307,4403,96,True
54,933,4307,4403,96,True
57,845,4307,4355,48,True
58,863,4307,4403,96,True
59,872,4307,4403,96,True
63,892,4307,4416,109,True
65,849,4307,4364,57,True
67,807,4307,4403,96,True
72,857,4307,4355,48,True
77,877,4307,4403,96,True
78,884,4307,4416,109,True
81,817,4307,4403,96,True
84,881,4307,4403,96,True
88,891,4307,4416,109,True
91,864,4307,4403,96,True
0,879,4308,4371,63,True
2,869,4308,4401,93,True
6,861,4308,4401,93,True
8,839,4308,4371,63,True
11,857,4308,4371,63,True
13,859,4308,4401,93,True
18,865,4308,4401,93,True
22,889,4308,4401,93,True
23,861,4308,4371,63,True
28,894,4308,4401,93,True
39,817,4308,4401,93,True
41,868,4308,4371,63,True
42,901,4308,4371,63,True
44,887,4308,4371,63,True
49,883,4308,4371,63,True
50,819,4308,4355,47,True
69,869,4308,4403,95,True
71,845,4308,4403,95,True
75,888,4308,4364,56,True
78,885,4308,4416,108,True
86,872,4308,4355,47,True
92,914,4308,4403,95,True
93,849,4308,4403,95,True
1,865,4309,4371,62,True
17,811,4309,4401,92,True
20,818,4309,4364,55,True
21,848,4309,4371,62,True
22,890,4309,4401,92,True
25,856,4309,4353,44,True
27,854,4309,4401,92,True
39,818,4309,4401,92,True
44,888,4309,4371,62,True
45,818,4309,4401,92,True
46,869,4309,4371,62,True
49,884,4309,4371,62,True
52,857,4309,,,False
53,846,4309,4403,94,True
56,846,4309,4403,94,True
72,858,4309,4355,46,True
74,867,4309,4403,94,True
77,878,4309,4403,94,True
89,865,4309,4403,94,True
98,852,4309,4351,42,True
99,855,4309,4403,94,True
0,880,4310,4371,61,True
1,866,4310,4371,61,True
2,870,4310,4401,91,True
11,858,4310,4371,61,True
12,873,4310,4371,61,True
15,847,4310,4353,43,True
18,866,4310,4401,91,True
21,849,4310,4371,61,True
32,867,4310,4401,91,True
33,867,4310,4371,61,True
36,890,4310,4401,91,True
37,867,4310,4371,61,True
43,830,4310,4401,91,True
52,858,4310,,,False
54,934,4310,4403,93,True
56,847,4310,4403,93,True
59,873,4310,4403,93,True
62,844,4310,4403,93,True
78,886,4310,4416,106,True
96,832,4310,4416,106,True
98,853,4310,4351,41,True
5,837,4311,4424,113,True
6,862,4311,4401,90,True
7,811,4311,4401,90,True
19,808,4311,4401,90,True
22,891,4311,4401,90,True
26,833,4311,4371,60,True
28,895,4311,4401,90,True
29,828,4311,4371,60,True
34,859,4311,4353,42,True
36,891,4311,4401,90,True
39,819,4311,4401,90,True
40,929,4311,4401,90,True
44,889,4311,4371,60,True
49,885,4311,4371,60,True
59,874,4311,4403,92,True
74,868,4311,4416,105,True
79,809,4311,4364,53,True
83,841,4311,4403,92,True
85,865,4311,4364,53,True
91,865,4311,4403,92,True
0,881,4312,4371,59,True
1,867,4312,4371,59,True
5,838,4312,4424,112,True
21,850,4312,4371,59,True
22,892,4312,4401,89,True
25,857,4312,4401,89,True
32,868,4312,4401,89,True
33,868,4312,4371,59,True
44,890,4312,4371,59,True
45,819,4312,4401,89,True
46,870,4312,4371,59,True
50,820,4312,4416,104,True
51,832,4312,4403,91,True
52,859,4312,,,False
58,864,4312,4403,91,True
65,850,4312,4364,52,True
85,866,4312,4364,52,True
88,892,4312,4416,104,True
94,876,4312,4403,91,True
99,856,4312,4403,91,True
9,893,4313,4401,88,True
16,912,4313,4401,88,True
17,812,4313,4401,88,True
19,809,4313,4401,88,True
27,855,4313,4401,88,True
30,843,4313,4401,88,True
42,902,4313,4371,58,True
44,891,4313,4371,58,True
52,860,4313,,,False
53,847,4313,4403,90,True
59,875,4313,4403,90,True
60,818,4313,4403,90,True
63,893,4313,4416,103,True
70,868,4313,4355,42,True
71,846,4313,4416,103,True
81,818,4313,4403,90,True
96,833,4313,4416,103,True
97,870,4313,4416,103,True
1,868,4314,4371,57,True
3,897,4314,4371,57,True
6,863,4314,4401,87,True
8,840,4314,4371,57,True
13,860,4314,4401,87,True
15,848,4314,4353,39,True
19,810,4314,4401,87,True
28,896,4314,4401,87,True
34,860,4314,4353,39,True
39,820,4314,4401,87,True
44,892,4314,4371,57,True
56,848,4314,4403,89,True
62,845,4314,4403,89,True
65,851,4314,4364,50,True
74,869,4314,4416,102,True
75,889,4314,4416,102,True
80,891,4314,4403,89,True
99,857,4314,4403,89,True
3,898,4315,4371,56,True
12,874,4315,4371,56,True
13,861,4315,4401,86,True
30,844,4315,4401,86,True
33,869,4315,4371,56,True
34,861,4315,4353,38,True
41,869,4315,4371,56,True
53,848,4315,4403,88,True
54,935,4315,4403,88,True
55,813,4315,4416,101,True
60,819,4315,4403,88,True
64,910,4315,4355,40,True
70,869,4315,4355,40,True
71,847,4315,4416,101,True
75,890,4315,4416,101,True
83,842,4315,4428,113,True
85,867,4315,4364,49,True
86,873,4315,4364,49,True
90,879,4315,4403,88,True
91,866,4315,4403,88,True
95,866,4315,4403,88,True
97,871,4315,4416,101,True
99,858,4315,4403,88,True
2,871,4316,4401,85,True
3,899,4316,4371,55,True
9,894,4316,4401,85,True
13,862,4316,4401,85,True
20,819,4316,4364,48,True
42,903,4316,4371,55,True
46,871,4316,4371,55,True
55,814,4316,4416,100,True
62,846,4316,4403,87,True
63,894,4316,4416,100,True
64,911,4316,4355,39,True
69,870,4316,4403,87,True
70,870,4316,4355,39,True
77,879,4316,4403,87,True
81,819,4316,4416,100,True
86,874,4316,4364,48,True
95,867,4316,4403,87,True
0,882,4317,4371,54,True
6,864,4317,4401,84,True
12,875,4317,4371,54,True
13,863,4317,4401,84,True
14,854,4317,4371,54,True
18,867,4317,4401,84,True
29,829,4317,4371,54,True
30,845,4317,4401,84,True
33,870,4317,4371,54,True
38,861,4317,4401,84,True
40,930,4317,4424,107,True
43,831,4317,4401,84,True
47,825,4317,4371,54,True
54,936,4317,4403,86,True
63,895,4317,4416,99,True
66,822,4317,4403,86,True
72,859,4317,4355,38,True
77,880,4317,4403,86,True
80,892,4317,4403,86,True
96,834,4317,4416,99,True
3,900,4318,4371,53,True
20,820,4318,4364,46,True
26,834,4318,4371,53,True
32,869,4318,4401,83,True
37,868,4318,4371,53,True
38,862,4318,4401,83,True
40,931,4318,4424,106,True
47,826,4318,4371,53,True
48,870,4318,4424,106,True
50,821,4318,4416,98,True
52,861,4318,,,False
55,815,4318,4416,98,True
56,849,4318,4403,85,True
60,820,4318,4416,98,True
63,896,4318,4416,98,True
64,912,4318,4355,37,True
66,823,4318,4403,85,True
67,808,4318,4403,85,True
69,871,4318,4416,98,True
71,848,4318,4416,98,True
73,854,4318,4416,98,True
78,887,4318,4416,98,True
90,880,4318,4403,85,True
92,915,4318,4403,85,True
93,850,4318,4416,98,True
94,877,4318,4403,85,True
95,868,4318,4403,85,True
97,872,4318,4416,98,True
2,872,4319,4401,82,True
5,839,4319,4424,105,True
6,865,4319,4401,82,True
8,841,4319,4401,82,True
13,864,4319,4401,82,True
15,849,4319,4424,105,True
19,811,4319,4401,82,True
24,803,4319,4401,82,True
37,869,4319,4371,52,True
38,863,4319,4401,82,True
45,820,4319,4401,82,True
56,850,4319,4416,97,True
60,821,4319,4416,97,True
64,913,4319,4355,36,True
66,824,4319,4403,84,True
67,809,4319,4403,84,True
71,849,4319,4416,97,True
80,893,4319,4403,84,True
81,820,4319,4416,97,True
82,869,4319,4403,84,True
87,840,4319,4416,97,True
93,851,4319,4416,97,True
94,878,4319,4403,84,True
98,854,4319,4403,84,True
4,877,4320,4401,81,True
7,812,4320,4401,81,True
8,842,4320,4401,81,True
11,859,4320,4444,124,True
13,865,4320,4401,81,True
26,835,4320,4371,51,True
29,830,4320,4371,51,True
43,832,4320,4401,81,True
46,872,4320,4371,51,True
50,822,4320,4416,96,True
55,816,4320,4416,96,True
56,851,4320,4416,96,True
77,881,4320,4416,96,True
81,821,4320,4416,96,True
87,841,4320,4416,96,True
91,867,4320,4403,83,True
93,852,4320,4416,96,True
95,869,4320,4403,83,True
5,840,4321,4424,103,True
9,895,4321,4401,80,True
15,850,4321,4424,103,True
16,913,4321,4401,80,True
19,812,4321,4401,80,True
25,858,4321,4424,103,True
31,869,4321,4401,80,True
32,870,4321,4401,80,True
37,870,4321,4371,50,True
38,864,4321,4401,80,True
39,821,4321,4401,80,True
40,932,4321,4424,103,True
41,870,4321,4371,50,True
48,871,4321,4424,103,True
53,849,4321,4416,95,True
59,876,4321,4403,82,True
64,914,4321,4355,34,True
65,852,4321,4364,43,True
67,810,4321,4403,82,True
68,890,4321,4403,82,True
78,888,4321,4416,95,True
81,822,4321,4416,95,True
85,868,4321,4364,43,True
86,875,4321,4364,43,True
87,842,4321,4416,95,True
89,866,4321,4416,95,True
90,881,4321,4403,82,True
91,868,4321,4403,82,True
4,878,4322,4401,79,True
7,813,4322,4424,102,True
10,885,4322,4424,102,True
20,821,4322,4364,42,True
23,862,4322,4444,122,True
30,846,4322,4401,79,True
46,873,4322,4371,49,True
47,827,4322,4371,49,True
50,823,4322,4416,94,True
51,833,4322,4403,81,True
53,850,4322,4416,94,True
60,822,4322,4416,94,True
61,852,4322,4364,42,True
64,915,4322,4355,33,True
67,811,4322,4403,81,True
68,891,4322,4403,81,True
71,850,4322,4416,94,True
72,860,4322,4355,33,True
73,855,4322,4416,94,True
77,882,4322,4416,94,True
80,894,4322,4403,81,True
84,882,4322,4403,81,True
87,843,4322,4416,94,True
90,882,4322,4403,81,True
2,873,4323,4424,101,True
6,866,4323,4401,78,True
9,896,4323,4401,78,True
10,886,4323,4424,101,True
11,860,4323,4444,121,True
14,855,4323,4371,48,True
25,859,4323,4424,101,True
26,836,4323,4371,48,True
32,871,4323,4401,78,True
37,871,4323,4371,48,True
38,865,4323,4401,78,True
43,833,4323,4401,78,True
46,874,4323,4371,48,True
59,877,4323,4403,80,True
64,916,4323,4355,32,True
76,861,4323,4416,93,True
78,889,4323,4416,93,True
81,823,4323,4416,93,True
84,883,4323,4484,161,True
88,893,4323,4416,93,True
90,883,4323,4403,80,True
93,853,4323,4484,161,True
98,855,4323,4403,80,True
5,841,4324,4424,100,True
7,814,4324,4424,100,True
9,897,4324,4401,77,True
13,866,4324,4401,77,True
14,856,4324,4371,47,True
15,851,4324,4424,100,True
16,914,4324,4401,77,True
32,872,4324,4401,77,True
35,860,4324,4424,100,True
38,866,4324,4401,77,True
39,822,4324,4401,77,True
43,834,4324,4401,77,True
47,828,4324,4371,47,True
48,872,4324,4424,100,True
51,834,4324,4403,79,True
53,851,4324,4416,92,True
55,817,4324,4416,92,True
56,852,4324,4416,92,True
64,917,4324,4364,40,True
66,825,4324,4416,92,True
70,871,4324,4364,40,True
74,870,4324,4416,92,True
82,870,4324,4403,79,True
84,884,4324,4484,160,True
87,844,4324,4416,92,True
95,870,4324,4403,79,True
99,859,4324,4416,92,True
9,898,4325,4424,99,True
11,861,4325,4444,119,True
13,867,4325,4401,76,True
19,813,4325,4424,99,True
25,860,4325,4424,99,True
32,873,4325,4401,76,True
34,862,4325,4401,76,True
39,823,4325,4401,76,True
51,835,4325,4403,78,True
52,862,4325,,,False
56,853,4325,4416,91,True
58,865,4325,4416,91,True
61,853,4325,4364,39,True
67,812,4325,4403,78,True
75,891,4325,4416,91,True
78,890,4325,4416,91,True
94,879,4325,4403,78,True
95,871,4325,4403,78,True
4,879,4326,4401,75,True
11,862,4326,4444,118,True
13,868,4326,4401,75,True
28,897,4326,4424,98,True
31,870,4326,4401,75,True
48,873,4326,4424,98,True
51,836,4326,4403,77,True
55,818,4326,4428,102,True
81,824,4326,4416,90,True
82,871,4326,4403,77,True
95,872,4326,4403,77,True
5,842,4327,4424,97,True
6,867,4327,4401,74,True
8,843,4327,4401,74,True
16,915,4327,4401,74,True
19,814,4327,4424,97,True
22,893,4327,4424,97,True
43,835,4327,4401,74,True
46,875,4327,4371,44,True
47,829,4327,4371,44,True
48,874,4327,4424,97,True
55,819,4327,4428,101,True
64,918,4327,4364,37,True
68,892,4327,4403,76,True
69,872,4327,4416,89,True
71,851,4327,4428,101,True
80,895,4327,4403,76,True
83,843,4327,4428,101,True
93,854,4327,4484,157,True
97,873,4327,4416,89,True
98,856,4327,4403,76,True
9,899,4328,4424,96,True
11,863,4328,4444,116,True
18,868,4328,4444,116,True
20,822,4328,4364,36,True
21,851,4328,4371,43,True
27,856,4328,4424,96,True
28,898,4328,4424,96,True
29,831,4328,4371,43,True
40,933,4328,4478,150,True
44,893,4328,4444,116,True
53,852,4328,4428,100,True
56,854,4328,4416,88,True
58,866,4328,4416,88,True
60,823,4328,4416,88,True
61,854,4328,4364,36,True
64,919,4328,4364,36,True
72,861,4328,4364,36,True
76,862,4328,4416,88,True
81,825,4328,4416,88,True
84,885,4328,4484,156,True
89,867,4328,4416,88,True
93,855,4328,4484,156,True
2,874,4329,4424,95,True
3,901,4329,4371,42,True
7,815,4329,4424,95,True
16,916,4329,4401,72,True
17,813,4329,4424,95,True
18,869,4329,4444,115,True
27,857,4329,4424,95,True
31,871,4329,4401,72,True
32,874,4329,4401,72,True
35,861,4329,4424,95,True
52,863,4329,,,False
53,853,4329,4428,99,True
84,886,4329,4484,155,True
95,873,4329,4403,74,True
98,857,4329,4403,74,True
1,869,4330,4371,41,True
25,861,4330,4424,94,True
47,830,4330,4371,41,True
50,824,4330,4416,86,True
55,820,4330,4428,98,True
60,824,4330,4416,86,True
64,920,4330,4364,34,True
68,893,4330,4403,73,True
71,852,4330,4428,98,True
82,872,4330,4428,98,True
83,844,4330,4428,98,True
3,902,4331,4444,113,True
9,900,4331,4424,93,True
11,864,4331,4444,113,True
20,823,4331,4424,93,True
26,837,4331,4444,113,True
33,871,4331,4401,70,True
35,862,4331,4424,93,True
40,934,4331,4478,147,True
47,831,4331,4371,40,True
52,864,4331,,,False
58,867,4331,4416,85,True
60,825,4331,4416,85,True
61,855,4331,4364,33,True
68,894,4331,4403,72,True
75,892,4331,4416,85,True
76,863,4331,4416,85,True
79,810,4331,4364,33,True
83,845,4331,4428,97,True
91,869,4331,4403,72,True
95,874,4331,4403,72,True
0,883,4332,4371,39,True
5,843,4332,4424,92,True
6,868,4332,4401,69,True
16,917,4332,4401,69,True
21,852,4332,4371,39,True
22,894,4332,4424,92,True
29,832,4332,4371,39,True
33,872,4332,4401,69,True
34,863,4332,4424,92,True
35,863,4332,4424,92,True
42,904,4332,4401,69,True
45,821,4332,4424,92,True
55,821,4332,4428,96,True
57,846,4332,4390,58,True
60,826,4332,4416,84,True
66,826,4332,4484,152,True
71,853,4332,4428,96,True
73,856,4332,4416,84,True
77,883,4332,4416,84,True
81,826,4332,4416,84,True
89,868,4332,4416,84,True
7,816,4333,4424,91,True
9,901,4333,4424,91,True
14,857,4333,4371,38,True
27,858,4333,4424,91,True
30,847,4333,4424,91,True
38,867,4333,4424,91,True
47,832,4333,4401,68,True
50,825,4333,4416,83,True
54,937,4333,4416,83,True
62,847,4333,4416,83,True
72,862,4333,4364,31,True
76,864,4333,4416,83,True
78,891,4333,4428,95,True
82,873,4333,4428,95,True
83,846,4333,4428,95,True
85,869,4333,4416,83,True
90,884,4333,4416,83,True
91,870,4333,4403,70,True
97,874,4333,4416,83,True
1,870,4334,4401,67,True
4,880,4334,4401,67,True
8,844,4334,4401,67,True
16,918,4334,4401,67,True
28,899,4334,4424,90,True
35,864,4334,4424,90,True
40,935,4334,4478,144,True
41,871,4334,4444,110,True
42,905,4334,4401,67,True
53,854,4334,4428,94,True
57,847,4334,4390,56,True
60,827,4334,4428,94,True
76,865,4334,4416,82,True
83,847,4334,4428,94,True
93,856,4334,4484,150,True
94,880,4334,4428,94,True
99,860,4334,4416,82,True
1,871,4335,4401,66,True
8,845,4335,4401,66,True
22,895,4335,4424,89,True
24,804,4335,4401,66,True
26,838,4335,4444,109,True
47,833,4335,4401,66,True
53,855,4335,4428,93,True
56,855,4335,4416,81,True
70,872,4335,4403,68,True
72,863,4335,4364,29,True
80,896,4335,4403,68,True
82,874,4335,4428,93,True
83,848,4335,4428,93,True
93,857,4335,4484,149,True
4,881,4336,4401,65,True
10,887,4336,4424,88,True
13,869,4336,4401,65,True
16,919,4336,4444,108,True
20,824,4336,4424,88,True
30,848,4336,4424,88,True
31,872,4336,4401,65,True
45,822,4336,4424,88,True
53,856,4336,4428,92,True
58,868,4336,4416,80,True
65,853,4336,4403,67,True
75,893,4336,4416,80,True
83,849,4336,4428,92,True
91,871,4336,4416,80,True
93,858,4336,4484,148,True
99,861,4336,4416,80,True
1,872,4337,4401,64,True
5,844,4337,4424,87,True
14,858,4337,4371,34,True
15,852,4337,4428,91,True
19,815,4337,4424,87,True
27,859,4337,4424,87,True
28,900,4337,4424,87,True
34,864,4337,4424,87,True
35,865,4337,4424,87,True
40,936,4337,4478,141,True
41,872,4337,4444,107,True
54,938,4337,4416,79,True
68,895,4337,4416,79,True
71,854,4337,4484,147,True
72,864,4337,4364,27,True
82,875,4337,4428,91,True
85,870,4337,4416,79,True
96,835,4337,4416,79,True
3,903,4338,4444,106,True
11,865,4338,4444,106,True
21,853,4338,4401,63,True
22,896,4338,4424,86,True
23,863,4338,4444,106,True
30,849,4338,4424,86,True
34,865,4338,4424,86,True
45,823,4338,4424,86,True
46,876,4338,4444,106,True
48,875,4338,4424,86,True
52,865,4338,,,False
69,873,4338,4416,78,True
71,855,4338,4484,146,True
74,871,4338,4416,78,True
76,866,4338,4416,78,True
85,871,4338,4416,78,True
86,876,4338,4416,78,True
92,916,4338,4416,78,True
5,845,4339,4444,105,True
9,902,4339,4424,85,True
18,870,4339,4444,105,True
22,897,4339,4424,85,True
24,805,4339,4478,139,True
25,862,4339,4424,85,True
37,872,4339,4444,105,True
39,824,4339,4444,105,True
42,906,4339,4401,62,True
43,836,4339,4424,85,True
53,857,4339,4428,89,True
63,897,4339,4428,89,True
74,872,4339,4416,77,True
79,811,4339,4403,64,True
81,827,4339,4416,77,True
88,894,4339,4484,145,True
93,859,4339,4484,145,True
95,875,4339,4403,64,True
98,858,4339,4403,64,True
99,862,4339,4484,145,True
6,869,4340,4424,84,True
8,846,4340,4401,61,True
13,870,4340,4444,104,True
14,859,4340,4401,61,True
16,920,4340,4444,104,True
17,814,4340,4424,84,True
18,871,4340,4444,104,True
22,898,4340,4424,84,True
23,864,4340,4444,104,True
36,892,4340,4444,104,True
49,886,4340,4444,104,True
53,858,4340,4428,88,True
69,874,4340,4416,76,True
75,894,4340,4416,76,True
78,892,4340,4428,88,True
80,897,4340,4416,76,True
83,850,4340,4428,88,True
84,887,4340,4484,144,True
86,877,4340,4416,76,True
93,860,4340,4484,144,True
94,881,4340,4428,88,True
1,873,4341,4401,60,True
11,866,4341,4444,103,True
14,860,4341,4401,60,True
16,921,4341,4444,103,True
17,815,4341,4424,83,True
23,865,4341,4444,103,True
28,901,4341,4424,83,True
29,833,4341,4401,60,True
35,866,4341,4424,83,True
38,868,4341,4424,83,True
40,937,4341,4478,137,True
43,837,4341,4424,83,True
48,876,4341,4424,83,True
51,837,4341,4416,75,True
54,939,4341,4416,75,True
59,878,4341,4416,75,True
75,895,4341,4416,75,True
78,893,4341,4428,87,True
97,875,4341,4416,75,True
99,863,4341,4484,143,True
1,874,4342,4401,59,True
3,904,4342,4444,102,True
6,870,4342,4424,82,True
18,872,4342,4444,102,True
28,902,4342,4424,82,True
31,873,4342,4424,82,True
36,893,4342,4444,102,True
38,869,4342,4424,82,True
43,838,4342,4424,82,True
46,877,4342,4444,102,True
47,834,4342,4401,59,True
50,826,4342,4416,74,True
52,866,4342,,,False
53,859,4342,4428,86,True
57,848,4342,4390,48,True
59,879,4342,4416,74,True
60,828,4342,4428,86,True
61,856,4342,4403,61,True
63,898,4342,4428,86,True
64,921,4342,4390,48,True
65,854,4342,4416,74,True
74,873,4342,4416,74,True
76,867,4342,4416,74,True
82,876,4342,4428,86,True
95,876,4342,4428,86,True
3,905,4343,4444,101,True
4,882,4343,4401,58,True
6,871,4343,4424,81,True
7,817,4343,4424,81,True
13,871,4343,4444,101,True
21,854,4343,4401,58,True
28,903,4343,4424,81,True
39,825,4343,4444,101,True
41,873,4343,4444,101,True
42,907,4343,4444,101,True
44,894,4343,4444,101,True
50,827,4343,4416,73,True
57,849,4343,4390,47,True
58,869,4343,4416,73,True
59,880,4343,4416,73,True
61,857,4343,4403,60,True
63,899,4343,4428,85,True
66,827,4343,4484,141,True
69,875,4343,4416,73,True
73,857,4343,4416,73,True
81,828,4343,4416,73,True
82,877,4343,4428,85,True
89,869,4343,4416,73,True
2,875,4344,4424,80,True
7,818,4344,4424,80,True
14,861,4344,4401,57,True
15,853,4344,4428,84,True
19,816,4344,4424,80,True
27,860,4344,4444,100,True
29,834,4344,4444,100,True
41,874,4344,4444,100,True
45,824,4344,4424,80,True
50,828,4344,4416,72,True
52,867,4344,,,False
53,860,4344,4428,84,True
55,822,4344,4428,84,True
58,870,4344,4416,72,True
60,829,4344,4428,84,True
61,858,4344,4403,59,True
66,828,4344,4484,140,True
76,868,4344,4416,72,True
77,884,4344,4428,84,True
80,898,4344,4416,72,True
81,829,4344,4416,72,True
82,878,4344,4428,84,True
94,882,4344,4428,84,True
97,876,4344,4416,72,True
3,906,4345,4444,99,True
10,888,4345,4478,133,True
17,816,4345,4424,79,True
20,825,4345,4424,79,True
22,899,4345,4424,79,True
26,839,4345,4444,99,True
38,870,4345,4424,79,True
53,861,4345,4428,83,True
54,940,4345,4416,71,True
65,855,4345,4416,71,True
72,865,4345,4424,79,True
80,899,4345,4416,71,True
82,879,4345,4428,83,True
83,851,4345,4428,83,True
85,872,4345,4484,139,True
90,885,4345,4416,71,True
91,872,4345,4416,71,True
95,877,4345,4428,83,True
98,859,4345,4403,58,True
1,875,4346,4401,55,True
2,876,4346,4424,78,True
6,872,4346,4424,78,True
8,847,4346,4444,98,True
19,817,4346,4424,78,True
20,826,4346,4424,78,True
25,863,4346,4424,78,True
26,840,4346,4444,98,True
29,835,4346,4444,98,True
31,874,4346,4424,78,True
32,875,4346,4444,98,True
46,878,4346,4444,98,True
49,887,4346,4444,98,True
57,850,4346,4403,57,True
60,830,4346,4428,82,True
65,856,4346,4416,70,True
71,856,4346,4484,138,True
92,917,4346,4428,82,True
1,876,4347,4401,54,True
4,883,4347,4444,97,True
8,848,4347,4444,97,True
24,806,4347,4478,131,True
27,861,4347,4444,97,True
36,894,4347,4444,97,True
45,825,4347,4424,77,True
47,835,4347,4401,54,True
50,829,4347,4416,69,True
53,862,4347,4428,81,True
55,823,4347,4428,81,True
59,881,4347,4416,69,True
65,857,4347,4416,69,True
72,866,4347,4424,77,True
78,894,4347,4428,81,True
79,812,4347,4416,69,True
81,830,4347,4416,69,True
83,852,4347,4428,81,True
88,895,4347,4484,137,True
97,877,4347,4416,69,True
0,884,4348,4444,96,True
1,877,4348,4401,53,True
10,889,4348,4478,130,True
17,817,4348,4424,76,True
18,873,4348,4444,96,True
30,850,4348,4424,76,True
41,875,4348,4444,96,True
49,888,4348,4444,96,True
51,838,4348,4416,68,True
53,863,4348,4428,80,True
59,882,4348,4416,68,True
61,859,4348,4403,55,True
65,858,4348,4416,68,True
71,857,4348,4484,136,True
81,831,4348,4416,68,True
99,864,4348,4484,136,True
2,877,4349,4424,75,True
3,907,4349,4444,95,True
7,819,4349,4424,75,True
9,903,4349,4424,75,True
13,872,4349,4444,95,True
16,922,4349,4444,95,True
18,874,4349,4444,95,True
21,855,4349,4444,95,True
25,864,4349,4424,75,True
29,836,4349,4444,95,True
34,866,4349,4424,75,True
40,938,4349,4478,129,True
47,836,4349,4444,95,True
62,848,4349,4416,67,True
66,829,4349,4484,135,True
71,858,4349,4484,135,True
76,869,4349,4484,135,True
80,900,4349,4416,67,True
85,873,4349,4484,135,True
88,896,4349,4484,135,True
92,918,4349,4428,79,True
96,836,4349,4484,135,True
97,878,4349,4416,67,True
99,865,4349,4484,135,True
0,885,4350,4444,94,True
3,908,4350,4444,94,True
15,854,4350,4428,78,True
18,875,4350,4444,94,True
19,818,4350,4424,74,True
21,856,4350,4444,94,True
22,900,4350,4424,74,True
24,807,4350,4478,128,True
35,867,4350,4424,74,True
42,908,4350,4444,94,True
51,839,4350,4428,78,True
59,883,4350,4416,66,True
62,849,4350,4416,66,True
63,900,4350,4428,78,True
67,813,4350,4416,66,True
78,895,4350,4428,78,True
82,880,4350,4428,78,True
83,853,4350,4428,78,True
96,837,4350,4484,134,True
2,878,4351,4424,73,True
6,873,4351,4444,93,True
18,876,4351,4444,93,True
20,827,4351,4424,73,True
27,862,4351,4444,93,True
43,839,4351,4424,73,True
48,877,4351,4424,73,True
50,830,4351,4416,65,True
65,859,4351,4416,65,True
69,876,4351,4428,77,True
73,858,4351,4416,65,True
74,874,4351,4428,77,True
82,881,4351,4428,77,True
89,870,4351,4428,77,True
1,878,4352,4401,49,True
3,909,4352,4444,92,True
13,873,4352,4444,92,True
27,863,4352,4444,92,True
30,851,4352,4424,72,True
47,837,4352,4444,92,True
55,824,4352,4428,76,True
60,831,4352,4428,76,True
72,867,4352,4424,72,True
82,882,4352,4428,76,True
0,886,4353,4444,91,True
1,879,4353,4444,91,True
3,910,4353,4444,91,True
10,890,4353,4478,125,True
11,867,4353,4444,91,True
15,855,4353,4428,75,True
21,857,4353,4444,91,True
24,808,4353,4478,125,True
43,840,4353,4424,71,True
49,889,4353,4444,91,True
51,840,4353,4428,75,True
54,941,4353,4416,63,True
59,884,4353,4484,131,True
61,860,4353,4403,50,True
65,860,4353,4416,63,True
67,814,4353,4484,131,True
72,868,4353,4424,71,True
73,859,4353,4416,63,True
81,832,4353,4428,75,True
82,883,4353,4428,75,True
83,854,4353,4428,75,True
86,878,4353,4416,63,True
90,886,4353,4416,63,True
91,873,4353,4428,75,True
93,861,4353,4484,131,True
95,878,4353,4428,75,True
96,838,4353,4484,131,True
97,879,4353,4416,63,True
98,860,4353,4416,63,True
99,866,4353,4484,131,True
0,887,4354,4444,90,True
1,880,4354,4444,90,True
3,911,4354,4444,90,True
15,856,4354,4428,74,True
19,819,4354,4424,70,True
20,828,4354,4424,70,True
22,901,4354,4561,207,True
23,866,4354,4444,90,True
42,909,4354,4444,90,True
46,879,4354,4444,90,True
59,885,4354,4484,130,True
66,830,4354,4484,130,True
70,873,4354,4424,70,True
72,869,4354,4424,70,True
94,883,4354,4428,74,True
99,867,4354,4484,130,True
1,881,4355,4444,89,True
9,904,4355,4424,69,True
10,891,4355,4561,206,True
11,868,4355,4444,89,True
16,923,4355,4444,89,True
17,818,4355,4444,89,True
18,877,4355,4444,89,True
31,875,4355,4424,69,True
59,886,4355,4484,129,True
70,874,4355,4424,69,True
72,870,4355,4424,69,True
86,879,4355,4416,61,True
89,871,4355,4428,73,True
96,839,4355,4484,129,True
2,879,4356,4424,68,True
5,846,4356,4444,88,True
10,892,4356,4561,205,True
16,924,4356,4444,88,True
25,865,4356,4424,68,True
39,826,4356,4444,88,True
45,826,4356,4424,68,True
47,838,4356,4444,88,True
55,825,4356,4428,72,True
57,851,4356,4403,47,True
59,887,4356,4484,128,True
67,815,4356,4484,128,True
71,859,4356,4484,128,True
76,870,4356,4484,128,True
81,833,4356,4428,72,True
84,888,4356,4484,128,True
96,840,4356,4484,128,True
99,868,4356,4484,128,True
15,857,4357,4428,71,True
19,820,4357,4424,67,True
27,864,4357,4444,87,True
28,904,4357,4478,121,True
44,895,4357,4444,87,True
45,827,4357,4424,67,True
47,839,4357,4444,87,True
50,831,4357,4416,59,True
74,875,4357,4428,71,True
92,919,4357,4428,71,True
93,862,4357,4484,127,True
97,880,4357,4416,59,True
12,876,4358,4444,86,True
15,858,4358,4428,70,True
19,821,4358,4424,66,True
22,902,4358,4561,203,True
23,867,4358,4444,86,True
27,865,4358,4444,86,True
35,868,4358,4424,66,True
39,827,4358,4444,86,True
49,890,4358,4444,86,True
62,850,4358,4484,126,True
64,922,4358,4416,58,True
66,831,4358,4484,126,True
83,855,4358,4428,70,True
85,874,4358,4484,126,True
86,880,4358,4416,58,True
92,920,4358,4428,70,True
98,861,4358,4416,58,True
99,869,4358,4484,126,True
10,893,4359,4561,202,True
22,903,4359,4561,202,True
24,809,4359,4478,119,True
29,837,4359,4444,85,True
37,873,4359,4444,85,True
40,939,4359,4478,119,True
43,841,4359,4478,119,True
46,880,4359,4444,85,True
48,878,4359,4561,202,True
52,868,4359,,,False
66,832,4359,4484,125,True
69,877,4359,4484,125,True
73,860,4359,4416,57,True
75,896,4359,4484,125,True
77,885,4359,4484,125,True
81,834,4359,4428,69,True
82,884,4359,4484,125,True
83,856,4359,4428,69,True
89,872,4359,4484,125,True
91,874,4359,4428,69,True
96,841,4359,4484,125,True
97,881,4359,4550,191,True
99,870,4359,4484,125,True
8,849,4360,4444,84,True
11,869,4360,4444,84,True
17,819,4360,4444,84,True
25,866,4360,4424,64,True
27,866,4360,4444,84,True
30,852,4360,4424,64,True
40,940,4360,4478,118,True
41,876,4360,4444,84,True
42,910,4360,4444,84,True
46,881,4360,4444,84,True
49,891,4360,4444,84,True
51,841,4360,4428,68,True
54,942,4360,4484,124,True
57,852,4360,4403,43,True
62,851,4360,4484,124,True
68,896,4360,4428,68,True
69,878,4360,4484,124,True
75,897,4360,4484,124,True
76,871,4360,4484,124,True
77,886,4360,4484,124,True
80,901,4360,4428,68,True
86,881,4360,4416,56,True
88,897,4360,4484,124,True
91,875,4360,4428,68,True
97,882,4360,4550,190,True
16,925,4361,4444,83,True
22,904,4361,4561,200,True
23,868,4361,4444,83,True
25,867,4361,4424,63,True
36,895,4361,4444,83,True
49,892,4361,4444,83,True
53,864,4361,4428,67,True
54,943,4361,4484,123,True
61,861,4361,4424,63,True
65,861,4361,4416,55,True
68,897,4361,4428,67,True
72,871,4361,4424,63,True
73,861,4361,4416,55,True
84,889,4361,4484,123,True
98,862,4361,4428,67,True
7,820,4362,4509,147,True
11,870,4362,4444,82,True
14,862,4362,4444,82,True
15,859,4362,4428,66,True
28,905,4362,4478,116,True
33,873,4362,4444,82,True
35,869,4362,4428,66,True
42,911,4362,4444,82,True
46,882,4362,4444,82,True
47,840,4362,4444,82,True
48,879,4362,4561,199,True
49,893,4362,4444,82,True
51,842,4362,4428,66,True
52,869,4362,,,False
57,853,4362,4403,41,True
76,872,4362,4484,122,True
80,902,4362,4428,66,True
83,857,4362,4428,66,True
84,890,4362,4484,122,True
89,873,4362,4484,122,True
93,863,4362,4484,122,True
99,871,4362,4484,122,True
0,888,4363,4444,81,True
2,880,4363,4509,146,True
3,912,4363,4444,81,True
6,874,4363,4444,81,True
13,874,4363,4444,81,True
15,860,4363,4428,65,True
19,822,4363,4478,115,True
20,829,4363,4428,65,True
21,858,4363,4478,115,True
26,841,4363,4444,81,True
28,906,4363,4478,115,True
31,876,4363,4444,81,True
32,876,4363,4444,81,True
35,870,4363,4428,65,True
44,896,4363,4444,81,True
45,828,4363,4424,61,True
54,944,4363,4484,121,True
56,856,4363,4484,121,True
57,854,4363,4403,40,True
58,871,4363,4484,121,True
65,862,4363,4484,121,True
71,860,4363,4484,121,True
72,872,4363,4424,61,True
78,896,4363,4484,121,True
81,835,4363,4484,121,True
82,885,4363,4484,121,True
90,887,4363,4484,121,True
94,884,4363,4428,65,True
97,883,4363,4550,187,True
9,905,4364,4509,145,True
11,871,4364,4444,80,True
17,820,4364,4561,197,True
27,867,4364,4444,80,True
29,838,4364,4444,80,True
33,874,4364,4444,80,True
37,874,4364,4444,80,True
44,897,4364,4444,80,True
46,883,4364,4444,80,True
48,880,4364,4561,197,True
61,862,4364,4424,60,True
62,852,4364,4484,120,True
67,816,4364,4484,120,True
69,879,4364,4484,120,True
77,887,4364,4484,120,True
79,813,4364,4484,120,True
80,903,4364,4428,64,True
83,858,4364,4428,64,True
91,876,4364,4428,64,True
97,884,4364,4550,186,True
4,884,4365,4561,196,True
5,847,4365,4561,196,True
7,821,4365,4509,144,True
12,877,4365,4444,79,True
18,878,4365,4444,79,True
24,810,4365,4478,113,True
29,839,4365,4444,79,True
30,853,4365,4424,59,True
31,877,4365,4444,79,True
37,875,4365,4444,79,True
43,842,4365,4478,113,True
45,829,4365,4424,59,True
47,841,4365,4444,79,True
54,945,4365,4484,119,True
60,832,4365,4484,119,True
61,863,4365,4424,59,True
63,901,4365,4428,63,True
64,923,4365,4416,51,True
69,880,4365,4484,119,True
77,888,4365,4484,119,True
80,904,4365,4428,63,True
83,859,4365,4428,63,True
91,877,4365,4428,63,True
99,872,4365,4484,119,True
5,848,4366,4561,195,True
9,906,4366,4509,143,True
12,878,4366,4444,78,True
28,907,4366,4478,112,True
35,871,4366,4428,62,True
45,830,4366,4424,58,True
46,884,4366,4444,78,True
47,842,4366,4444,78,True
57,855,4366,4424,58,True
59,888,4366,4484,118,True
63,902,4366,4428,62,True
64,924,4366,4416,50,True
66,833,4366,4484,118,True
71,861,4366,4484,118,True
72,873,4366,4424,58,True
79,814,4366,4484,118,True
85,875,4366,4484,118,True
94,885,4366,4428,62,True
97,885,4366,4550,184,True
0,889,4367,4444,77,True
15,861,4367,4428,61,True
17,821,4367,4561,194,True
21,859,4367,4478,111,True
22,905,4367,4561,194,True
27,868,4367,4444,77,True
30,854,4367,4424,57,True
33,875,4367,4444,77,True
34,867,4367,4428,61,True
36,896,4367,4444,77,True
37,876,4367,4444,77,True
45,831,4367,4424,57,True
47,843,4367,4444,77,True
49,894,4367,4444,77,True
50,832,4367,4484,117,True
56,857,4367,4484,117,True
63,903,4367,4484,117,True
68,898,4367,4428,61,True
72,874,4367,4424,57,True
79,815,4367,4484,117,True
82,886,4367,4484,117,True
91,878,4367,4428,61,True
95,879,4367,4428,61,True
96,842,4367,4484,117,True
97,886,4367,4550,183,True
1,882,4368,4444,76,True
8,850,4368,4444,76,True
13,875,4368,4444,76,True
21,860,4368,4478,110,True
24,811,4368,4478,110,True
31,878,4368,4444,76,True
40,941,4368,4561,193,True
41,877,4368,4444,76,True
42,912,4368,4444,76,True
51,843,4368,4484,116,True
53,865,4368,4428,60,True
62,853,4368,4484,116,True
67,817,4368,4484,116,True
68,899,4368,4428,60,True
69,881,4368,4484,116,True
71,862,4368,4484,116,True
73,862,4368,4484,116,True
79,816,4368,4484,116,True
89,874,4368,4484,116,True
97,887,4368,4550,182,True
0,890,4369,4444,75,True
3,913,4369,4444,75,True
5,849,4369,4561,192,True
9,907,4369,4509,140,True
17,822,4369,4561,192,True
18,879,4369,4478,109,True
21,861,4369,4478,109,True
26,842,4369,4444,75,True
33,876,4369,4444,75,True
34,868,4369,4428,59,True
50,833,4369,4484,115,True
58,872,4369,4484,115,True
63,904,4369,4484,115,True
66,834,4369,4484,115,True
80,905,4369,4428,59,True
91,879,4369,4428,59,True
93,864,4369,4484,115,True
12,879,4370,4444,74,True
22,906,4370,4561,191,True
25,868,4370,4478,108,True
29,840,4370,4444,74,True
30,855,4370,4424,54,True
34,869,4370,4428,58,True
40,942,4370,4561,191,True
49,895,4370,4444,74,True
52,870,4370,,,False
58,873,4370,4484,114,True
60,833,4370,4484,114,True
67,818,4370,4484,114,True
70,875,4370,4424,54,True
86,882,4370,4424,54,True
89,875,4370,4484,114,True
90,888,4370,4484,114,True
99,873,4370,4484,114,True
3,914,4371,4444,73,True
5,850,4371,4561,190,True
6,875,4371,4561,190,True
12,880,4371,4444,73,True
19,823,4371,4478,107,True
28,908,4371,4561,190,True
33,877,4371,4444,73,True
43,843,4371,4561,190,True
45,832,4371,4428,57,True
46,885,4371,4444,73,True
54,946,4371,4484,113,True
57,856,4371,4424,53,True
62,854,4371,4484,113,True
67,819,4371,4484,113,True
68,900,4371,4428,57,True
70,876,4371,4424,53,True
79,817,4371,4484,113,True
82,887,4371,4484,113,True
86,883,4371,4484,113,True
89,876,4371,4484,113,True
96,843,4371,4484,113,True
98,863,4371,4428,57,True
1,883,4372,4444,72,True
5,851,4372,4561,189,True
8,851,4372,4444,72,True
9,908,4372,4509,137,True
10,894,4372,4561,189,True
11,872,4372,4444,72,True
13,876,4372,4478,106,True
16,926,4372,4561,189,True
25,869,4372,4478,106,True
26,843,4372,4444,72,True
31,879,4372,4478,106,True
37,877,4372,4444,72,True
43,844,4372,4561,189,True
47,844,4372,4444,72,True
54,947,4372,4484,112,True
66,835,4372,4484,112,True
75,898,4372,4484,112,True
79,818,4372,4484,112,True
81,836,4372,4484,112,True
82,888,4372,4484,112,True
86,884,4372,4484,112,True
94,886,4372,4484,112,True
0,891,4373,4444,71,True
7,822,4373,4509,136,True
10,895,4373,4561,188,True
11,873,4373,4444,71,True
15,862,4373,4428,55,True
25,870,4373,4478,105,True
26,844,4373,4444,71,True
28,909,4373,4561,188,True
29,841,4373,4444,71,True
30,856,4373,4428,55,True
34,870,4373,4428,55,True
36,897,4373,4444,71,True
42,913,4373,4444,71,True
45,833,4373,4428,55,True
48,881,4373,4561,188,True
50,834,4373,4484,111,True
51,844,4373,4484,111,True
54,948,4373,4484,111,True
62,855,4373,4484,111,True
74,876,4373,4484,111,True
77,889,4373,4484,111,True
78,897,4373,4484,111,True
82,889,4373,4484,111,True
84,891,4373,4484,111,True
88,898,4373,4484,111,True
89,877,4373,4484,111,True
92,921,4373,4484,111,True
95,880,4373,4428,55,True
0,892,4374,4444,70,True
3,915,4374,4444,70,True
6,876,4374,4561,187,True
15,863,4374,4428,54,True
17,823,4374,4561,187,True
19,824,4374,4509,135,True
30,857,4374,4428,54,True
32,877,4374,4444,70,True
33,878,4374,4444,70,True
44,898,4374,4444,70,True
50,835,4374,4484,110,True
55,826,4374,4484,110,True
56,858,4374,4484,110,True
65,863,4374,4484,110,True
67,820,4374,4484,110,True
70,877,4374,4484,110,True
78,898,4374,4484,110,True
79,819,4374,4484,110,True
87,845,4374,4484,110,True
88,899,4374,4484,110,True
91,880,4374,4428,54,True
92,922,4374,4484,110,True
95,881,4374,4428,54,True
4,885,4375,4561,186,True
5,852,4375,4561,186,True
6,877,4375,4561,186,True
10,896,4375,4561,186,True
14,863,4375,4444,69,True
15,864,4375,4509,134,True
25,871,4375,4478,103,True
27,869,4375,4561,186,True
32,878,4375,4444,69,True
33,879,4375,4444,69,True
34,871,4375,4428,53,True
41,878,4375,4444,69,True
46,886,4375,4444,69,True
48,882,4375,4561,186,True
54,949,4375,4484,109,True
55,827,4375,4484,109,True
57,857,4375,4424,49,True
62,856,4375,4484,109,True
68,901,4375,4428,53,True
70,878,4375,4484,109,True
71,863,4375,4484,109,True
73,863,4375,4484,109,True
74,877,4375,4484,109,True
77,890,4375,4484,109,True
78,899,4375,4484,109,True
83,860,4375,4484,109,True
92,923,4375,4484,109,True
98,864,4375,4428,53,True
99,874,4375,4484,109,True
5,853,4376,4561,185,True
7,823,4376,4509,133,True
21,862,4376,4478,102,True
23,869,4376,4478,102,True
26,845,4376,4444,68,True
32,879,4376,4444,68,True
33,880,4376,4444,68,True
34,872,4376,4428,52,True
43,845,4376,4561,185,True
48,883,4376,4561,185,True
52,871,4376,,,False
64,925,4376,4424,48,True
67,821,4376,4484,108,True
70,879,4376,4484,108,True
71,864,4376,4484,108,True
72,875,4376,4424,48,True
82,890,4376,4484,108,True
85,876,4376,4484,108,True
87,846,4376,4484,108,True
90,889,4376,4484,108,True
93,865,4376,4484,108,True
95,882,4376,4428,52,True
97,888,4376,4550,174,True
12,881,4377,4444,67,True
13,877,4377,4478,101,True
14,864,4377,4444,67,True
18,880,4377,4561,184,True
19,825,4377,4509,132,True
22,907,4377,4561,184,True
32,880,4377,4444,67,True
37,878,4377,4444,67,True
41,879,4377,4444,67,True
45,834,4377,4509,132,True
51,845,4377,4484,107,True
52,872,4377,,,False
56,859,4377,4484,107,True
57,858,4377,4424,47,True
58,874,4377,4484,107,True
63,905,4377,4484,107,True
65,864,4377,4484,107,True
78,900,4377,4484,107,True
81,837,4377,4484,107,True
86,885,4377,4484,107,True
88,900,4377,4484,107,True
3,916,4378,4444,66,True
11,874,4378,4444,66,True
13,878,4378,4478,100,True
20,830,4378,4428,50,True
33,881,4378,4444,66,True
45,835,4378,4509,131,True
50,836,4378,4484,106,True
53,866,4378,4484,106,True
55,828,4378,4484,106,True
57,859,4378,4424,46,True
65,865,4378,4484,106,True
72,876,4378,4424,46,True
74,878,4378,4484,106,True
75,899,4378,4484,106,True
76,873,4378,4484,106,True
85,877,4378,4484,106,True
94,887,4378,4484,106,True
95,883,4378,4428,50,True
98,865,4378,4428,50,True
0,893,4379,4444,65,True
2,881,4379,4509,130,True
5,854,4379,4561,182,True
7,824,4379,4509,130,True
13,879,4379,4478,99,True
17,824,4379,4561,182,True
20,831,4379,4428,49,True
23,870,4379,4478,99,True
24,812,4379,4478,99,True
28,910,4379,4561,182,True
33,882,4379,4444,65,True
34,873,4379,4428,49,True
36,898,4379,4444,65,True
40,943,4379,4561,182,True
44,899,4379,4444,65,True
53,867,4379,4484,105,True
63,906,4379,4484,105,True
66,836,4379,4484,105,True
70,880,4379,4484,105,True
79,820,4379,4484,105,True
80,906,4379,4484,105,True
85,878,4379,4484,105,True
87,847,4379,4484,105,True
95,884,4379,4428,49,True
4,886,4380,4561,181,True
5,855,4380,4561,181,True
6,878,4380,4561,181,True
11,875,4380,4444,64,True
15,865,4380,4509,129,True
27,870,4380,4561,181,True
32,881,4380,4444,64,True
36,899,4380,4444,64,True
37,879,4380,4444,64,True
39,828,4380,4561,181,True
41,880,4380,4444,64,True
51,846,4380,4484,104,True
54,950,4380,4484,104,True
63,907,4380,4484,104,True
69,882,4380,4484,104,True
88,901,4380,4484,104,True
93,866,4380,4550,170,True
97,889,4380,4550,170,True
98,866,4380,4428,48,True
99,875,4380,4484,104,True
1,884,4381,4444,63,True
9,909,4381,4561,180,True
13,880,4381,4561,180,True
18,881,4381,4561,180,True
23,871,4381,4478,97,True
31,880,4381,4478,97,True
32,882,4381,4561,180,True
36,900,4381,4444,63,True
39,829,4381,4561,180,True
40,944,4381,4561,180,True
56,860,4381,4484,103,True
60,834,4381,4484,103,True
67,822,4381,4484,103,True
68,902,4381,4484,103,True
75,900,4381,4484,103,True
80,907,4381,4484,103,True
81,838,4381,4484,103,True
83,861,4381,4484,103,True
84,892,4381,4484,103,True
95,885,4381,4428,47,True
96,844,4381,4484,103,True
97,890,4381,4550,169,True
98,867,4381,4428,47,True
4,887,4382,4561,179,True
15,866,4382,4509,127,True
23,872,4382,4478,96,True
29,842,4382,4444,62,True
32,883,4382,4561,179,True
37,880,4382,4561,179,True
40,945,4382,4561,179,True
45,836,4382,4509,127,True
46,887,4382,4444,62,True
50,837,4382,4484,102,True
51,847,4382,4484,102,True
52,873,4382,,,False
58,875,4382,4484,102,True
62,857,4382,4484,102,True
70,881,4382,4484,102,True
77,891,4382,4484,102,True
80,908,4382,4484,102,True
88,902,4382,4484,102,True
93,867,4382,4550,168,True
97,891,4382,4550,168,True
1,885,4383,4444,61,True
9,910,4383,4561,178,True
16,927,4383,4561,178,True
19,826,4383,4509,126,True
21,863,4383,4478,95,True
33,883,4383,4444,61,True
36,901,4383,4561,178,True
50,838,4383,4484,101,True
51,848,4383,4484,101,True
61,864,4383,4428,45,True
63,908,4383,4484,101,True
66,837,4383,4484,101,True
69,883,4383,4484,101,True
79,821,4383,4484,101,True
90,890,4383,4484,101,True
3,917,4384,4561,177,True
6,879,4384,4561,177,True
7,825,4384,4509,125,True
8,852,4384,4478,94,True
12,882,4384,4444,60,True
19,827,4384,4509,125,True
21,864,4384,4478,94,True
30,858,4384,4509,125,True
31,881,4384,4478,94,True
38,871,4384,4561,177,True
39,830,4384,4561,177,True
40,946,4384,4561,177,True
49,896,4384,4444,60,True
54,951,4384,4484,100,True
55,829,4384,4484,100,True
56,861,4384,4484,100,True
57,860,4384,4484,100,True
68,903,4384,4550,166,True
69,884,4384,4484,100,True
73,864,4384,4484,100,True
74,879,4384,4484,100,True
77,892,4384,4484,100,True
85,879,4384,4484,100,True
87,848,4384,4484,100,True
89,878,4384,4484,100,True
91,881,4384,4484,100,True
97,892,4384,4550,166,True
4,888,4385,4561,176,True
7,826,4385,4509,124,True
8,853,4385,4478,93,True
9,911,4385,4561,176,True
18,882,4385,4561,176,True
19,828,4385,4509,124,True
26,846,4385,4561,176,True
38,872,4385,4561,176,True
41,881,4385,4561,176,True
43,846,4385,4561,176,True
48,884,4385,4561,176,True
61,865,4385,4428,43,True
64,926,4385,4484,99,True
65,866,4385,4484,99,True
70,882,4385,4484,99,True
72,877,4385,4484,99,True
76,874,4385,4484,99,True
86,886,4385,4484,99,True
89,879,4385,4484,99,True
93,868,4385,4550,165,True
94,888,4385,4484,99,True
5,856,4386,4561,175,True
6,880,4386,4561,175,True
17,825,4386,4561,175,True
20,832,4386,4428,42,True
24,813,4386,4478,92,True
29,843,4386,4444,58,True
43,847,4386,4561,175,True
46,888,4386,4561,175,True
48,885,4386,4561,175,True
66,838,4386,4484,98,True
71,865,4386,4484,98,True
72,878,4386,4484,98,True
74,880,4386,4484,98,True
78,901,4386,4484,98,True
86,887,4386,4484,98,True
89,880,4386,4484,98,True
90,891,4386,4484,98,True
91,882,4386,4484,98,True
93,869,4386,4550,164,True
95,886,4386,4484,98,True
96,845,4386,4484,98,True
97,893,4386,4550,164,True
98,868,4386,4484,98,True
99,876,4386,4484,98,True
1,886,4387,4444,57,True
6,881,4387,4561,174,True
13,881,4387,4561,174,True
20,833,4387,4428,41,True
32,884,4387,4561,174,True
37,881,4387,4561,174,True
38,873,4387,4561,174,True
40,947,4387,4561,174,True
50,839,4387,4484,97,True
53,868,4387,4484,97,True
69,885,4387,4484,97,True
74,881,4387,4484,97,True
76,875,4387,4484,97,True
93,870,4387,4550,163,True
97,894,4387,4550,163,True
5,857,4388,4561,173,True
10,897,4388,4561,173,True
15,867,4388,4509,121,True
17,826,4388,4561,173,True
21,865,4388,4478,90,True
29,844,4388,4478,90,True
33,884,4388,4444,56,True
34,874,4388,4509,121,True
44,900,4388,4561,173,True
64,927,4388,4484,96,True
65,867,4388,4484,96,True
74,882,4388,4484,96,True
75,901,4388,4484,96,True
78,902,4388,4484,96,True
87,849,4388,4550,162,True
90,892,4388,4484,96,True
94,889,4388,4484,96,True
98,869,4388,4484,96,True
1,887,4389,4444,55,True
3,918,4389,4561,172,True
8,854,4389,4478,89,True
9,912,4389,4561,172,True
14,865,4389,4444,55,True
23,873,4389,4478,89,True
26,847,4389,4561,172,True
27,871,4389,4561,172,True
39,831,4389,4561,172,True
46,889,4389,4561,172,True
47,845,4389,4444,55,True
49,897,4389,4478,89,True
57,861,4389,4484,95,True
73,865,4389,4484,95,True
81,839,4389,4484,95,True
86,888,4389,4484,95,True
87,850,4389,4550,161,True
97,895,4389,4550,161,True
98,870,4389,4484,95,True
99,877,4389,4484,95,True
6,882,4390,4561,171,True
9,913,4390,4561,171,True
11,876,4390,4478,88,True
12,883,4390,4478,88,True
16,928,4390,4561,171,True
21,866,4390,4478,88,True
23,874,4390,4561,171,True
30,859,4390,4509,119,True
42,914,4390,4561,171,True
61,866,4390,4484,94,True
62,858,4390,4484,94,True
64,928,4390,4484,94,True
67,823,4390,4484,94,True
70,883,4390,4484,94,True
72,879,4390,4484,94,True
79,822,4390,4484,94,True
90,893,4390,4484,94,True
9,914,4391,4561,170,True
16,929,4391,4561,170,True
21,867,4391,4478,87,True
22,908,4391,4561,170,True
24,814,4391,4478,87,True
27,872,4391,4561,170,True
32,885,4391,4561,170,True
34,875,4391,4509,118,True
36,902,4391,4561,170,True
44,901,4391,4561,170,True
45,837,4391,4509,118,True
48,886,4391,4561,170,True
50,840,4391,4484,93,True
56,862,4391,4484,93,True
61,867,4391,4484,93,True
62,859,4391,4484,93,True
63,909,4391,4484,93,True
66,839,4391,4484,93,True
68,904,4391,4550,159,True
79,823,4391,4484,93,True
90,894,4391,4484,93,True
94,890,4391,4484,93,True
96,846,4391,4484,93,True
0,894,4392,4561,169,True
11,877,4392,4478,86,True
12,884,4392,4478,86,True
18,883,4392,4561,169,True
23,875,4392,4561,169,True
25,872,4392,4561,169,True
30,860,4392,4509,117,True
34,876,4392,4509,117,True
40,948,4392,4561,169,True
42,915,4392,4561,169,True
52,874,4392,,,False
54,952,4392,4484,92,True
57,862,4392,4484,92,True
58,876,4392,4484,92,True
61,868,4392,4484,92,True
63,910,4392,4484,92,True
68,905,4392,4550,158,True
72,880,4392,4484,92,True
76,876,4392,4484,92,True
80,909,4392,4550,158,True
81,840,4392,4484,92,True
88,903,4392,4484,92,True
90,895,4392,4484,92,True
96,847,4392,4484,92,True
99,878,4392,4484,92,True
0,895,4393,4561,168,True
3,919,4393,4561,168,True
4,889,4393,4561,168,True
13,882,4393,4561,168,True
14,866,4393,4478,85,True
27,873,4393,4561,168,True
29,845,4393,4478,85,True
34,877,4393,4509,116,True
35,872,4393,4509,116,True
37,882,4393,4561,168,True
45,838,4393,4509,116,True
52,875,4393,,,False
58,877,4393,4484,91,True
80,910,4393,4550,157,True
82,891,4393,4484,91,True
88,904,4393,4484,91,True
97,896,4393,4550,157,True
8,855,4394,4478,84,True
13,883,4394,4561,167,True
20,834,4394,4509,115,True
23,876,4394,4561,167,True
24,815,4394,4478,84,True
30,861,4394,4509,115,True
32,886,4394,4561,167,True
34,878,4394,4509,115,True
38,874,4394,4561,167,True
40,949,4394,4561,167,True
49,898,4394,4478,84,True
50,841,4394,4484,90,True
53,869,4394,4550,156,True
56,863,4394,4484,90,True
61,869,4394,4484,90,True
64,929,4394,4484,90,True
66,840,4394,4484,90,True
72,881,4394,4484,90,True
77,893,4394,4484,90,True
79,824,4394,4484,90,True
85,880,4394,4484,90,True
96,848,4394,4484,90,True
97,897,4394,4550,156,True
1,888,4395,4478,83,True
8,856,4395,4478,83,True
11,878,4395,4478,83,True
17,827,4395,4561,166,True
39,832,4395,4561,166,True
41,882,4395,4561,166,True
45,839,4395,4509,114,True
49,899,4395,4478,83,True
51,849,4395,4484,89,True
53,870,4395,4550,155,True
54,953,4395,4484,89,True
57,863,4395,4484,89,True
58,878,4395,4484,89,True
59,889,4395,4484,89,True
67,824,4395,4484,89,True
71,866,4395,4484,89,True
74,883,4395,4484,89,True
83,862,4395,4484,89,True
84,893,4395,4550,155,True
86,889,4395,4484,89,True
88,905,4395,4484,89,True
89,881,4395,4484,89,True
93,871,4395,4550,155,True
5,858,4396,4561,165,True
9,915,4396,4561,165,True
16,930,4396,4561,165,True
19,829,4396,4561,165,True
20,835,4396,4509,113,True
29,846,4396,4478,82,True
34,879,4396,4509,113,True
41,883,4396,4561,165,True
42,916,4396,4561,165,True
46,890,4396,4561,165,True
47,846,4396,4478,82,True
53,871,4396,4550,154,True
56,864,4396,4484,88,True
59,890,4396,4484,88,True
76,877,4396,4484,88,True
80,911,4396,4550,154,True
82,892,4396,4484,88,True
85,881,4396,4484,88,True
95,887,4396,4484,88,True
97,898,4396,4550,154,True
7,827,4397,4561,164,True
12,885,4397,4561,164,True
15,868,4397,4509,112,True
18,884,4397,4561,164,True
19,830,4397,4561,164,True
23,877,4397,4561,164,True
29,847,4397,4478,81,True
38,875,4397,4561,164,True
43,848,4397,4561,164,True
50,842,4397,4484,87,True
55,830,4397,4484,87,True
61,870,4397,4484,87,True
67,825,4397,4484,87,True
68,906,4397,4550,153,True
71,867,4397,4484,87,True
72,882,4397,4484,87,True
98,871,4397,4484,87,True
4,890,4398,4561,163,True
8,857,4398,4561,163,True
10,898,4398,4561,163,True
16,931,4398,4561,163,True
26,848,4398,4561,163,True
27,874,4398,4561,163,True
32,887,4398,4561,163,True
35,873,4398,4509,111,True
40,950,4398,4561,163,True
41,884,4398,4561,163,True
45,840,4398,4509,111,True
53,872,4398,4550,152,True
62,860,4398,4484,86,True
68,907,4398,4550,152,True
69,886,4398,4484,86,True
70,884,4398,4484,86,True
75,902,4398,4484,86,True
80,912,4398,4550,152,True
86,890,4398,4484,86,True
89,882,4398,4484,86,True
90,896,4398,4484,86,True
97,899,4398,4550,152,True
6,883,4399,4561,162,True
14,867,4399,4478,79,True
15,869,4399,4509,110,True
16,932,4399,4561,162,True
17,828,4399,4561,162,True
22,909,4399,4561,162,True
24,816,4399,4561,162,True
33,885,4399,4561,162,True
35,874,4399,4509,110,True
43,849,4399,4561,162,True
47,847,4399,4478,79,True
55,831,4399,4484,85,True
60,835,4399,4550,151,True
66,841,4399,4484,85,True
76,878,4399,4484,85,True
80,913,4399,4550,151,True
83,863,4399,4484,85,True
92,924,4399,4484,85,True
93,872,4399,4550,151,True
98,872,4399,4484,85,True
0,896,4400,4561,161,True
7,828,4400,4561,161,True
8,858,4400,4561,161,True
9,916,4400,4561,161,True
10,899,4400,4561,161,True
12,886,4400,4561,161,True
21,868,4400,4478,78,True
24,817,4400,4561,161,True
25,873,4400,4561,161,True
27,875,4400,4561,161,True
28,911,4400,4561,161,True
29,848,4400,4478,78,True
33,886,4400,4561,161,True
35,875,4400,4509,109,True
36,903,4400,4561,161,True
41,885,4400,4561,161,True
46,891,4400,4561,161,True
47,848,4400,4561,161,True
54,954,4400,4484,84,True
56,865,4400,4484,84,True
60,836,4400,4550,150,True
65,868,4400,4484,84,True
67,826,4400,4484,84,True
69,887,4400,4484,84,True
71,868,4400,4484,84,True
72,883,4400,4484,84,True
74,884,4400,4550,150,True
75,903,4400,4484,84,True
94,891,4400,4484,84,True
3,920,4401,4561,160,True
5,859,4401,4561,160,True
8,859,4401,4561,160,True
11,879,4401,4561,160,True
13,884,4401,4561,160,True
19,831,4401,4561,160,True
26,849,4401,4561,160,True
36,904,4401,4561,160,True
51,850,4401,4550,149,True
52,876,4401,,,False
57,864,4401,4484,83,True
61,871,4401,4484,83,True
67,827,4401,4484,83,True
69,888,4401,4484,83,True
71,869,4401,4484,83,True
84,894,4401,4550,149,True
86,891,4401,4484,83,True
91,883,4401,4550,149,True
93,873,4401,4550,149,True
96,849,4401,4550,149,True
0,897,4402,4561,159,True
9,917,4402,4561,159,True
15,870,4402,4509,107,True
26,850,4402,4561,159,True
37,883,4402,4561,159,True
38,876,4402,4561,159,True
39,833,4402,4561,159,True
41,886,4402,4561,159,True
49,900,4402,4561,159,True
65,869,4402,4484,82,True
67,828,4402,4484,82,True
69,889,4402,4484,82,True
70,885,4402,4484,82,True
73,866,4402,4484,82,True
77,894,4402,4484,82,True
80,914,4402,4550,148,True
87,851,4402,4550,148,True
89,883,4402,4484,82,True
92,925,4402,4550,148,True
7,829,4403,4561,158,True
14,868,4403,4478,75,True
17,829,4403,4561,158,True
19,832,4403,4561,158,True
24,818,4403,4561,158,True
26,851,4403,4561,158,True
27,876,4403,4561,158,True
28,912,4403,4561,158,True
34,880,4403,4509,106,True
45,841,4403,4509,106,True
49,901,4403,4561,158,True
52,877,4403,,,False
53,873,4403,4550,147,True
55,832,4403,4484,81,True
56,866,4403,4484,81,True
57,865,4403,4484,81,True
60,837,4403,4550,147,True
61,872,4403,4484,81,True
65,870,4403,4484,81,True
68,908,4403,4550,147,True
69,890,4403,4484,81,True
72,884,4403,4484,81,True
81,841,4403,4484,81,True
82,893,4403,4550,147,True
97,900,4403,4550,147,True
1,889,4404,4478,74,True
15,871,4404,4509,105,True
24,819,4404,4561,157,True
25,874,4404,4561,157,True
27,877,4404,4561,157,True
28,913,4404,4561,157,True
30,862,4404,4509,105,True
44,902,4404,4561,157,True
46,892,4404,4561,157,True
47,849,4404,4561,157,True
50,843,4404,4484,80,True
60,838,4404,4550,146,True
61,873,4404,4484,80,True
65,871,4404,4484,80,True
67,829,4404,4484,80,True
69,891,4404,4484,80,True
70,886,4404,4484,80,True
80,915,4404,4550,146,True
86,892,4404,4484,80,True
97,901,4404,4550,146,True
98,873,4404,4484,80,True
2,882,4405,4618,213,True
3,921,4405,4561,156,True
4,891,4405,4561,156,True
9,918,4405,4561,156,True
11,880,4405,4561,156,True
14,869,4405,4478,73,True
17,830,4405,4561,156,True
20,836,4405,4509,104,True
24,820,4405,4561,156,True
27,878,4405,4561,156,True
41,887,4405,4561,156,True
49,902,4405,4561,156,True
51,851,4405,4550,145,True
54,955,4405,4484,79,True
64,930,4405,4550,145,True
66,842,4405,4550,145,True
73,867,4405,4484,79,True
81,842,4405,4484,79,True
82,894,4405,4550,145,True
87,852,4405,4550,145,True
0,898,4406,4561,155,True
4,892,4406,4561,155,True
6,884,4406,4561,155,True
7,830,4406,4561,155,True
20,837,4406,4509,103,True
25,875,4406,4561,155,True
30,863,4406,4509,103,True
31,882,4406,4561,155,True
36,905,4406,4561,155,True
37,884,4406,4561,155,True
54,956,4406,4484,78,True
61,874,4406,4484,78,True
62,861,4406,4484,78,True
63,911,4406,4484,78,True
69,892,4406,4484,78,True
71,870,4406,4484,78,True
76,879,4406,4550,144,True
77,895,4406,4484,78,True
85,882,4406,4484,78,True
86,893,4406,4484,78,True
91,884,4406,4550,144,True
95,888,4406,4550,144,True
2,883,4407,4618,211,True
8,860,4407,4561,154,True
14,870,4407,4478,71,True
18,885,4407,4561,154,True
22,910,4407,4561,154,True
23,878,4407,4561,154,True
25,876,4407,4561,154,True
26,852,4407,4561,154,True
33,887,4407,4561,154,True
37,885,4407,4561,154,True
39,834,4407,4561,154,True
42,917,4407,4561,154,True
45,842,4407,4509,102,True
48,887,4407,4561,154,True
54,957,4407,4484,77,True
64,931,4407,4550,143,True
73,868,4407,4484,77,True
89,884,4407,4550,143,True
3,922,4408,4561,153,True
4,893,4408,4561,153,True
7,831,4408,4618,210,True
8,861,4408,4561,153,True
12,887,4408,4561,153,True
16,933,4408,4561,153,True
27,879,4408,4561,153,True
30,864,4408,4509,101,True
35,876,4408,4618,210,True
37,886,4408,4561,153,True
38,877,4408,4561,153,True
40,951,4408,4561,153,True
45,843,4408,4509,101,True
52,878,4408,,,False
61,875,4408,4484,76,True
67,830,4408,4550,142,True
68,909,4408,4550,142,True
72,885,4408,4484,76,True
82,895,4408,4550,142,True
90,897,4408,4484,76,True
91,885,4408,4550,142,True
92,926,4408,4550,142,True
98,874,4408,4484,76,True
5,860,4409,4561,152,True
7,832,4409,4618,209,True
15,872,4409,4509,100,True
26,853,4409,4561,152,True
29,849,4409,4561,152,True
32,888,4409,4561,152,True
33,888,4409,4561,152,True
41,888,4409,4561,152,True
43,850,4409,4561,152,True
44,903,4409,4561,152,True
49,903,4409,4561,152,True
54,958,4409,4484,75,True
55,833,4409,4550,141,True
58,879,4409,4484,75,True
64,932,4409,4550,141,True
70,887,4409,4484,75,True
84,895,4409,4550,141,True
87,853,4409,4550,141,True
89,885,4409,4550,141,True
94,892,4409,4550,141,True
96,850,4409,4550,141,True
1,890,4410,4561,151,True
3,923,4410,4561,151,True
16,934,4410,4561,151,True
23,879,4410,4561,151,True
25,877,4410,4561,151,True
26,854,4410,4561,151,True
37,887,4410,4561,151,True
40,952,4410,4561,151,True
48,888,4410,4561,151,True
52,879,4410,,,False
53,874,4410,4550,140,True
57,866,4410,4484,74,True
59,891,4410,4484,74,True
65,872,4410,4484,74,True
66,843,4410,4550,140,True
67,831,4410,4550,140,True
68,910,4410,4550,140,True
72,886,4410,4484,74,True
81,843,4410,4484,74,True
82,896,4410,4550,140,True
87,854,4410,4550,140,True
97,902,4410,4550,140,True
0,899,4411,4561,150,True
2,884,4411,4618,207,True
4,894,4411,4561,150,True
5,861,4411,4561,150,True
8,862,4411,4561,150,True
19,833,4411,4561,150,True
34,881,4411,4509,98,True
40,953,4411,4561,150,True
43,851,4411,4561,150,True
44,904,4411,4561,150,True
48,889,4411,4561,150,True
53,875,4411,4550,139,True
56,867,4411,4484,73,True
57,867,4411,4484,73,True
61,876,4411,4484,73,True
63,912,4411,4550,139,True
72,887,4411,4484,73,True
74,885,4411,4550,139,True
88,906,4411,4550,139,True
95,889,4411,4550,139,True
98,875,4411,4550,139,True
99,879,4411,4484,73,True
0,900,4412,4561,149,True
2,885,4412,4618,206,True
8,863,4412,4561,149,True
14,871,4412,4478,66,True
17,831,4412,4561,149,True
20,838,4412,4509,97,True
28,914,4412,4561,149,True
41,889,4412,4561,149,True
43,852,4412,4561,149,True
44,905,4412,4561,149,True
45,844,4412,4509,97,True
47,850,4412,4561,149,True
52,880,4412,,,False
53,876,4412,4550,138,True
61,877,4412,4484,72,True
73,869,4412,4484,72,True
78,903,4412,4550,138,True
89,886,4412,4550,138,True
90,898,4412,4550,138,True
92,927,4412,4550,138,True
94,893,4412,4550,138,True
98,876,4412,4550,138,True
99,880,4412,4484,72,True
10,900,4413,4561,148,True
12,888,4413,4561,148,True
22,911,4413,4561,148,True
32,889,4413,4561,148,True
35,877,4413,4618,205,True
37,888,4413,4561,148,True
41,890,4413,4561,148,True
42,918,4413,4561,148,True
45,845,4413,4509,96,True
48,890,4413,4561,148,True
51,852,4413,4550,137,True
54,959,4413,4550,137,True
56,868,4413,4484,71,True
57,868,4413,4484,71,True
58,880,4413,4484,71,True
65,873,4413,4484,71,True
75,904,4413,4484,71,True
77,896,4413,4484,71,True
85,883,4413,4484,71,True
93,874,4413,4550,137,True
1,891,4414,4561,147,True
5,862,4414,4561,147,True
6,885,4414,4561,147,True
7,833,4414,4618,204,True
9,919,4414,4561,147,True
16,935,4414,4561,147,True
18,886,4414,4561,147,True
33,889,4414,4561,147,True
44,906,4414,4561,147,True
47,851,4414,4561,147,True
48,891,4414,4561,147,True
50,844,4414,4484,70,True
56,869,4414,4484,70,True
57,869,4414,4484,70,True
61,878,4414,4484,70,True
65,874,4414,4484,70,True
76,880,4414,4550,136,True
97,903,4414,4550,136,True
5,863,4415,4561,146,True
19,834,4415,4561,146,True
22,912,4415,4561,146,True
23,880,4415,4561,146,True
27,880,4415,4561,146,True
37,889,4415,4561,146,True
46,893,4415,4561,146,True
49,904,4415,4561,146,True
55,834,4415,4550,135,True
61,879,4415,4484,69,True
66,844,4415,4550,135,True
84,896,4415,4550,135,True
92,928,4415,4550,135,True
94,894,4415,4550,135,True
96,851,4415,4550,135,True
2,886,4416,4618,202,True
6,886,4416,4561,145,True
7,834,4416,4618,202,True
12,889,4416,4561,145,True
19,835,4416,4561,145,True
20,839,4416,4509,93,True
27,881,4416,4561,145,True
30,865,4416,4618,202,True
34,882,4416,4509,93,True
43,853,4416,4561,145,True
44,907,4416,4561,145,True
48,892,4416,4561,145,True
50,845,4416,4484,68,True
59,892,4416,4550,134,True
60,839,4416,4550,134,True
64,933,4416,4550,134,True
70,888,4416,4484,68,True
75,905,4416,4484,68,True
77,897,4416,4484,68,True
85,884,4416,4484,68,True
87,855,4416,4550,134,True
88,907,4416,4550,134,True
91,886,4416,4550,134,True
96,852,4416,4550,134,True
1,892,4417,4561,144,True
2,887,4417,4618,201,True
7,835,4417,4618,201,True
10,901,4417,4561,144,True
21,869,4417,4561,144,True
22,913,4417,4561,144,True
25,878,4417,4561,144,True
33,890,4417,4561,144,True
37,890,4417,4561,144,True
41,891,4417,4561,144,True
56,870,4417,4484,67,True
59,893,4417,4550,133,True
62,862,4417,4550,133,True
64,934,4417,4550,133,True
70,889,4417,4484,67,True
71,871,4417,4550,133,True
75,906,4417,4484,67,True
81,844,4417,4484,67,True
91,887,4417,4550,133,True
96,853,4417,4550,133,True
0,901,4418,4561,143,True
9,920,4418,4561,143,True
15,873,4418,4509,91,True
18,887,4418,4561,143,True
19,836,4418,4561,143,True
24,821,4418,4561,143,True
33,891,4418,4561,143,True
37,891,4418,4561,143,True
47,852,4418,4561,143,True
52,881,4418,,,False
56,871,4418,4484,66,True
58,881,4418,4484,66,True
64,935,4418,4550,132,True
66,845,4418,4550,132,True
67,832,4418,4550,132,True
77,898,4418,4484,66,True
79,825,4418,4484,66,True
83,864,4418,4550,132,True
89,887,4418,4550,132,True
91,888,4418,4550,132,True
99,881,4418,4484,66,True
3,924,4419,4561,142,True
5,864,4419,4561,142,True
9,921,4419,4561,142,True
11,881,4419,4561,142,True
12,890,4419,4561,142,True
21,870,4419,4561,142,True
25,879,4419,4561,142,True
27,882,4419,4561,142,True
29,850,4419,4561,142,True
30,866,4419,4618,199,True
32,890,4419,4561,142,True
37,892,4419,4561,142,True
38,878,4419,4561,142,True
39,835,4419,4561,142,True
44,908,4419,4561,142,True
54,960,4419,4550,131,True
56,872,4419,4484,65,True
59,894,4419,4550,131,True
61,880,4419,4509,90,True
65,875,4419,4550,131,True
67,833,4419,4550,131,True
74,886,4419,4550,131,True
76,881,4419,4550,131,True
81,845,4419,4484,65,True
87,856,4419,4550,131,True
90,899,4419,4550,131,True
93,875,4419,4550,131,True
11,882,4420,4561,141,True
13,885,4420,4561,141,True
14,872,4420,4561,141,True
20,840,4420,4509,89,True
23,881,4420,4561,141,True
31,883,4420,4561,141,True
38,879,4420,4561,141,True
56,873,4420,4484,64,True
58,882,4420,4550,130,True
66,846,4420,4550,130,True
67,834,4420,4550,130,True
68,911,4420,4550,130,True
70,890,4420,4484,64,True
73,870,4420,4484,64,True
76,882,4420,4550,130,True
81,846,4420,4550,130,True
84,897,4420,4550,130,True
86,894,4420,4484,64,True
90,900,4420,4550,130,True
93,876,4420,4550,130,True
95,890,4420,4550,130,True
97,904,4420,4550,130,True
0,902,4421,4561,140,True
5,865,4421,4561,140,True
12,891,4421,4561,140,True
15,874,4421,4509,88,True
21,871,4421,4561,140,True
22,914,4421,4561,140,True
26,855,4421,4561,140,True
31,884,4421,4561,140,True
32,891,4421,4561,140,True
41,892,4421,4561,140,True
44,909,4421,4561,140,True
48,893,4421,4561,140,True
52,882,4421,,,False
79,826,4421,4484,63,True
81,847,4421,4550,129,True
82,897,4421,4550,129,True
89,888,4421,4550,129,True
96,854,4421,4550,129,True
97,905,4421,4550,129,True
0,903,4422,4561,139,True
9,922,4422,4618,196,True
19,837,4422,4618,196,True
22,915,4422,4561,139,True
23,882,4422,4561,139,True
26,856,4422,4561,139,True
29,851,4422,4561,139,True
43,854,4422,4561,139,True
46,894,4422,4561,139,True
49,905,4422,4561,139,True
56,874,4422,4484,62,True
60,840,4422,4550,128,True
64,936,4422,4550,128,True
74,887,4422,4550,128,True
76,883,4422,4550,128,True
82,898,4422,4550,128,True
86,895,4422,4484,62,True
88,908,4422,4550,128,True
89,889,4422,4550,128,True
94,895,4422,4550,128,True
99,882,4422,4550,128,True
14,873,4423,4561,138,True
16,936,4423,4561,138,True
17,832,4423,4561,138,True
20,841,4423,4509,86,True
23,883,4423,4561,138,True
24,822,4423,4561,138,True
35,878,4423,4618,195,True
37,893,4423,4561,138,True
43,855,4423,4561,138,True
48,894,4423,4561,138,True
52,883,4423,,,False
62,863,4423,4550,127,True
69,893,4423,4550,127,True
76,884,4423,4550,127,True
78,904,4423,4550,127,True
83,865,4423,4550,127,True
87,857,4423,4550,127,True
89,890,4423,4550,127,True
95,891,4423,4550,127,True
0,904,4424,4561,137,True
1,893,4424,4561,137,True
6,887,4424,4561,137,True
8,864,4424,4561,137,True
14,874,4424,4561,137,True
33,892,4424,4561,137,True
39,836,4424,4561,137,True
40,954,4424,4618,194,True
42,919,4424,4561,137,True
45,846,4424,4509,85,True
54,961,4424,4550,126,True
56,875,4424,4484,60,True
69,894,4424,4550,126,True
77,899,4424,4550,126,True
82,899,4424,4550,126,True
85,885,4424,4550,126,True
88,909,4424,4550,126,True
89,891,4424,4550,126,True
90,901,4424,4550,126,True
97,906,4424,4550,126,True
99,883,4424,4550,126,True
0,905,4425,4561,136,True
1,894,4425,4561,136,True
3,925,4425,4561,136,True
4,895,4425,4561,136,True
5,866,4425,4561,136,True
17,833,4425,4561,136,True
24,823,4425,4561,136,True
25,880,4425,4561,136,True
28,915,4425,4561,136,True
36,906,4425,4561,136,True
39,837,4425,4561,136,True
45,847,4425,4509,84,True
53,877,4425,4601,176,True
60,841,4425,4550,125,True
66,847,4425,4550,125,True
72,888,4425,4484,59,True
73,871,4425,4484,59,True
79,827,4425,4484,59,True
82,900,4425,4550,125,True
86,896,4425,4484,59,True
91,889,4425,4568,143,True
92,929,4425,4550,125,True
94,896,4425,4550,125,True
96,855,4425,4550,125,True
98,877,4425,4550,125,True
2,888,4426,4618,192,True
8,865,4426,4561,135,True
13,886,4426,4561,135,True
18,888,4426,4561,135,True
34,883,4426,4618,192,True
38,880,4426,4561,135,True
41,893,4426,4561,135,True
48,895,4426,4561,135,True
52,884,4426,,,False
54,962,4426,4550,124,True
57,870,4426,4484,58,True
60,842,4426,4550,124,True
64,937,4426,4550,124,True
66,848,4426,4550,124,True
68,912,4426,4550,124,True
69,895,4426,4550,124,True
74,888,4426,4550,124,True
75,907,4426,4550,124,True
82,901,4426,4550,124,True
95,892,4426,4550,124,True
4,896,4427,4561,134,True
16,937,4427,4618,191,True
18,889,4427,4561,134,True
19,838,4427,4618,191,True
21,872,4427,4561,134,True
26,857,4427,4618,191,True
27,883,4427,4561,134,True
32,892,4427,4561,134,True
33,893,4427,4561,134,True
35,879,4427,4618,191,True
37,894,4427,4561,134,True
40,955,4427,4618,191,True
47,853,4427,4561,134,True
49,906,4427,4561,134,True
56,876,4427,4550,123,True
69,896,4427,4550,123,True
75,908,4427,4550,123,True
82,902,4427,4550,123,True
83,866,4427,4550,123,True
87,858,4427,4550,123,True
92,930,4427,4550,123,True
2,889,4428,4618,190,True
16,938,4428,4618,190,True
19,839,4428,4618,190,True
31,885,4428,4561,133,True
35,880,4428,4618,190,True
43,856,4428,4561,133,True
54,963,4428,4550,122,True
55,835,4428,4601,173,True
58,883,4428,4550,122,True
59,895,4428,4550,122,True
61,881,4428,4509,81,True
69,897,4428,4550,122,True
73,872,4428,4550,122,True
74,889,4428,4550,122,True
79,828,4428,4484,56,True
89,892,4428,4550,122,True
92,931,4428,4550,122,True
93,877,4428,4550,122,True
98,878,4428,4550,122,True
9,923,4429,4618,189,True
10,902,4429,4561,132,True
14,875,4429,4561,132,True
26,858,4429,4618,189,True
30,867,4429,4618,189,True
33,894,4429,4561,132,True
34,884,4429,4618,189,True
35,881,4429,4618,189,True
37,895,4429,4561,132,True
41,894,4429,4561,132,True
42,920,4429,4561,132,True
49,907,4429,4561,132,True
50,846,4429,4550,121,True
52,885,4429,,,False
53,878,4429,4601,172,True
56,877,4429,4550,121,True
63,913,4429,4601,172,True
66,849,4429,4550,121,True
71,872,4429,4550,121,True
81,848,4429,4550,121,True
83,867,4429,4550,121,True
86,897,4429,4484,55,True
90,902,4429,4550,121,True
96,856,4429,4550,121,True
97,907,4429,4550,121,True
22,916,4430,4561,131,True
27,884,4430,4561,131,True
28,916,4430,4561,131,True
33,895,4430,4561,131,True
34,885,4430,4618,188,True
38,881,4430,4561,131,True
52,886,4430,,,False
55,836,4430,4601,171,True
58,884,4430,4550,120,True
61,882,4430,4509,79,True
66,850,4430,4550,120,True
69,898,4430,4550,120,True
70,891,4430,4484,54,True
71,873,4430,4550,120,True
77,900,4430,4550,120,True
79,829,4430,4484,54,True
91,890,4430,4568,138,True
92,932,4430,4550,120,True
98,879,4430,4550,120,True
0,906,4431,4561,130,True
2,890,4431,4618,187,True
3,926,4431,4561,130,True
9,924,4431,4618,187,True
13,887,4431,4561,130,True
14,876,4431,4561,130,True
17,834,4431,4561,130,True
18,890,4431,4561,130,True
19,840,4431,4618,187,True
38,882,4431,4561,130,True
42,921,4431,4561,130,True
45,848,4431,4618,187,True
47,854,4431,4561,130,True
48,896,4431,4561,130,True
51,853,4431,4550,119,True
55,837,4431,4601,170,True
61,883,4431,4509,78,True
67,835,4431,4550,119,True
71,874,4431,4550,119,True
80,916,4431,4550,119,True
88,910,4431,4550,119,True
92,933,4431,4550,119,True
94,897,4431,4550,119,True
95,893,4431,4550,119,True
97,908,4431,4568,137,True
0,907,4432,4561,129,True
8,866,4432,4561,129,True
13,888,4432,4561,129,True
18,891,4432,4561,129,True
20,842,4432,4509,77,True
25,881,4432,4561,129,True
26,859,4432,4618,186,True
30,868,4432,4618,186,True
38,883,4432,4561,129,True
42,922,4432,4561,129,True
43,857,4432,4561,129,True
61,884,4432,4509,77,True
66,851,4432,4550,118,True
73,873,4432,4550,118,True
76,885,4432,4550,118,True
93,878,4432,4550,118,True
97,909,4432,4568,136,True
99,884,4432,4550,118,True
1,895,4433,4561,128,True
11,883,4433,4561,128,True
16,939,4433,4618,185,True
17,835,4433,4561,128,True
35,882,4433,4618,185,True
36,907,4433,4561,128,True
38,884,4433,4561,128,True
40,956,4433,4618,185,True
45,849,4433,4618,185,True
55,838,4433,4601,168,True
60,843,4433,4550,117,True
73,874,4433,4550,117,True
75,909,4433,4550,117,True
76,886,4433,4550,117,True
78,905,4433,4568,135,True
86,898,4433,4550,117,True
1,896,4434,4561,127,True
4,897,4434,4561,127,True
5,867,4434,4561,127,True
12,892,4434,4561,127,True
13,889,4434,4561,127,True
28,917,4434,4561,127,True
32,893,4434,4561,127,True
33,896,4434,4561,127,True
34,886,4434,4618,184,True
35,883,4434,4618,184,True
49,908,4434,4561,127,True
53,879,4434,4601,167,True
56,878,4434,4550,116,True
72,889,4434,4484,50,True
73,875,4434,4550,116,True
76,887,4434,4550,116,True
79,830,4434,4550,116,True
84,898,4434,4550,116,True
88,911,4434,4550,116,True
96,857,4434,4550,116,True
97,910,4434,4568,134,True
6,888,4435,4561,126,True
9,925,4435,4618,183,True
21,873,4435,4561,126,True
22,917,4435,4561,126,True
39,838,4435,4561,126,True
45,850,4435,4618,183,True
46,895,4435,4561,126,True
47,855,4435,4561,126,True
51,854,4435,4550,115,True
59,896,4435,4550,115,True
60,844,4435,4550,115,True
62,864,4435,4550,115,True
65,876,4435,4550,115,True
67,836,4435,4550,115,True
69,899,4435,4550,115,True
71,875,4435,4550,115,True
72,890,4435,4550,115,True
73,876,4435,4550,115,True
79,831,4435,4550,115,True
97,911,4435,4568,133,True
0,908,4436,4561,125,True
1,897,4436,4561,125,True
7,836,4436,4618,182,True
10,903,4436,4561,125,True
12,893,4436,4561,125,True
16,940,4436,4618,182,True
21,874,4436,4561,125,True
22,918,4436,4561,125,True
44,910,4436,4561,125,True
50,847,4436,4550,114,True
54,964,4436,4550,114,True
74,890,4436,4550,114,True
83,868,4436,4550,114,True
87,859,4436,4550,114,True
94,898,4436,4550,114,True
95,894,4436,4550,114,True
98,880,4436,4550,114,True
2,891,4437,4618,181,True
10,904,4437,4561,124,True
19,841,4437,4618,181,True
25,882,4437,4618,181,True
27,885,4437,4561,124,True
29,852,4437,4561,124,True
40,957,4437,4618,181,True
42,923,4437,4561,124,True
45,851,4437,4618,181,True
49,909,4437,4561,124,True
50,848,4437,4550,113,True
63,914,4437,4601,164,True
75,910,4437,4550,113,True
79,832,4437,4550,113,True
82,903,4437,4550,113,True
89,893,4437,4550,113,True
99,885,4437,4550,113,True
16,941,4438,4618,180,True
19,842,4438,4618,180,True
22,919,4438,4561,123,True
25,883,4438,4618,180,True
26,860,4438,4618,180,True
28,918,4438,4618,180,True
33,897,4438,4561,123,True
40,958,4438,4618,180,True
42,924,4438,4561,123,True
52,887,4438,,,False
53,880,4438,4601,163,True
59,897,4438,4550,112,True
64,938,4438,4550,112,True
66,852,4438,4601,163,True
70,892,4438,4550,112,True
73,877,4438,4550,112,True
75,911,4438,4550,112,True
76,888,4438,4550,112,True
77,901,4438,4550,112,True
78,906,4438,4568,130,True
83,869,4438,4550,112,True
95,895,4438,4550,112,True
98,881,4438,4550,112,True
0,909,4439,4561,122,True
1,898,4439,4561,122,True
18,892,4439,4561,122,True
19,843,4439,4618,179,True
21,875,4439,4561,122,True
27,886,4439,4561,122,True
28,919,4439,4618,179,True
35,884,4439,4618,179,True
40,959,4439,4618,179,True
42,925,4439,4561,122,True
48,897,4439,4561,122,True
49,910,4439,4561,122,True
50,849,4439,4550,111,True
51,855,4439,4550,111,True
53,881,4439,4601,162,True
63,915,4439,4601,162,True
74,891,4439,4568,129,True
81,849,4439,4550,111,True
84,899,4439,4550,111,True
87,860,4439,4550,111,True
89,894,4439,4550,111,True
99,886,4439,4550,111,True
7,837,4440,4618,178,True
13,890,4440,4561,121,True
21,876,4440,4561,121,True
31,886,4440,4618,178,True
33,898,4440,4561,121,True
38,885,4440,4561,121,True
39,839,4440,4561,121,True
45,852,4440,4618,178,True
59,898,4440,4550,110,True
64,939,4440,4550,110,True
71,876,4440,4550,110,True
81,850,4440,4550,110,True
82,904,4440,4550,110,True
91,891,4440,4568,128,True
96,858,4440,4601,161,True
99,887,4440,4550,110,True
12,894,4441,4561,120,True
16,942,4441,4618,177,True
18,893,4441,4561,120,True
21,877,4441,4561,120,True
24,824,4441,4561,120,True
25,884,4441,4618,177,True
37,896,4441,4561,120,True
50,850,4441,4550,109,True
51,856,4441,4550,109,True
52,888,4441,,,False
53,882,4441,4601,160,True
58,885,4441,4550,109,True
59,899,4441,4550,109,True
60,845,4441,4550,109,True
63,916,4441,4601,160,True
67,837,4441,4550,109,True
68,913,4441,4550,109,True
69,900,4441,4550,109,True
74,892,4441,4568,127,True
77,902,4441,4568,127,True
82,905,4441,4550,109,True
89,895,4441,4550,109,True
98,882,4441,4550,109,True
99,888,4441,4550,109,True
1,899,4442,4561,119,True
2,892,4442,4618,176,True
6,889,4442,4561,119,True
16,943,4442,4618,176,True
21,878,4442,4561,119,True
22,920,4442,4561,119,True
28,920,4442,4618,176,True
30,869,4442,4618,176,True
39,840,4442,4561,119,True
51,857,4442,4550,108,True
53,883,4442,4601,159,True
61,885,4442,4514,72,True
69,901,4442,4550,108,True
73,878,4442,4550,108,True
76,889,4442,4550,108,True
79,833,4442,4550,108,True
95,896,4442,4550,108,True
96,859,4442,4601,159,True
98,883,4442,4550,108,True
1,900,4443,4561,118,True
7,838,4443,4618,175,True
15,875,4443,4618,175,True
17,836,4443,4561,118,True
19,844,4443,4618,175,True
23,884,4443,4618,175,True
28,921,4443,4618,175,True
31,887,4443,4618,175,True
36,908,4443,4618,175,True
44,911,4443,4561,118,True
48,898,4443,4561,118,True
50,851,4443,4550,107,True
70,893,4443,4550,107,True
73,879,4443,4550,107,True
75,912,4443,4550,107,True
78,907,4443,4568,125,True
84,900,4443,4550,107,True
88,912,4443,4649,206,True
6,890,4444,4561,117,True
10,905,4444,4561,117,True
16,944,4444,4618,174,True
28,922,4444,4618,174,True
35,885,4444,4618,174,True
36,909,4444,4618,174,True
39,841,4444,4561,117,True
40,960,4444,4618,174,True
46,896,4444,4561,117,True
67,838,4444,4550,106,True
68,914,4444,4550,106,True
70,894,4444,4550,106,True
72,891,4444,4550,106,True
74,893,4444,4568,124,True
82,906,4444,4550,106,True
84,901,4444,4550,106,True
85,886,4444,4550,106,True
91,892,4444,4568,124,True
93,879,4444,4550,106,True
94,899,4444,4550,106,True
95,897,4444,4550,106,True
98,884,4444,4550,106,True
5,868,4445,4561,116,True
16,945,4445,4618,173,True
23,885,4445,4618,173,True
27,887,4445,4561,116,True
28,923,4445,4618,173,True
29,853,4445,4561,116,True
36,910,4445,4618,173,True
43,858,4445,4618,173,True
45,853,4445,4618,173,True
48,899,4445,4618,173,True
56,879,4445,4550,105,True
57,871,4445,4514,69,True
62,865,4445,4550,105,True
82,907,4445,4550,105,True
89,896,4445,4550,105,True
2,893,4446,4618,172,True
3,927,4446,4618,172,True
4,898,4446,4561,115,True
11,884,4446,4561,115,True
13,891,4446,4561,115,True
17,837,4446,4561,115,True
18,894,4446,4561,115,True
26,861,4446,4618,172,True
30,870,4446,4618,172,True
32,894,4446,4561,115,True
37,897,4446,4618,172,True
50,852,4446,4550,104,True
57,872,4446,4550,104,True
65,877,4446,4550,104,True
74,894,4446,4568,122,True
80,917,4446,4550,104,True
83,870,4446,4601,155,True
92,934,4446,4568,122,True
96,860,4446,4601,155,True
0,910,4447,4561,114,True
3,928,4447,4618,171,True
10,906,4447,4618,171,True
11,885,4447,4561,114,True
21,879,4447,4561,114,True
24,825,4447,4561,114,True
25,885,4447,4618,171,True
26,862,4447,4618,171,True
32,895,4447,4561,114,True
35,886,4447,4618,171,True
36,911,4447,4618,171,True
41,895,4447,4561,114,True
45,854,4447,4618,171,True
46,897,4447,4561,114,True
47,856,4447,4561,114,True
51,858,4447,4550,103,True
56,880,4447,4550,103,True
59,900,4447,4550,103,True
64,940,4447,4550,103,True
70,895,4447,4550,103,True
71,877,4447,4550,103,True
72,892,4447,4550,103,True
74,895,4447,4568,121,True
78,908,4447,4568,121,True
81,851,4447,4550,103,True
84,902,4447,4550,103,True
89,897,4447,4550,103,True
2,894,4448,4618,170,True
6,891,4448,4618,170,True
20,843,4448,4618,170,True
26,863,4448,4618,170,True
28,924,4448,4618,170,True
29,854,4448,4561,113,True
33,899,4448,4561,113,True
42,926,4448,4618,170,True
43,859,4448,4618,170,True
44,912,4448,4561,113,True
46,898,4448,4561,113,True
54,965,4448,4550,102,True
61,886,4448,4618,170,True
64,941,4448,4550,102,True
77,903,4448,4568,120,True
80,918,4448,4550,102,True
81,852,4448,4550,102,True
84,903,4448,4550,102,True
96,861,4448,4601,153,True
99,889,4448,4550,102,True
3,929,4449,4618,169,True
9,926,4449,4618,169,True
24,826,4449,4561,112,True
27,888,4449,4561,112,True
29,855,4449,4561,112,True
30,871,4449,4618,169,True
36,912,4449,4618,169,True
43,860,4449,4618,169,True
49,911,4449,4561,112,True
51,859,4449,4568,119,True
55,839,4449,4601,152,True
64,942,4449,4550,101,True
66,853,4449,4601,152,True
69,902,4449,4550,101,True
76,890,4449,4550,101,True
91,893,4449,4568,119,True
92,935,4449,4568,119,True
93,880,4449,4550,101,True
98,885,4449,4550,101,True
6,892,4450,4618,168,True
9,927,4450,4618,168,True
12,895,4450,4561,111,True
14,877,4450,4561,111,True
21,880,4450,4561,111,True
23,886,4450,4618,168,True
24,827,4450,4561,111,True
29,856,4450,4561,111,True
39,842,4450,4618,168,True
46,899,4450,4618,168,True
47,857,4450,4561,111,True
48,900,4450,4618,168,True
49,912,4450,4561,111,True
50,853,4450,4550,100,True
56,881,4450,4550,100,True
60,846,4450,4568,118,True
66,854,4450,4601,151,True
71,878,4450,4550,100,True
78,909,4450,4568,118,True
85,887,4450,4550,100,True
87,861,4450,4550,100,True
88,913,4450,4649,199,True
90,903,4450,4550,100,True
93,881,4450,4550,100,True
95,898,4450,4550,100,True
97,912,4450,4568,118,True
1,901,4451,4561,110,True
3,930,4451,4618,167,True
5,869,4451,4618,167,True
13,892,4451,4618,167,True
19,845,4451,4618,167,True
29,857,4451,4561,110,True
30,872,4451,4618,167,True
31,888,4451,4618,167,True
42,927,4451,4618,167,True
47,858,4451,4561,110,True
52,889,4451,,,False
54,966,4451,4550,99,True
57,873,4451,4550,99,True
63,917,4451,4601,150,True
66,855,4451,4601,150,True
68,915,4451,4550,99,True
70,896,4451,4550,99,True
72,893,4451,4550,99,True
74,896,4451,4568,117,True
75,913,4451,4550,99,True
77,904,4451,4568,117,True
80,919,4451,4550,99,True
82,908,4451,4550,99,True
87,862,4451,4550,99,True
88,914,4451,4649,198,True
92,936,4451,4568,117,True
98,886,4451,4550,99,True
3,931,4452,4618,166,True
8,867,4452,4561,109,True
11,886,4452,4561,109,True
13,893,4452,4618,166,True
15,876,4452,4618,166,True
20,844,4452,4618,166,True
21,881,4452,4561,109,True
29,858,4452,4561,109,True
41,896,4452,4618,166,True
43,861,4452,4618,166,True
50,854,4452,4550,98,True
56,882,4452,4550,98,True
70,897,4452,4550,98,True
75,914,4452,4550,98,True
76,891,4452,4550,98,True
78,910,4452,4568,116,True
87,863,4452,4550,98,True
98,887,4452,4550,98,True
0,911,4453,4561,108,True
6,893,4453,4618,165,True
8,868,4453,4561,108,True
10,907,4453,4618,165,True
14,878,4453,4561,108,True
17,838,4453,4618,165,True
24,828,4453,4561,108,True
25,886,4453,4618,165,True
37,898,4453,4618,165,True
39,843,4453,4618,165,True
42,928,4453,4618,165,True
43,862,4453,4618,165,True
47,859,4453,4561,108,True
50,855,4453,4550,97,True
52,890,4453,,,False
56,883,4453,4550,97,True
64,943,4453,4550,97,True
69,903,4453,4550,97,True
71,879,4453,4568,115,True
72,894,4453,4550,97,True
80,920,4453,4550,97,True
85,888,4453,4550,97,True
86,899,4453,4550,97,True
95,899,4453,4550,97,True
96,862,4453,4601,148,True
98,888,4453,4550,97,True
3,932,4454,4618,164,True
6,894,4454,4618,164,True
14,879,4454,4561,107,True
19,846,4454,4618,164,True
37,899,4454,4618,164,True
42,929,4454,4618,164,True
48,901,4454,4618,164,True
57,874,4454,4550,96,True
59,901,4454,4550,96,True
68,916,4454,4550,96,True
71,880,4454,4568,114,True
72,895,4454,4550,96,True
74,897,4454,4568,114,True
78,911,4454,4568,114,True
80,921,4454,4550,96,True
84,904,4454,4550,96,True
86,900,4454,4550,96,True
87,864,4454,4550,96,True
93,882,4454,4568,114,True
97,913,4454,4568,114,True
2,895,4455,4618,163,True
5,870,4455,4618,163,True
7,839,4455,4618,163,True
11,887,4455,4561,106,True
12,896,4455,4561,106,True
17,839,4455,4618,163,True
35,887,4455,4618,163,True
38,886,4455,4618,163,True
44,913,4455,4618,163,True
47,860,4455,4561,106,True
55,840,4455,4601,146,True
57,875,4455,4550,95,True
71,881,4455,4568,113,True
74,898,4455,4568,113,True
75,915,4455,4550,95,True
83,871,4455,4601,146,True
3,933,4456,4618,162,True
4,899,4456,4561,105,True
5,871,4456,4618,162,True
8,869,4456,4561,105,True
14,880,4456,4561,105,True
19,847,4456,4618,162,True
31,889,4456,4618,162,True
33,900,4456,4561,105,True
36,913,4456,4618,162,True
40,961,4456,4618,162,True
41,897,4456,4618,162,True
44,914,4456,4618,162,True
50,856,4456,4550,94,True
54,967,4456,4550,94,True
55,841,4456,4601,145,True
56,884,4456,4550,94,True
71,882,4456,4568,112,True
74,899,4456,4568,112,True
82,909,4456,4550,94,True
85,889,4456,4568,112,True
93,883,4456,4568,112,True
98,889,4456,4550,94,True
3,934,4457,4618,161,True
5,872,4457,4618,161,True
22,921,4457,4630,173,True
24,829,4457,4618,161,True
29,859,4457,4561,104,True
45,855,4457,4618,161,True
47,861,4457,4561,104,True
49,913,4457,4618,161,True
50,857,4457,4550,93,True
51,860,4457,4568,111,True
71,883,4457,4568,111,True
74,900,4457,4568,111,True
87,865,4457,4550,93,True
91,894,4457,4568,111,True
92,937,4457,4568,111,True
94,900,4457,4550,93,True
2,896,4458,4618,160,True
3,935,4458,4618,160,True
4,900,4458,4618,160,True
7,840,4458,4618,160,True
9,928,4458,4618,160,True
11,888,4458,4561,103,True
26,864,4458,4618,160,True
28,925,4458,4618,160,True
33,901,4458,4561,103,True
34,887,4458,4618,160,True
35,888,4458,4618,160,True
36,914,4458,4618,160,True
39,844,4458,4618,160,True
44,915,4458,4618,160,True
50,858,4458,4550,92,True
67,839,4458,4550,92,True
75,916,4458,4568,110,True
87,866,4458,4550,92,True
89,898,4458,4601,143,True
98,890,4458,4550,92,True
2,897,4459,4618,159,True
7,841,4459,4618,159,True
9,929,4459,4618,159,True
10,908,4459,4618,159,True
13,894,4459,4618,159,True
16,946,4459,4618,159,True
24,830,4459,4618,159,True
30,873,4459,4618,159,True
38,887,4459,4618,159,True
42,930,4459,4618,159,True
45,856,4459,4618,159,True
47,862,4459,4561,102,True
68,917,4459,4601,142,True
71,884,4459,4568,109,True
76,892,4459,4550,91,True
80,922,4459,4568,109,True
83,872,4459,4601,142,True
97,914,4459,4568,109,True
98,891,4459,4550,91,True
99,890,4459,4550,91,True
15,877,4460,4618,158,True
19,848,4460,4618,158,True
33,902,4460,4561,101,True
46,900,4460,4618,158,True
54,968,4460,4550,90,True
56,885,4460,4550,90,True
57,876,4460,4561,101,True
65,878,4460,4550,90,True
70,898,4460,4550,90,True
73,880,4460,4550,90,True
88,915,4460,4649,189,True
94,901,4460,4550,90,True
7,842,4461,4618,157,True
10,909,4461,4618,157,True
14,881,4461,4561,100,True
26,865,4461,4618,157,True
29,860,4461,4561,100,True
32,896,4461,4618,157,True
33,903,4461,4561,100,True
34,888,4461,4618,157,True
36,915,4461,4618,157,True
40,962,4461,4618,157,True
41,898,4461,4618,157,True
42,931,4461,4618,157,True
43,863,4461,4618,157,True
45,857,4461,4618,157,True
59,902,4461,4550,89,True
60,847,4461,4568,107,True
62,866,4461,4550,89,True
64,944,4461,4550,89,True
67,840,4461,4550,89,True
68,918,4461,4601,140,True
69,904,4461,4550,89,True
72,896,4461,4568,107,True
99,891,4461,4568,107,True
2,898,4462,4618,156,True
17,840,4462,4618,156,True
20,845,4462,4618,156,True
21,882,4462,4561,99,True
24,831,4462,4618,156,True
33,904,4462,4618,156,True
41,899,4462,4618,156,True
51,861,4462,4568,106,True
59,903,4462,4550,88,True
64,945,4462,4550,88,True
66,856,4462,4601,139,True
82,910,4462,4568,106,True
87,867,4462,4568,106,True
90,904,4462,4550,88,True
0,912,4463,4618,155,True
3,936,4463,4618,155,True
4,901,4463,4618,155,True
6,895,4463,4618,155,True
10,910,4463,4630,167,True
14,882,4463,4561,98,True
15,878,4463,4618,155,True
18,895,4463,4630,167,True
20,846,4463,4618,155,True
26,866,4463,4618,155,True
36,916,4463,4618,155,True
38,888,4463,4618,155,True
43,864,4463,4618,155,True
54,969,4463,4568,105,True
57,877,4463,4561,98,True
66,857,4463,4601,138,True
71,885,4463,4601,138,True
72,897,4463,4568,105,True
74,901,4463,4568,105,True
90,905,4463,4550,87,True
93,884,4463,4568,105,True
94,902,4463,4601,138,True
97,915,4463,4568,105,True
99,892,4463,4568,105,True
0,913,4464,4618,154,True
3,937,4464,4618,154,True
12,897,4464,4618,154,True
15,879,4464,4618,154,True
16,947,4464,4618,154,True
35,889,4464,4618,154,True
38,889,4464,4618,154,True
49,914,4464,4618,154,True
59,904,4464,4568,104,True
61,887,4464,4618,154,True
75,917,4464,4568,104,True
78,912,4464,4568,104,True
79,834,4464,4550,86,True
82,911,4464,4568,104,True
84,905,4464,4550,86,True
88,916,4464,4649,185,True
91,895,4464,4568,104,True
95,900,4464,4550,86,True
99,893,4464,4568,104,True
0,914,4465,4618,153,True
2,899,4465,4618,153,True
3,938,4465,4618,153,True
5,873,4465,4618,153,True
11,889,4465,4618,153,True
16,948,4465,4618,153,True
17,841,4465,4630,165,True
22,922,4465,4630,165,True
26,867,4465,4618,153,True
30,874,4465,4618,153,True
31,890,4465,4618,153,True
38,890,4465,4618,153,True
52,891,4465,,,False
57,878,4465,4561,96,True
60,848,4465,4568,103,True
62,867,4465,4550,85,True
66,858,4465,4722,257,True
70,899,4465,4550,85,True
79,835,4465,4550,85,True
85,890,4465,4568,103,True
89,899,4465,4601,136,True
91,896,4465,4568,103,True
5,874,4466,4618,152,True
9,930,4466,4618,152,True
14,883,4466,4561,95,True
17,842,4466,4630,164,True
19,849,4466,4618,152,True
25,887,4466,4618,152,True
28,926,4466,4618,152,True
46,901,4466,4618,152,True
50,859,4466,4550,84,True
54,970,4466,4568,102,True
60,849,4466,4568,102,True
65,879,4466,4550,84,True
67,841,4466,4550,84,True
70,900,4466,4550,84,True
71,886,4466,4601,135,True
79,836,4466,4550,84,True
81,853,4466,4568,102,True
83,873,4466,4601,135,True
88,917,4466,4649,183,True
90,906,4466,4568,102,True
12,898,4467,4618,151,True
16,949,4467,4618,151,True
18,896,4467,4630,163,True
22,923,4467,4630,163,True
29,861,4467,4561,94,True
32,897,4467,4618,151,True
39,845,4467,4618,151,True
46,902,4467,4618,151,True
47,863,4467,4618,151,True
51,862,4467,4568,101,True
55,842,4467,4601,134,True
56,886,4467,4550,83,True
62,868,4467,4550,83,True
66,859,4467,4722,255,True
70,901,4467,4550,83,True
75,918,4467,4568,101,True
77,905,4467,4568,101,True
79,837,4467,4561,94,True
81,854,4467,4568,101,True
87,868,4467,4568,101,True
88,918,4467,4649,182,True
89,900,4467,4601,134,True
92,938,4467,4568,101,True
9,931,4468,4618,150,True
15,880,4468,4618,150,True
16,950,4468,4618,150,True
21,883,4468,4561,93,True
22,924,4468,4630,162,True
29,862,4468,4561,93,True
30,875,4468,4618,150,True
34,889,4468,4618,150,True
36,917,4468,4618,150,True
44,916,4468,4618,150,True
50,860,4468,4550,82,True
52,892,4468,,,False
58,886,4468,4568,100,True
67,842,4468,4550,82,True
71,887,4468,4601,133,True
76,893,4468,4550,82,True
86,901,4468,4550,82,True
89,901,4468,4601,133,True
91,897,4468,4568,100,True
93,885,4468,4568,100,True
95,901,4468,4550,82,True
2,900,4469,4618,149,True
15,881,4469,4618,149,True
18,897,4469,4630,161,True
19,850,4469,4618,149,True
24,832,4469,4618,149,True
27,889,4469,4618,149,True
36,918,4469,4618,149,True
41,900,4469,4618,149,True
52,893,4469,,,False
53,884,4469,4601,132,True
61,888,4469,4618,149,True
63,918,4469,4601,132,True
69,905,4469,4601,132,True
71,888,4469,4601,132,True
81,855,4469,4568,99,True
91,898,4469,4568,99,True
92,939,4469,4568,99,True
96,863,4469,4601,132,True
6,896,4470,4618,148,True
16,951,4470,4618,148,True
50,861,4470,4561,91,True
51,863,4470,4568,98,True
62,869,4470,4568,98,True
64,946,4470,4561,91,True
74,902,4470,4568,98,True
75,919,4470,4568,98,True
77,906,4470,4568,98,True
83,874,4470,4601,131,True
84,906,4470,4568,98,True
86,902,4470,4550,80,True
20,847,4471,4618,147,True
27,890,4471,4618,147,True
32,898,4471,4618,147,True
37,900,4471,4618,147,True
40,963,4471,4630,159,True
41,901,4471,4618,147,True
48,902,4471,4618,147,True
49,915,4471,4618,147,True
50,862,4471,4561,90,True
54,971,4471,4568,97,True
91,899,4471,4568,97,True
93,886,4471,4568,97,True
94,903,4471,4601,130,True
95,902,4471,4550,79,True
97,916,4471,4568,97,True
1,902,4472,4561,89,True
8,870,4472,4618,146,True
9,932,4472,4618,146,True
11,890,4472,4618,146,True
14,884,4472,4561,89,True
15,882,4472,4618,146,True
16,952,4472,4618,146,True
20,848,4472,4618,146,True
31,891,4472,4618,146,True
37,901,4472,4618,146,True
38,891,4472,4618,146,True
42,932,4472,4618,146,True
45,858,4472,4618,146,True
55,843,4472,4601,129,True
56,887,4472,4550,78,True
57,879,4472,4561,89,True
59,905,4472,4568,96,True
66,860,4472,4722,250,True
71,889,4472,4601,129,True
77,907,4472,4568,96,True
84,907,4472,4568,96,True
96,864,4472,4601,129,True
97,917,4472,4568,96,True
98,892,4472,4550,78,True
99,894,4472,4568,96,True
2,901,4473,4618,145,True
3,939,4473,4618,145,True
4,902,4473,4618,145,True
6,897,4473,4618,145,True
12,899,4473,4618,145,True
15,883,4473,4618,145,True
21,884,4473,4561,88,True
24,833,4473,4618,145,True
25,888,4473,4618,145,True
39,846,4473,4618,145,True
56,888,4473,4568,95,True
61,889,4473,4618,145,True
62,870,4473,4568,95,True
63,919,4473,4601,128,True
67,843,4473,4568,95,True
71,890,4473,4601,128,True
73,881,4473,4561,88,True
74,903,4473,4568,95,True
95,903,4473,4550,77,True
2,902,4474,4618,144,True
8,871,4474,4618,144,True
22,925,4474,4630,156,True
33,905,4474,4618,144,True
37,902,4474,4618,144,True
41,902,4474,4618,144,True
46,903,4474,4618,144,True
67,844,4474,4568,94,True
68,919,4474,4601,127,True
74,904,4474,4568,94,True
80,923,4474,4601,127,True
88,919,4474,4649,175,True
98,893,4474,4550,76,True
0,915,4475,4618,143,True
3,940,4475,4618,143,True
7,843,4475,4630,155,True
10,911,4475,4630,155,True
11,891,4475,4618,143,True
15,884,4475,4618,143,True
22,926,4475,4630,155,True
25,889,4475,4618,143,True
28,927,4475,4618,143,True
30,876,4475,4618,143,True
31,892,4475,4618,143,True
35,890,4475,4618,143,True
38,892,4475,4618,143,True
42,933,4475,4618,143,True
43,865,4475,4618,143,True
44,917,4475,4618,143,True
53,885,4475,4601,126,True
58,887,4475,4568,93,True
64,947,4475,4561,86,True
66,861,4475,4722,247,True
69,906,4475,4601,126,True
80,924,4475,4601,126,True
81,856,4475,4568,93,True
88,920,4475,4649,174,True
89,902,4475,4601,126,True
91,900,4475,4568,93,True
92,940,4475,4568,93,True
98,894,4475,4550,75,True
1,903,4476,4561,85,True
2,903,4476,4618,142,True
4,903,4476,4618,142,True
11,892,4476,4618,142,True
27,891,4476,4618,142,True
37,903,4476,4618,142,True
39,847,4476,4618,142,True
44,918,4476,4618,142,True
51,864,4476,4601,125,True
52,894,4476,,,False
54,972,4476,4568,92,True
55,844,4476,4601,125,True
56,889,4476,4568,92,True
57,880,4476,4561,85,True
59,906,4476,4568,92,True
63,920,4476,4601,125,True
72,898,4476,4568,92,True
75,920,4476,4568,92,True
78,913,4476,4568,92,True
86,903,4476,4601,125,True
88,921,4476,4649,173,True
89,903,4476,4601,125,True
2,904,4477,4618,141,True
9,933,4477,4618,141,True
29,863,4477,4618,141,True
34,890,4477,4618,141,True
38,893,4477,4618,141,True
44,919,4477,4618,141,True
55,845,4477,4649,172,True
67,845,4477,4568,91,True
69,907,4477,4601,124,True
74,905,4477,4568,91,True
75,921,4477,4568,91,True
76,894,4477,4568,91,True
83,875,4477,4601,124,True
85,891,4477,4568,91,True
88,922,4477,4649,172,True
92,941,4477,4568,91,True
96,865,4477,4601,124,True
99,895,4477,4568,91,True
2,905,4478,4618,140,True
7,844,4478,4630,152,True
8,872,4478,4618,140,True
20,849,4478,4618,140,True
29,864,4478,4618,140,True
30,877,4478,4618,140,True
32,899,4478,4618,140,True
49,916,4478,4618,140,True
51,865,4478,4601,123,True
53,886,4478,4601,123,True
66,862,4478,4722,244,True
76,895,4478,4568,90,True
81,857,4478,4568,90,True
83,876,4478,4601,123,True
85,892,4478,4568,90,True
87,869,4478,4568,90,True
92,942,4478,4568,90,True
96,866,4478,4601,123,True
2,906,4479,4618,139,True
5,875,4479,4618,139,True
11,893,4479,4618,139,True
18,898,4479,4630,151,True
21,885,4479,4618,139,True
27,892,4479,4618,139,True
29,865,4479,4618,139,True
33,906,4479,4618,139,True
41,903,4479,4618,139,True
43,866,4479,4630,151,True
44,920,4479,4618,139,True
49,917,4479,4618,139,True
51,866,4479,4601,122,True
53,887,4479,4601,122,True
58,888,4479,4568,89,True
59,907,4479,4568,89,True
61,890,4479,4618,139,True
62,871,4479,4568,89,True
65,880,4479,4561,82,True
75,922,4479,4568,89,True
76,896,4479,4568,89,True
78,914,4479,4568,89,True
85,893,4479,4568,89,True
88,923,4479,4649,170,True
0,916,4480,4618,138,True
5,876,4480,4618,138,True
6,898,4480,4618,138,True
8,873,4480,4618,138,True
17,843,4480,4630,150,True
18,899,4480,4630,150,True
19,851,4480,4618,138,True
20,850,4480,4618,138,True
22,927,4480,4630,150,True
24,834,4480,4618,138,True
33,907,4480,4618,138,True
37,904,4480,4618,138,True
42,934,4480,4618,138,True
45,859,4480,4618,138,True
46,904,4480,4618,138,True
50,863,4480,4561,81,True
65,881,4480,4561,81,True
71,891,4480,4601,121,True
74,906,4480,4568,88,True
77,908,4480,4568,88,True
83,877,4480,4601,121,True
85,894,4480,4568,88,True
0,917,4481,4618,137,True
10,912,4481,4630,149,True
12,900,4481,4618,137,True
21,886,4481,4618,137,True
22,928,4481,4630,149,True
25,890,4481,4618,137,True
28,928,4481,4618,137,True
32,900,4481,4618,137,True
35,891,4481,4618,137,True
38,894,4481,4630,149,True
43,867,4481,4630,149,True
45,860,4481,4618,137,True
48,903,4481,4630,149,True
53,888,4481,4601,120,True
64,948,4481,4561,80,True
66,863,4481,4722,241,True
68,920,4481,4601,120,True
72,899,4481,4568,87,True
73,882,4481,4568,87,True
84,908,4481,4568,87,True
86,904,4481,4601,120,True
90,907,4481,4568,87,True
91,901,4481,4601,120,True
94,904,4481,4601,120,True
0,918,4482,4618,136,True
5,877,4482,4618,136,True
10,913,4482,4630,148,True
13,895,4482,4618,136,True
21,887,4482,4618,136,True
23,887,4482,4618,136,True
28,929,4482,4618,136,True
33,908,4482,4618,136,True
39,848,4482,4630,148,True
41,904,4482,4618,136,True
42,935,4482,4618,136,True
46,905,4482,4618,136,True
47,864,4482,4618,136,True
48,904,4482,4630,148,True
50,864,4482,4561,79,True
55,846,4482,4649,167,True
62,872,4482,4568,86,True
65,882,4482,4561,79,True
74,907,4482,4568,86,True
79,838,4482,4561,79,True
93,887,4482,4601,119,True
96,867,4482,4601,119,True
0,919,4483,4618,135,True
15,885,4483,4618,135,True
16,953,4483,4630,147,True
17,844,4483,4630,147,True
19,852,4483,4618,135,True
22,929,4483,4630,147,True
23,888,4483,4618,135,True
32,901,4483,4630,147,True
34,891,4483,4618,135,True
40,964,4483,4630,147,True
51,867,4483,4601,118,True
53,889,4483,4601,118,True
57,881,4483,4561,78,True
65,883,4483,4561,78,True
66,864,4483,4722,239,True
67,846,4483,4568,85,True
69,908,4483,4601,118,True
70,902,4483,4561,78,True
73,883,4483,4568,85,True
83,878,4483,4601,118,True
85,895,4483,4568,85,True
95,904,4483,4601,118,True
96,868,4483,4601,118,True
97,918,4483,4601,118,True
1,904,4484,4618,134,True
9,934,4484,4618,134,True
16,954,4484,4630,146,True
19,853,4484,4618,134,True
29,866,4484,4618,134,True
35,892,4484,4618,134,True
36,919,4484,4618,134,True
37,905,4484,4618,134,True
40,965,4484,4630,146,True
42,936,4484,4618,134,True
50,865,4484,4568,84,True
53,890,4484,4601,117,True
54,973,4484,4568,84,True
63,921,4484,4601,117,True
64,949,4484,4561,77,True
65,884,4484,4561,77,True
69,909,4484,4601,117,True
87,870,4484,4568,84,True
93,888,4484,4601,117,True
8,874,4485,4618,133,True
9,935,4485,4618,133,True
25,891,4485,4618,133,True
27,893,4485,4618,133,True
30,878,4485,4618,133,True
33,909,4485,4618,133,True
35,893,4485,4618,133,True
36,920,4485,4618,133,True
37,906,4485,4618,133,True
48,905,4485,4630,145,True
53,891,4485,4601,116,True
54,974,4485,4601,116,True
55,847,4485,4649,164,True
67,847,4485,4601,116,True
70,903,4485,4561,76,True
71,892,4485,4601,116,True
75,923,4485,4601,116,True
77,909,4485,4568,83,True
85,896,4485,4568,83,True
87,871,4485,4568,83,True
98,895,4485,4601,116,True
99,896,4485,4568,83,True
0,920,4486,4618,132,True
1,905,4486,4618,132,True
2,907,4486,4630,144,True
3,941,4486,4618,132,True
8,875,4486,4618,132,True
9,936,4486,4630,144,True
13,896,4486,4618,132,True
14,885,4486,4618,132,True
19,854,4486,4630,144,True
20,851,4486,4618,132,True
27,894,4486,4618,132,True
33,910,4486,4618,132,True
39,849,4486,4630,144,True
48,906,4486,4630,144,True
59,908,4486,4601,115,True
60,850,4486,4568,82,True
64,950,4486,4568,82,True
74,908,4486,4568,82,True
76,897,4486,4568,82,True
80,925,4486,4601,115,True
81,858,4486,4601,115,True
87,872,4486,4568,82,True
89,904,4486,4601,115,True
94,905,4486,4601,115,True
9,937,4487,4630,143,True
12,901,4487,4618,131,True
20,852,4487,4618,131,True
21,888,4487,4618,131,True
23,889,4487,4618,131,True
24,835,4487,4618,131,True
25,892,4487,4618,131,True
26,868,4487,4630,143,True
31,893,4487,4618,131,True
35,894,4487,4618,131,True
41,905,4487,4618,131,True
44,921,4487,4618,131,True
48,907,4487,4630,143,True
50,866,4487,4568,81,True
60,851,4487,4568,81,True
63,922,4487,4601,114,True
66,865,4487,4722,235,True
68,921,4487,4601,114,True
69,910,4487,4601,114,True
71,893,4487,4601,114,True
82,912,4487,4649,162,True
83,879,4487,4601,114,True
87,873,4487,4568,81,True
88,924,4487,4649,162,True
90,908,4487,4601,114,True
91,902,4487,4601,114,True
93,889,4487,4601,114,True
2,908,4488,4630,142,True
7,845,4488,4630,142,True
11,894,4488,4618,130,True
15,886,4488,4618,130,True
17,845,4488,4630,142,True
25,893,4488,4618,130,True
38,895,4488,4630,142,True
42,937,4488,4618,130,True
51,868,4488,4601,113,True
58,889,4488,4568,80,True
60,852,4488,4568,80,True
64,951,4488,4568,80,True
65,885,4488,4561,73,True
80,926,4488,4601,113,True
92,943,4488,4601,113,True
94,906,4488,4601,113,True
0,921,4489,4618,129,True
1,906,4489,4618,129,True
2,909,4489,4630,141,True
3,942,4489,4618,129,True
6,899,4489,4618,129,True
7,846,4489,4630,141,True
13,897,4489,4618,129,True
14,886,4489,4618,129,True
19,855,4489,4630,141,True
20,853,4489,4618,129,True
25,894,4489,4618,129,True
26,869,4489,4630,141,True
32,902,4489,4630,141,True
36,921,4489,4630,141,True
44,922,4489,4618,129,True
48,908,4489,4630,141,True
53,892,4489,4601,112,True
54,975,4489,4601,112,True
55,848,4489,4649,160,True
58,890,4489,4568,79,True
60,853,4489,4649,160,True
61,891,4489,4618,129,True
72,900,4489,4568,79,True
76,898,4489,4568,79,True
84,909,4489,4601,112,True
86,905,4489,4601,112,True
95,905,4489,4601,112,True
96,869,4489,4601,112,True
11,895,4490,4618,128,True
18,900,4490,4630,140,True
19,856,4490,4630,140,True
24,836,4490,4618,128,True
26,870,4490,4630,140,True
28,930,4490,4630,140,True
32,903,4490,4630,140,True
34,892,4490,4618,128,True
39,850,4490,4630,140,True
43,868,4490,4630,140,True
47,865,4490,4618,128,True
54,976,4490,4601,111,True
55,849,4490,4649,159,True
58,891,4490,4568,78,True
61,892,4490,4618,128,True
65,886,4490,4568,78,True
71,894,4490,4601,111,True
72,901,4490,4568,78,True
73,884,4490,4568,78,True
75,924,4490,4601,111,True
77,910,4490,4649,159,True
78,915,4490,4601,111,True
84,910,4490,4601,111,True
87,874,4490,4601,111,True
88,925,4490,4649,159,True
94,907,4490,4601,111,True
96,870,4490,4601,111,True
10,914,4491,4630,139,True
12,902,4491,4618,127,True
19,857,4491,4630,139,True
22,930,4491,4630,139,True
23,890,4491,4618,127,True
29,867,4491,4618,127,True
35,895,4491,4618,127,True
36,922,4491,4630,139,True
47,866,4491,4618,127,True
48,909,4491,4630,139,True
51,869,4491,4601,110,True
52,895,4491,,,False
56,890,4491,4568,77,True
61,893,4491,4618,127,True
62,873,4491,4601,110,True
66,866,4491,4722,231,True
68,922,4491,4601,110,True
69,911,4491,4601,110,True
70,904,4491,4561,70,True
72,902,4491,4568,77,True
73,885,4491,4568,77,True
75,925,4491,4601,110,True
77,911,4491,4649,158,True
80,927,4491,4601,110,True
81,859,4491,4601,110,True
83,880,4491,4601,110,True
94,908,4491,4601,110,True
98,896,4491,4601,110,True
0,922,4492,4618,126,True
5,878,4492,4630,138,True
15,887,4492,4618,126,True
17,846,4492,4630,138,True
23,891,4492,4618,126,True
24,837,4492,4618,126,True
31,894,4492,4618,126,True
34,893,4492,4618,126,True
41,906,4492,4630,138,True
43,869,4492,4630,138,True
44,923,4492,4618,126,True
45,861,4492,4618,126,True
48,910,4492,4630,138,True
52,896,4492,,,False
55,850,4492,4649,157,True
58,892,4492,4568,76,True
81,860,4492,4601,109,True
88,926,4492,4649,157,True
97,919,4492,4601,109,True
11,896,4493,4618,125,True
13,898,4493,4618,125,True
15,888,4493,4618,125,True
17,847,4493,4630,137,True
20,854,4493,4618,125,True
21,889,4493,4618,125,True
36,923,4493,4630,137,True
37,907,4493,4618,125,True
44,924,4493,4618,125,True
47,867,4493,4618,125,True
53,893,4493,4601,108,True
58,893,4493,4568,75,True
60,854,4493,4649,156,True
69,912,4493,4649,156,True
74,909,4493,4601,108,True
75,926,4493,4601,108,True
77,912,4493,4649,156,True
81,861,4493,4601,108,True
87,875,4493,4601,108,True
90,909,4493,4649,156,True
92,944,4493,4601,108,True
95,906,4493,4601,108,True
2,910,4494,4630,136,True
3,943,4494,4630,136,True
9,938,4494,4630,136,True
22,931,4494,4630,136,True
24,838,4494,4618,124,True
26,871,4494,4630,136,True
32,904,4494,4630,136,True
33,911,4494,4618,124,True
44,925,4494,4618,124,True
48,911,4494,4630,136,True
56,891,4494,4601,107,True
62,874,4494,4601,107,True
67,848,4494,4601,107,True
73,886,4494,4601,107,True
79,839,4494,4568,74,True
85,897,4494,4568,74,True
87,876,4494,4601,107,True
94,909,4494,4601,107,True
95,907,4494,4601,107,True
3,944,4495,4630,135,True
6,900,4495,4618,123,True
7,847,4495,4630,135,True
8,876,4495,4618,123,True
14,887,4495,4618,123,True
17,848,4495,4630,135,True
18,901,4495,4630,135,True
25,895,4495,4662,167,True
36,924,4495,4630,135,True
40,966,4495,4630,135,True
43,870,4495,4630,135,True
67,849,4495,4601,106,True
74,910,4495,4601,106,True
75,927,4495,4601,106,True
96,871,4495,4601,106,True
2,911,4496,4630,134,True
7,848,4496,4630,134,True
10,915,4496,4630,134,True
11,897,4496,4618,122,True
14,888,4496,4618,122,True
23,892,4496,4618,122,True
26,872,4496,4630,134,True
32,905,4496,4630,134,True
35,896,4496,4618,122,True
38,896,4496,4630,134,True
42,938,4496,4618,122,True
52,897,4496,,,False
55,851,4496,4649,153,True
59,909,4496,4601,105,True
63,923,4496,4601,105,True
72,903,4496,4568,72,True
75,928,4496,4601,105,True
83,881,4496,4601,105,True
92,945,4496,4601,105,True
94,910,4496,4601,105,True
15,889,4497,4618,121,True
17,849,4497,4630,133,True
31,895,4497,4618,121,True
35,897,4497,4618,121,True
37,908,4497,4618,121,True
39,851,4497,4630,133,True
41,907,4497,4630,133,True
50,867,4497,4601,104,True
52,898,4497,,,False
56,892,4497,4601,104,True
59,910,4497,4601,104,True
63,924,4497,4601,104,True
73,887,4497,4601,104,True
81,862,4497,4601,104,True
8,877,4498,4618,120,True
43,871,4498,4630,132,True
47,868,4498,4618,120,True
51,870,4498,4601,103,True
52,899,4498,,,False
57,882,4498,4568,70,True
59,911,4498,4601,103,True
61,894,4498,4618,120,True
69,913,4498,4649,151,True
76,899,4498,4601,103,True
77,913,4498,4649,151,True
78,916,4498,4601,103,True
81,863,4498,4601,103,True
93,890,4498,4649,151,True
95,908,4498,4601,103,True
5,879,4499,4630,131,True
16,955,4499,4630,131,True
17,850,4499,4630,131,True
23,893,4499,4618,119,True
33,912,4499,4618,119,True
35,898,4499,4618,119,True
38,897,4499,4630,131,True
42,939,4499,4618,119,True
52,900,4499,,,False
56,893,4499,4601,102,True
58,894,4499,4601,102,True
63,925,4499,4649,150,True
64,952,4499,4568,69,True
77,914,4499,4649,150,True
80,928,4499,4601,102,True
83,882,4499,4601,102,True
96,872,4499,4601,102,True
1,907,4500,4618,118,True
9,939,4500,4630,130,True
10,916,4500,4630,130,True
14,889,4500,4618,118,True
16,956,4500,4630,130,True
22,932,4500,4630,130,True
30,879,4500,4618,118,True
34,894,4500,4618,118,True
36,925,4500,4630,130,True
40,967,4500,4630,130,True
44,926,4500,4630,130,True
61,895,4500,4618,118,True
63,926,4500,4649,149,True
71,895,4500,4601,101,True
73,888,4500,4601,101,True
81,864,4500,4601,101,True
82,913,4500,4649,149,True
89,905,4500,4649,149,True
91,903,4500,4649,149,True
92,946,4500,4601,101,True
15,890,4501,4618,117,True
16,957,4501,4630,129,True
28,931,4501,4630,129,True
51,871,4501,4601,100,True
56,894,4501,4601,100,True
66,867,4501,4722,221,True
68,923,4501,4601,100,True
78,917,4501,4601,100,True
80,929,4501,4601,100,True
5,880,4502,4630,128,True
11,898,4502,4630,128,True
15,891,4502,4618,116,True
18,902,4502,4630,128,True
26,873,4502,4630,128,True
39,852,4502,4630,128,True
43,872,4502,4630,128,True
51,872,4502,4601,99,True
62,875,4502,4601,99,True
74,911,4502,4601,99,True
82,914,4502,4649,147,True
88,927,4502,4649,147,True
90,910,4502,4649,147,True
97,920,4502,4601,99,True
98,897,4502,4618,116,True
0,923,4503,4618,115,True
1,908,4503,4618,115,True
7,849,4503,4630,127,True
12,903,4503,4618,115,True
27,895,4503,4630,127,True
29,868,4503,4630,127,True
30,880,4503,4618,115,True
37,909,4503,4630,127,True
52,901,4503,,,False
55,852,4503,4649,146,True
58,895,4503,4601,98,True
62,876,4503,4601,98,True
67,850,4503,4601,98,True
69,914,4503,4649,146,True
78,918,4503,4601,98,True
85,898,4503,4601,98,True
88,928,4503,4649,146,True
92,947,4503,4601,98,True
96,873,4503,4649,146,True
99,897,4503,4649,146,True
3,945,4504,4630,126,True
4,904,4504,4630,126,True
9,940,4504,4630,126,True
10,917,4504,4630,126,True
20,855,4504,4618,114,True
21,890,4504,4618,114,True
28,932,4504,4630,126,True
30,881,4504,4618,114,True
37,910,4504,4630,126,True
38,898,4504,4630,126,True
39,853,4504,4630,126,True
40,968,4504,4630,126,True
43,873,4504,4630,126,True
46,906,4504,4618,114,True
51,873,4504,4601,97,True
56,895,4504,4601,97,True
63,927,4504,4649,145,True
69,915,4504,4649,145,True
77,915,4504,4649,145,True
89,906,4504,4649,145,True
91,904,4504,4649,145,True
1,909,4505,4618,113,True
2,912,4505,4630,125,True
3,946,4505,4630,125,True
7,850,4505,4630,125,True
9,941,4505,4630,125,True
19,858,4505,4630,125,True
31,896,4505,4630,125,True
33,913,4505,4630,125,True
47,869,4505,4618,113,True
51,874,4505,4601,96,True
53,894,4505,4649,144,True
56,896,4505,4601,96,True
61,896,4505,4618,113,True
65,887,4505,4568,63,True
68,924,4505,4601,96,True
69,916,4505,4649,144,True
70,905,4505,4568,63,True
72,904,4505,4568,63,True
75,929,4505,4601,96,True
80,930,4505,4601,96,True
92,948,4505,4649,144,True
96,874,4505,4649,144,True
11,899,4506,4630,124,True
20,856,4506,4618,112,True
25,896,4506,4662,156,True
27,896,4506,4630,124,True
39,854,4506,4630,124,True
40,969,4506,4630,124,True
57,883,4506,4568,62,True
58,896,4506,4601,95,True
62,877,4506,4601,95,True
63,928,4506,4649,143,True
66,868,4506,4722,216,True
72,905,4506,4568,62,True
77,916,4506,4649,143,True
78,919,4506,4649,143,True
79,840,4506,4601,95,True
89,907,4506,4649,143,True
93,891,4506,4649,143,True
0,924,4507,4630,123,True
3,947,4507,4630,123,True
5,881,4507,4630,123,True
7,851,4507,4630,123,True
18,903,4507,4630,123,True
19,859,4507,4630,123,True
24,839,4507,4630,123,True
28,933,4507,4630,123,True
29,869,4507,4630,123,True
46,907,4507,4618,111,True
60,855,4507,4649,142,True
66,869,4507,4722,215,True
72,906,4507,4568,61,True
73,889,4507,4601,94,True
75,930,4507,4601,94,True
81,865,4507,4601,94,True
83,883,4507,4601,94,True
90,911,4507,4649,142,True
10,918,4508,4630,122,True
17,851,4508,4630,122,True
24,840,4508,4630,122,True
25,897,4508,4662,154,True
26,874,4508,4630,122,True
28,934,4508,4630,122,True
30,882,4508,4618,110,True
36,926,4508,4630,122,True
37,911,4508,4630,122,True
40,970,4508,4630,122,True
46,908,4508,4630,122,True
53,895,4508,4649,141,True
61,897,4508,4618,110,True
62,878,4508,4601,93,True
64,953,4508,4568,60,True
70,906,4508,4568,60,True
74,912,4508,4601,93,True
82,915,4508,4649,141,True
85,899,4508,4601,93,True
96,875,4508,4649,141,True
97,921,4508,4601,93,True
1,910,4509,4618,109,True
10,919,4509,4630,121,True
12,904,4509,4618,109,True
21,891,4509,4618,109,True
28,935,4509,4630,121,True
29,870,4509,4630,121,True
30,883,4509,4618,109,True
45,862,4509,4618,109,True
48,912,4509,4630,121,True
58,897,4509,4601,92,True
59,912,4509,4649,140,True
60,856,4509,4649,140,True
62,879,4509,4601,92,True
67,851,4509,4649,140,True
75,931,4509,4601,92,True
78,920,4509,4649,140,True
79,841,4509,4601,92,True
80,931,4509,4601,92,True
81,866,4509,4601,92,True
97,922,4509,4601,92,True
98,898,4509,4618,109,True
14,890,4510,4618,108,True
18,904,4510,4630,120,True
28,936,4510,4630,120,True
33,914,4510,4630,120,True
40,971,4510,4630,120,True
48,913,4510,4630,120,True
50,868,4510,4601,91,True
52,902,4510,,,False
55,853,4510,4649,139,True
66,870,4510,4722,212,True
75,932,4510,4601,91,True
82,916,4510,4649,139,True
92,949,4510,4649,139,True
94,911,4510,4601,91,True
99,898,4510,4649,139,True
0,925,4511,4630,119,True
4,905,4511,4630,119,True
7,852,4511,4662,151,True
8,878,4511,4630,119,True
13,899,4511,4630,119,True
34,895,4511,4662,151,True
35,899,4511,4618,107,True
41,908,4511,4630,119,True
51,875,4511,4601,90,True
53,896,4511,4649,138,True
59,913,4511,4649,138,True
69,917,4511,4649,138,True
75,933,4511,4601,90,True
77,917,4511,4649,138,True
80,932,4511,4649,138,True
82,917,4511,4649,138,True
85,900,4511,4601,90,True
88,929,4511,4649,138,True
1,911,4512,4618,106,True
10,920,4512,4630,118,True
11,900,4512,4630,118,True
13,900,4512,4630,118,True
14,891,4512,4618,106,True
22,933,4512,4630,118,True
27,897,4512,4630,118,True
29,871,4512,4630,118,True
31,897,4512,4630,118,True
32,906,4512,4630,118,True
34,896,4512,4662,150,True
35,900,4512,4618,106,True
42,940,4512,4630,118,True
45,863,4512,4618,106,True
46,909,4512,4630,118,True
49,918,4512,4630,118,True
56,897,4512,4649,137,True
64,954,4512,4568,56,True
68,925,4512,4601,89,True
69,918,4512,4649,137,True
73,890,4512,4649,137,True
75,934,4512,4601,89,True
77,918,4512,4649,137,True
83,884,4512,4649,137,True
92,950,4512,4649,137,True
95,909,4512,4649,137,True
2,913,4513,4662,149,True
4,906,4513,4630,117,True
11,901,4513,4630,117,True
13,901,4513,4630,117,True
16,958,4513,4630,117,True
19,860,4513,4630,117,True
23,894,4513,4630,117,True
24,841,4513,4630,117,True
31,898,4513,4630,117,True
33,915,4513,4630,117,True
41,909,4513,4630,117,True
47,870,4513,4618,105,True
49,919,4513,4630,117,True
52,903,4513,,,False
56,898,4513,4649,136,True
58,898,4513,4601,88,True
64,955,4513,4568,55,True
65,888,4513,4601,88,True
72,907,4513,4618,105,True
73,891,4513,4649,136,True
75,935,4513,4601,88,True
76,900,4513,4649,136,True
89,908,4513,4649,136,True
93,892,4513,4649,136,True
94,912,4513,4649,136,True
98,899,4513,4618,105,True
1,912,4514,4630,116,True
21,892,4514,4618,104,True
23,895,4514,4630,116,True
24,842,4514,4630,116,True
36,927,4514,4630,116,True
38,899,4514,4630,116,True
40,972,4514,4630,116,True
41,910,4514,4630,116,True
48,914,4514,4630,116,True
57,884,4514,4618,104,True
58,899,4514,4601,87,True
63,929,4514,4649,135,True
75,936,4514,4601,87,True
76,901,4514,4649,135,True
77,919,4514,4649,135,True
85,901,4514,4601,87,True
88,930,4514,4649,135,True
91,905,4514,4649,135,True
97,923,4514,4601,87,True
98,900,4514,4618,104,True
12,905,4515,4630,115,True
27,898,4515,4630,115,True
29,872,4515,4630,115,True
35,901,4515,4618,103,True
36,928,4515,4630,115,True
40,973,4515,4630,115,True
57,885,4515,4618,103,True
60,857,4515,4649,134,True
62,880,4515,4649,134,True
68,926,4515,4601,86,True
70,907,4515,4618,103,True
74,913,4515,4649,134,True
75,937,4515,4601,86,True
77,920,4515,4649,134,True
80,933,4515,4649,134,True
91,906,4515,4649,134,True
99,899,4515,4649,134,True
11,902,4516,4630,114,True
17,852,4516,4662,146,True
19,861,4516,4630,114,True
20,857,4516,4618,102,True
25,898,4516,4662,146,True
29,873,4516,4630,114,True
30,884,4516,4662,146,True
38,900,4516,4630,114,True
41,911,4516,4630,114,True
44,927,4516,4630,114,True
47,871,4516,4618,102,True
48,915,4516,4630,114,True
50,869,4516,4649,133,True
61,898,4516,4618,102,True
76,902,4516,4649,133,True
78,921,4516,4649,133,True
79,842,4516,4601,85,True
92,951,4516,4649,133,True
0,926,4517,4630,113,True
5,882,4517,4630,113,True
7,853,4517,4662,145,True
8,879,4517,4630,113,True
11,903,4517,4630,113,True
12,906,4517,4630,113,True
17,853,4517,4662,145,True
25,899,4517,4662,145,True
27,899,4517,4630,113,True
29,874,4517,4630,113,True
38,901,4517,4630,113,True
41,912,4517,4630,113,True
42,941,4517,4630,113,True
52,904,4517,,,False
54,977,4517,4649,132,True
59,914,4517,4649,132,True
61,899,4517,4618,101,True
62,881,4517,4649,132,True
74,914,4517,4649,132,True
75,938,4517,4649,132,True
80,934,4517,4649,132,True
82,918,4517,4649,132,True
95,910,4517,4649,132,True
99,900,4517,4649,132,True
2,914,4518,4662,144,True
7,854,4518,4662,144,True
10,921,4518,4630,112,True
12,907,4518,4630,112,True
16,959,4518,4630,112,True
17,854,4518,4662,144,True
18,905,4518,4662,144,True
19,862,4518,4630,112,True
24,843,4518,4630,112,True
27,900,4518,4630,112,True
28,937,4518,4630,112,True
29,875,4518,4630,112,True
35,902,4518,4618,100,True
38,902,4518,4630,112,True
41,913,4518,4630,112,True
43,874,4518,4630,112,True
46,910,4518,4630,112,True
52,905,4518,,,False
54,978,4518,4649,131,True
62,882,4518,4649,131,True
65,889,4518,4649,131,True
71,896,4518,4649,131,True
76,903,4518,4649,131,True
82,919,4518,4649,131,True
84,911,4518,4649,131,True
87,877,4518,4649,131,True
88,931,4518,4649,131,True
93,893,4518,4649,131,True
97,924,4518,4601,83,True
3,948,4519,4630,111,True
12,908,4519,4630,111,True
17,855,4519,4662,143,True
18,906,4519,4662,143,True
21,893,4519,4630,111,True
26,875,4519,4630,111,True
27,901,4519,4630,111,True
34,897,4519,4662,143,True
35,903,4519,4618,99,True
42,942,4519,4630,111,True
44,928,4519,4630,111,True
53,897,4519,4649,130,True
54,979,4519,4649,130,True
59,915,4519,4649,130,True
64,956,4519,4618,99,True
66,871,4519,4722,203,True
71,897,4519,4649,130,True
72,908,4519,4618,99,True
77,921,4519,4649,130,True
79,843,4519,4649,130,True
83,885,4519,4649,130,True
89,909,4519,4649,130,True
95,911,4519,4649,130,True
2,915,4520,4662,142,True
12,909,4520,4630,110,True
16,960,4520,4630,110,True
20,858,4520,4618,98,True
24,844,4520,4630,110,True
35,904,4520,4618,98,True
38,903,4520,4630,110,True
46,911,4520,4630,110,True
50,870,4520,4649,129,True
61,900,4520,4618,98,True
64,957,4520,4618,98,True
70,908,4520,4618,98,True
78,922,4520,4683,163,True
81,867,4520,4649,129,True
82,920,4520,4649,129,True
89,910,4520,4649,129,True
91,907,4520,4649,129,True
93,894,4520,4649,129,True
96,876,4520,4649,129,True
1,913,4521,4630,109,True
10,922,4521,4630,109,True
11,904,4521,4630,109,True
12,910,4521,4630,109,True
16,961,4521,4630,109,True
25,900,4521,4662,141,True
36,929,4521,4630,109,True
52,906,4521,,,False
59,916,4521,4649,128,True
62,883,4521,4649,128,True
68,927,4521,4649,128,True
69,919,4521,4649,128,True
73,892,4521,4649,128,True
74,915,4521,4649,128,True
80,935,4521,4649,128,True
93,895,4521,4649,128,True
94,913,4521,4649,128,True
98,901,4521,4618,97,True
2,916,4522,4662,140,True
3,949,4522,4630,108,True
7,855,4522,4662,140,True
8,880,4522,4630,108,True
14,892,4522,4630,108,True
25,901,4522,4662,140,True
31,899,4522,4630,108,True
41,914,4522,4630,108,True
44,929,4522,4630,108,True
48,916,4522,4630,108,True
67,852,4522,4649,127,True
68,928,4522,4649,127,True
69,920,4522,4649,127,True
75,939,4522,4649,127,True
82,921,4522,4649,127,True
83,886,4522,4649,127,True
97,925,4522,4649,127,True
99,901,4522,4649,127,True
4,907,4523,4630,107,True
24,845,4523,4630,107,True
29,876,4523,4630,107,True
37,912,4523,4630,107,True
39,855,4523,4630,107,True
48,917,4523,4630,107,True
51,876,4523,4649,126,True
55,854,4523,4649,126,True
57,886,4523,4618,95,True
58,900,4523,4649,126,True
65,890,4523,4649,126,True
68,929,4523,4649,126,True
69,921,4523,4649,126,True
71,898,4523,4649,126,True
74,916,4523,4649,126,True
75,940,4523,4649,126,True
80,936,4523,4649,126,True
84,912,4523,4649,126,True
86,906,4523,4618,95,True
91,908,4523,4649,126,True
93,896,4523,4649,126,True
95,912,4523,4649,126,True
99,902,4523,4649,126,True
1,914,4524,4630,106,True
20,859,4524,4618,94,True
28,938,4524,4662,138,True
47,872,4524,4630,106,True
51,877,4524,4649,125,True
52,907,4524,,,False
53,898,4524,4649,125,True
56,899,4524,4649,125,True
58,901,4524,4649,125,True
63,930,4524,4649,125,True
64,958,4524,4618,94,True
86,907,4524,4649,125,True
96,877,4524,4649,125,True
1,915,4525,4630,105,True
4,908,4525,4630,105,True
16,962,4525,4630,105,True
21,894,4525,4630,105,True
22,934,4525,4630,105,True
23,896,4525,4630,105,True
27,902,4525,4630,105,True
34,898,4525,4662,137,True
38,904,4525,4630,105,True
49,920,4525,4630,105,True
51,878,4525,4649,124,True
61,901,4525,4618,93,True
64,959,4525,4618,93,True
66,872,4525,4722,197,True
69,922,4525,4649,124,True
71,899,4525,4649,124,True
75,941,4525,4649,124,True
76,904,4525,4649,124,True
80,937,4525,4649,124,True
81,868,4525,4649,124,True
86,908,4525,4649,124,True
87,878,4525,4649,124,True
88,932,4525,4649,124,True
93,897,4525,4649,124,True
95,913,4525,4649,124,True
3,950,4526,4630,104,True
11,905,4526,4630,104,True
22,935,4526,4630,104,True
30,885,4526,4662,136,True
42,943,4526,4630,104,True
46,912,4526,4630,104,True
48,918,4526,4630,104,True
52,908,4526,,,False
57,887,4526,4618,92,True
58,902,4526,4649,123,True
63,931,4526,4649,123,True
64,960,4526,4618,92,True
70,909,4526,4618,92,True
73,893,4526,4649,123,True
77,922,4526,4649,123,True
85,902,4526,4649,123,True
87,879,4526,4649,123,True
98,902,4526,4649,123,True
3,951,4527,4630,103,True
9,942,4527,4630,103,True
11,906,4527,4630,103,True
12,911,4527,4630,103,True
14,893,4527,4630,103,True
23,897,4527,4630,103,True
24,846,4527,4630,103,True
30,886,4527,4662,135,True
31,900,4527,4630,103,True
32,907,4527,4630,103,True
33,916,4527,4630,103,True
35,905,4527,4662,135,True
39,856,4527,4630,103,True
40,974,4527,4662,135,True
45,864,4527,4662,135,True
60,858,4527,4649,122,True
62,884,4527,4649,122,True
63,932,4527,4649,122,True
71,900,4527,4649,122,True
73,894,4527,4649,122,True
76,905,4527,4649,122,True
79,844,4527,4649,122,True
80,938,4527,4649,122,True
82,922,4527,4649,122,True
89,911,4527,4649,122,True
95,914,4527,4649,122,True
1,916,4528,4630,102,True
3,952,4528,4630,102,True
12,912,4528,4630,102,True
15,892,4528,4618,90,True
18,907,4528,4662,134,True
26,876,4528,4630,102,True
29,877,4528,4630,102,True
46,913,4528,4630,102,True
52,909,4528,,,False
60,859,4528,4649,121,True
67,853,4528,4649,121,True
72,909,4528,4618,90,True
77,923,4528,4649,121,True
79,845,4528,4649,121,True
82,923,4528,4649,121,True
88,933,4528,4649,121,True
96,878,4528,4649,121,True
0,927,4529,4630,101,True
2,917,4529,4662,133,True
4,909,4529,4630,101,True
5,883,4529,4630,101,True
8,881,4529,4630,101,True
9,943,4529,4662,133,True
12,913,4529,4630,101,True
15,893,4529,4618,89,True
20,860,4529,4618,89,True
43,875,4529,4630,101,True
52,910,4529,,,False
60,860,4529,4649,120,True
64,961,4529,4618,89,True
74,917,4529,4649,120,True
76,906,4529,4649,120,True
77,924,4529,4649,120,True
5,884,4530,4630,100,True
8,882,4530,4630,100,True
14,894,4530,4630,100,True
19,863,4530,4662,132,True
24,847,4530,4630,100,True
30,887,4530,4662,132,True
32,908,4530,4630,100,True
34,899,4530,4662,132,True
35,906,4530,4662,132,True
49,921,4530,4630,100,True
65,891,4530,4649,119,True
73,895,4530,4649,119,True
78,923,4530,4683,153,True
81,869,4530,4649,119,True
82,924,4530,4649,119,True
86,909,4530,4649,119,True
87,880,4530,4649,119,True
88,934,4530,4649,119,True
1,917,4531,4630,99,True
2,918,4531,4662,131,True
13,902,4531,4630,99,True
15,894,4531,4618,87,True
18,908,4531,4662,131,True
23,898,4531,4630,99,True
27,903,4531,4630,99,True
31,901,4531,4630,99,True
33,917,4531,4630,99,True
35,907,4531,4662,131,True
39,857,4531,4630,99,True
41,915,4531,4630,99,True
44,930,4531,4630,99,True
45,865,4531,4662,131,True
50,871,4531,4649,118,True
53,899,4531,4722,191,True
54,980,4531,4649,118,True
56,900,4531,4649,118,True
57,888,4531,4618,87,True
58,903,4531,4649,118,True
66,873,4531,4722,191,True
68,930,4531,4649,118,True
77,925,4531,4649,118,True
84,913,4531,4649,118,True
87,881,4531,4649,118,True
96,879,4531,4649,118,True
2,919,4532,4662,130,True
8,883,4532,4630,98,True
14,895,4532,4630,98,True
21,895,4532,4630,98,True
29,878,4532,4630,98,True
33,918,4532,4630,98,True
34,900,4532,4662,130,True
35,908,4532,4662,130,True
36,930,4532,4630,98,True
40,975,4532,4662,130,True
56,901,4532,4649,117,True
69,923,4532,4649,117,True
72,910,4532,4649,117,True
73,896,4532,4649,117,True
77,926,4532,4649,117,True
79,846,4532,4649,117,True
81,870,4532,4649,117,True
82,925,4532,4649,117,True
90,912,4532,4649,117,True
94,914,4532,4649,117,True
96,880,4532,4649,117,True
99,903,4532,4649,117,True
5,885,4533,4630,97,True
7,856,4533,4662,129,True
11,907,4533,4630,97,True
13,903,4533,4630,97,True
22,936,4533,4630,97,True
30,888,4533,4662,129,True
48,919,4533,4662,129,True
54,981,4533,4649,116,True
60,861,4533,4649,116,True
67,854,4533,4649,116,True
74,918,4533,4649,116,True
76,907,4533,4649,116,True
78,924,4533,4683,150,True
85,903,4533,4649,116,True
98,903,4533,4649,116,True
5,886,4534,4630,96,True
6,901,4534,4630,96,True
10,923,4534,4662,128,True
18,909,4534,4662,128,True
20,861,4534,4618,84,True
25,902,4534,4662,128,True
28,939,4534,4662,128,True
32,909,4534,4630,96,True
35,909,4534,4662,128,True
37,913,4534,4630,96,True
42,944,4534,4630,96,True
47,873,4534,4630,96,True
52,911,4534,,,False
76,908,4534,4649,115,True
80,939,4534,4649,115,True
81,871,4534,4649,115,True
84,914,4534,4649,115,True
91,909,4534,4649,115,True
96,881,4534,4649,115,True
8,884,4535,4630,95,True
12,914,4535,4630,95,True
14,896,4535,4630,95,True
15,895,4535,4618,83,True
24,848,4535,4630,95,True
29,879,4535,4630,95,True
30,889,4535,4662,127,True
42,945,4535,4630,95,True
43,876,4535,4662,127,True
45,866,4535,4662,127,True
46,914,4535,4630,95,True
49,922,4535,4630,95,True
61,902,4535,4649,114,True
66,874,4535,4722,187,True
76,909,4535,4649,114,True
81,872,4535,4683,148,True
84,915,4535,4649,114,True
87,882,4535,4649,114,True
89,912,4535,4683,148,True
93,898,4535,4649,114,True
94,915,4535,4722,187,True
96,882,4535,4649,114,True
2,920,4536,4662,126,True
3,953,4536,4630,94,True
6,902,4536,4662,126,True
14,897,4536,4630,94,True
24,849,4536,4630,94,True
27,904,4536,4630,94,True
29,880,4536,4630,94,True
32,910,4536,4630,94,True
34,901,4536,4662,126,True
40,976,4536,4662,126,True
43,877,4536,4662,126,True
46,915,4536,4630,94,True
53,900,4536,4722,186,True
56,902,4536,4683,147,True
60,862,4536,4649,113,True
66,875,4536,4722,186,True
75,942,4536,4649,113,True
76,910,4536,4649,113,True
80,940,4536,4649,113,True
83,887,4536,4722,186,True
98,904,4536,4649,113,True
9,944,4537,4662,125,True
10,924,4537,4662,125,True
16,963,4537,4630,93,True
21,896,4537,4630,93,True
22,937,4537,4630,93,True
26,877,4537,4630,93,True
30,890,4537,4662,125,True
37,914,4537,4630,93,True
43,878,4537,4662,125,True
48,920,4537,4662,125,True
49,923,4537,4630,93,True
51,879,4537,4649,112,True
59,917,4537,4649,112,True
62,885,4537,4649,112,True
65,892,4537,4649,112,True
68,931,4537,4649,112,True
70,910,4537,4649,112,True
74,919,4537,4683,146,True
80,941,4537,4649,112,True
86,910,4537,4649,112,True
88,935,4537,4649,112,True
90,913,4537,4649,112,True
98,905,4537,4649,112,True
99,904,4537,4649,112,True
3,954,4538,4630,92,True
5,887,4538,4662,124,True
8,885,4538,4630,92,True
31,902,4538,4662,124,True
35,910,4538,4662,124,True
37,915,4538,4630,92,True
40,977,4538,4662,124,True
46,916,4538,4630,92,True
47,874,4538,4630,92,True
58,904,4538,4649,111,True
62,886,4538,4649,111,True
65,893,4538,4649,111,True
69,924,4538,4649,111,True
77,927,4538,4649,111,True
78,925,4538,4683,145,True
86,911,4538,4649,111,True
90,914,4538,4649,111,True
95,915,4538,4649,111,True
99,905,4538,4649,111,True
6,903,4539,4662,123,True
14,898,4539,4630,91,True
20,862,4539,4662,123,True
32,911,4539,4630,91,True
34,902,4539,4662,123,True
38,905,4539,4662,123,True
43,879,4539,4662,123,True
44,931,4539,4630,91,True
45,867,4539,4662,123,True
60,863,4539,4649,110,True
62,887,4539,4683,144,True
66,876,4539,4722,183,True
71,901,4539,4649,110,True
77,928,4539,4649,110,True
85,904,4539,4649,110,True
87,883,4539,4649,110,True
90,915,4539,4649,110,True
95,916,4539,4649,110,True
1,918,4540,4630,90,True
9,945,4540,4662,122,True
11,908,4540,4630,90,True
12,915,4540,4630,90,True
15,896,4540,4662,122,True
18,910,4540,4662,122,True
32,912,4540,4662,122,True
33,919,4540,4630,90,True
34,903,4540,4662,122,True
41,916,4540,4630,90,True
44,932,4540,4630,90,True
48,921,4540,4662,122,True
55,855,4540,4722,182,True
61,903,4540,4649,109,True
64,962,4540,4649,109,True
65,894,4540,4649,109,True
66,877,4540,4722,182,True
67,855,4540,4649,109,True
73,897,4540,4649,109,True
80,942,4540,4649,109,True
92,952,4540,4649,109,True
97,926,4540,4649,109,True
0,928,4541,4630,89,True
7,857,4541,4662,121,True
8,886,4541,4630,89,True
10,925,4541,4662,121,True
12,916,4541,4717,176,True
17,856,4541,4662,121,True
22,938,4541,4662,121,True
24,850,4541,4662,121,True
34,904,4541,4662,121,True
35,911,4541,4662,121,True
38,906,4541,4662,121,True
53,901,4541,4722,181,True
55,856,4541,4722,181,True
65,895,4541,4649,108,True
69,925,4541,4649,108,True
70,911,4541,4649,108,True
73,898,4541,4649,108,True
75,943,4541,4649,108,True
76,911,4541,4649,108,True
83,888,4541,4722,181,True
92,953,4541,4649,108,True
3,955,4542,4630,88,True
4,910,4542,4630,88,True
9,946,4542,4662,120,True
12,917,4542,4717,175,True
14,899,4542,4630,88,True
24,851,4542,4662,120,True
33,920,4542,4630,88,True
37,916,4542,4630,88,True
39,858,4542,4630,88,True
42,946,4542,4630,88,True
45,868,4542,4662,120,True
46,917,4542,4630,88,True
52,912,4542,,,False
56,903,4542,4683,141,True
59,918,4542,4649,107,True
65,896,4542,4649,107,True
69,926,4542,4649,107,True
78,926,4542,4683,141,True
79,847,4542,4649,107,True
83,889,4542,4722,180,True
85,905,4542,4649,107,True
88,936,4542,4649,107,True
89,913,4542,4683,141,True
90,916,4542,4649,107,True
94,916,4542,4722,180,True
99,906,4542,4649,107,True
2,921,4543,4662,119,True
3,956,4543,4630,87,True
34,905,4543,4662,119,True
40,978,4543,4662,119,True
42,947,4543,4630,87,True
47,875,4543,4630,87,True
48,922,4543,4662,119,True
51,880,4543,4649,106,True
54,982,4543,4683,140,True
60,864,4543,4649,106,True
61,904,4543,4649,106,True
62,888,4543,4683,140,True
64,963,4543,4649,106,True
68,932,4543,4649,106,True
83,890,4543,4722,179,True
85,906,4543,4649,106,True
86,912,4543,4649,106,True
91,910,4543,4722,179,True
92,954,4543,4649,106,True
93,899,4543,4683,140,True
3,957,4544,4630,86,True
19,864,4544,4662,118,True
20,863,4544,4662,118,True
24,852,4544,4662,118,True
34,906,4544,4662,118,True
42,948,4544,4630,86,True
47,876,4544,4630,86,True
51,881,4544,4649,105,True
52,913,4544,,,False
56,904,4544,4683,139,True
57,889,4544,4649,105,True
58,905,4544,4649,105,True
59,919,4544,4649,105,True
62,889,4544,4683,139,True
64,964,4544,4649,105,True
70,912,4544,4649,105,True
71,902,4544,4683,139,True
88,937,4544,4649,105,True
91,911,4544,4722,178,True
94,917,4544,4722,178,True
98,906,4544,4649,105,True
5,888,4545,4662,117,True
6,904,4545,4662,117,True
10,926,4545,4662,117,True
23,899,4545,4630,85,True
32,913,4545,4662,117,True
35,912,4545,4662,117,True
42,949,4545,4630,85,True
46,918,4545,4630,85,True
51,882,4545,4649,104,True
58,906,4545,4649,104,True
60,865,4545,4649,104,True
61,905,4545,4649,104,True
64,965,4545,4649,104,True
80,943,4545,4649,104,True
81,873,4545,4683,138,True
87,884,4545,4649,104,True
88,938,4545,4683,138,True
1,919,4546,4630,84,True
14,900,4546,4630,84,True
19,865,4546,4662,116,True
21,897,4546,4630,84,True
28,940,4546,4662,116,True
36,931,4546,4630,84,True
39,859,4546,4662,116,True
41,917,4546,4630,84,True
44,933,4546,4630,84,True
46,919,4546,4630,84,True
48,923,4546,4662,116,True
54,983,4546,4683,137,True
58,907,4546,4649,103,True
60,866,4546,4649,103,True
64,966,4546,4649,103,True
67,856,4546,4649,103,True
73,899,4546,4649,103,True
75,944,4546,4649,103,True
77,929,4546,4649,103,True
78,927,4546,4683,137,True
81,874,4546,4683,137,True
83,891,4546,4722,176,True
85,907,4546,4649,103,True
96,883,4546,4683,137,True
99,907,4546,4649,103,True
0,929,4547,4630,83,True
1,920,4547,4630,83,True
4,911,4547,4662,115,True
7,858,4547,4662,115,True
9,947,4547,4662,115,True
16,964,4547,4662,115,True
18,911,4547,4662,115,True
27,905,4547,4662,115,True
36,932,4547,4630,83,True
44,934,4547,4630,83,True
45,869,4547,4662,115,True
46,920,4547,4630,83,True
48,924,4547,4662,115,True
62,890,4547,4683,136,True
72,911,4547,4649,102,True
88,939,4547,4683,136,True
94,918,4547,4722,175,True
6,905,4548,4662,114,True
12,918,4548,4717,169,True
40,979,4548,4662,114,True
42,950,4548,4630,82,True
47,877,4548,4630,82,True
49,924,4548,4630,82,True
50,872,4548,4649,101,True
52,914,4548,,,False
59,920,4548,4649,101,True
60,867,4548,4649,101,True
62,891,4548,4683,135,True
68,933,4548,4649,101,True
97,927,4548,4649,101,True
7,859,4549,4662,113,True
12,919,4549,4717,168,True
16,965,4549,4662,113,True
17,857,4549,4662,113,True
18,912,4549,4662,113,True
23,900,4549,4630,81,True
26,878,4549,4630,81,True
29,881,4549,4630,81,True
32,914,4549,4662,113,True
40,980,4549,4662,113,True
46,921,4549,4630,81,True
53,902,4549,4722,173,True
73,900,4549,4649,100,True
84,916,4549,4683,134,True
98,907,4549,4649,100,True
6,906,4550,4662,112,True
7,860,4550,4662,112,True
8,887,4550,4630,80,True
11,909,4550,4630,80,True
13,904,4550,4662,112,True
26,879,4550,4630,80,True
33,921,4550,4630,80,True
35,913,4550,4662,112,True
42,951,4550,4630,80,True
50,873,4550,4649,99,True
51,883,4550,4649,99,True
54,984,4550,4683,133,True
55,857,4550,4722,172,True
61,906,4550,4649,99,True
64,967,4550,4649,99,True
71,903,4550,4683,133,True
72,912,4550,4649,99,True
78,928,4550,4683,133,True
2,922,4551,4662,111,True
15,897,4551,4662,111,True
21,898,4551,4630,79,True
24,853,4551,4662,111,True
32,915,4551,4662,111,True
39,860,4551,4662,111,True
43,880,4551,4662,111,True
45,870,4551,4662,111,True
53,903,4551,4722,171,True
69,927,4551,4683,132,True
71,904,4551,4683,132,True
73,901,4551,4649,98,True
75,945,4551,4683,132,True
76,912,4551,4649,98,True
77,930,4551,4649,98,True
82,926,4551,4649,98,True
83,892,4551,4722,171,True
93,900,4551,4683,132,True
98,908,4551,4649,98,True
3,958,4552,4630,78,True
6,907,4552,4662,110,True
10,927,4552,4662,110,True
19,866,4552,4662,110,True
27,906,4552,4662,110,True
33,922,4552,4630,78,True
34,907,4552,4662,110,True
35,914,4552,4662,110,True
42,952,4552,4630,78,True
43,881,4552,4662,110,True
44,935,4552,4630,78,True
49,925,4552,4630,78,True
52,915,4552,,,False
54,985,4552,4683,131,True
59,921,4552,4649,97,True
64,968,4552,4649,97,True
66,878,4552,4722,170,True
76,913,4552,4649,97,True
93,901,4552,4683,131,True
1,921,4553,4630,77,True
11,910,4553,4630,77,True
12,920,4553,4717,164,True
23,901,4553,4630,77,True
40,981,4553,4662,109,True
44,936,4553,4717,164,True
47,878,4553,4630,77,True
48,925,4553,4662,109,True
49,926,4553,4630,77,True
50,874,4553,4649,96,True
56,905,4553,4683,130,True
61,907,4553,4649,96,True
67,857,4553,4683,130,True
75,946,4553,4683,130,True
77,931,4553,4649,96,True
79,848,4553,4649,96,True
81,875,4553,4683,130,True
87,885,4553,4649,96,True
91,912,4553,4722,169,True
0,930,4554,4630,76,True
14,901,4554,4630,76,True
24,854,4554,4662,108,True
38,907,4554,4662,108,True
40,982,4554,4662,108,True
44,937,4554,4717,163,True
45,871,4554,4662,108,True
47,879,4554,4630,76,True
48,926,4554,4662,108,True
64,969,4554,4649,95,True
65,897,4554,4649,95,True
71,905,4554,4683,129,True
74,920,4554,4683,129,True
76,914,4554,4649,95,True
85,908,4554,4649,95,True
93,902,4554,4683,129,True
0,931,4555,4630,75,True
14,902,4555,4630,75,True
24,855,4555,4662,107,True
27,907,4555,4662,107,True
34,908,4555,4662,107,True
37,917,4555,4662,107,True
45,872,4555,4662,107,True
48,927,4555,4662,107,True
49,927,4555,4630,75,True
52,916,4555,,,False
57,890,4555,4649,94,True
59,922,4555,4649,94,True
62,892,4555,4683,128,True
71,906,4555,4683,128,True
81,876,4555,4683,128,True
84,917,4555,4683,128,True
85,909,4555,4649,94,True
96,884,4555,4683,128,True
97,928,4555,4649,94,True
2,923,4556,4662,106,True
13,905,4556,4662,106,True
17,858,4556,4662,106,True
19,867,4556,4662,106,True
39,861,4556,4662,106,True
42,953,4556,4717,161,True
46,922,4556,4630,74,True
54,986,4556,4683,127,True
60,868,4556,4683,127,True
67,858,4556,4683,127,True
74,921,4556,4683,127,True
78,929,4556,4683,127,True
81,877,4556,4683,127,True
86,913,4556,4649,93,True
91,913,4556,4722,166,True
95,917,4556,4649,93,True
99,908,4556,4683,127,True
8,888,4557,4717,160,True
14,903,4557,4630,73,True
17,859,4557,4662,105,True
23,902,4557,4630,73,True
30,891,4557,4662,105,True
33,923,4557,4630,73,True
38,908,4557,4662,105,True
39,862,4557,4662,105,True
51,884,4557,4649,92,True
57,891,4557,4655,98,True
60,869,4557,4683,126,True
65,898,4557,4649,92,True
66,879,4557,4722,165,True
69,928,4557,4683,126,True
70,913,4557,4649,92,True
93,903,4557,4683,126,True
3,959,4558,4630,72,True
11,911,4558,4717,159,True
13,906,4558,4662,104,True
19,868,4558,4662,104,True
29,882,4558,4630,72,True
32,916,4558,4662,104,True
34,909,4558,4662,104,True
43,882,4558,4662,104,True
44,938,4558,4717,159,True
48,928,4558,4662,104,True
51,885,4558,4649,91,True
52,917,4558,,,False
54,987,4558,4683,125,True
55,858,4558,4722,164,True
61,908,4558,4649,91,True
68,934,4558,4649,91,True
73,902,4558,4649,91,True
82,927,4558,4649,91,True
84,918,4558,4683,125,True
88,940,4558,4763,205,True
91,914,4558,4722,164,True
94,919,4558,4722,164,True
97,929,4558,4722,164,True
6,908,4559,4717,158,True
11,912,4559,4717,158,True
17,860,4559,4662,103,True
18,913,4559,4662,103,True
24,856,4559,4662,103,True
25,903,4559,4662,103,True
26,880,4559,4630,71,True
29,883,4559,4630,71,True
32,917,4559,4662,103,True
36,933,4559,4717,158,True
43,883,4559,4662,103,True
47,880,4559,4717,158,True
57,892,4559,4655,96,True
60,870,4559,4683,124,True
63,933,4559,4722,163,True
71,907,4559,4683,124,True
73,903,4559,4649,90,True
82,928,4559,4722,163,True
92,955,4559,4683,124,True
94,920,4559,4722,163,True
96,885,4559,4683,124,True
1,922,4560,4630,70,True
15,898,4560,4662,102,True
21,899,4560,4630,70,True
24,857,4560,4662,102,True
25,904,4560,4662,102,True
28,941,4560,4662,102,True
29,884,4560,4630,70,True
37,918,4560,4662,102,True
39,863,4560,4662,102,True
41,918,4560,4717,157,True
48,929,4560,4662,102,True
49,928,4560,4630,70,True
51,886,4560,4722,162,True
73,904,4560,4649,89,True
83,893,4560,4722,162,True
90,917,4560,4683,123,True
11,913,4561,4717,156,True
12,921,4561,4717,156,True
21,900,4561,4630,69,True
40,983,4561,4662,101,True
42,954,4561,4717,156,True
50,875,4561,4649,88,True
51,887,4561,4722,161,True
55,859,4561,4722,161,True
59,923,4561,4683,122,True
60,871,4561,4683,122,True
61,909,4561,4649,88,True
78,930,4561,4683,122,True
79,849,4561,4649,88,True
81,878,4561,4683,122,True
86,914,4561,4649,88,True
92,956,4561,4683,122,True
95,918,4561,4649,88,True
97,930,4561,4722,161,True
0,932,4562,4630,68,True
3,960,4562,4717,155,True
5,889,4562,4662,100,True
19,869,4562,4662,100,True
24,858,4562,4662,100,True
32,918,4562,4662,100,True
43,884,4562,4662,100,True
46,923,4562,4662,100,True
48,930,4562,4662,100,True
50,876,4562,4649,87,True
54,988,4562,4683,121,True
58,908,4562,4683,121,True
61,910,4562,4649,87,True
65,899,4562,4649,87,True
73,905,4562,4649,87,True
79,850,4562,4649,87,True
85,910,4562,4683,121,True
90,918,4562,4683,121,True
98,909,4562,4649,87,True
0,933,4563,4630,67,True
3,961,4563,4717,154,True
7,861,4563,4662,99,True
14,904,4563,4630,67,True
15,899,4563,4662,99,True
18,914,4563,4662,99,True
29,885,4563,4630,67,True
30,892,4563,4662,99,True
39,864,4563,4662,99,True
43,885,4563,4662,99,True
55,860,4563,4722,159,True
73,906,4563,4649,86,True
77,932,4563,4683,120,True
81,879,4563,4683,120,True
82,929,4563,4722,159,True
87,886,4563,4683,120,True
11,914,4564,4717,153,True
12,922,4564,4717,153,True
17,861,4564,4662,98,True
24,859,4564,4662,98,True
34,910,4564,4662,98,True
38,909,4564,4662,98,True
40,984,4564,4662,98,True
42,955,4564,4717,153,True
43,886,4564,4662,98,True
45,873,4564,4662,98,True
48,931,4564,4662,98,True
64,970,4564,4649,85,True
65,900,4564,4649,85,True
88,941,4564,4763,199,True
89,914,4564,4763,199,True
93,904,4564,4683,119,True
99,909,4564,4683,119,True
12,923,4565,4717,152,True
13,907,4565,4662,97,True
14,905,4565,4630,65,True
26,881,4565,4630,65,True
29,886,4565,4630,65,True
30,893,4565,4662,97,True
32,919,4565,4662,97,True
35,915,4565,4662,97,True
52,918,4565,,,False
64,971,4565,4649,84,True
65,901,4565,4649,84,True
66,880,4565,4722,157,True
67,859,4565,4683,118,True
70,914,4565,4649,84,True
72,913,4565,4649,84,True
78,931,4565,4683,118,True
79,851,4565,4649,84,True
84,919,4565,4683,118,True
88,942,4565,4763,198,True
97,931,4565,4722,157,True
99,910,4565,4683,118,True
0,934,4566,4630,64,True
3,962,4566,4717,151,True
8,889,4566,4717,151,True
9,948,4566,4729,163,True
18,915,4566,4662,96,True
21,901,4566,4630,64,True
23,903,4566,4717,151,True
28,942,4566,4662,96,True
35,916,4566,4662,96,True
39,865,4566,4662,96,True
55,861,4566,4722,156,True
70,915,4566,4649,83,True
73,907,4566,4649,83,True
77,933,4566,4722,156,True
87,887,4566,4683,117,True
90,919,4566,4683,117,True
93,905,4566,4683,117,True
99,911,4566,4683,117,True
0,935,4567,4717,150,True
10,928,4567,4662,95,True
15,900,4567,4662,95,True
16,966,4567,4662,95,True
34,911,4567,4662,95,True
35,917,4567,4662,95,True
43,887,4567,4662,95,True
47,881,4567,4717,150,True
53,904,4567,4722,155,True
59,924,4567,4683,116,True
63,934,4567,4722,155,True
66,881,4567,4722,155,True
71,908,4567,4683,116,True
72,914,4567,4649,82,True
78,932,4567,4683,116,True
85,911,4567,4683,116,True
93,906,4567,4683,116,True
98,910,4567,4649,82,True
4,912,4568,4662,94,True
6,909,4568,4717,149,True
18,916,4568,4662,94,True
23,904,4568,4717,149,True
24,860,4568,4662,94,True
26,882,4568,4717,149,True
29,887,4568,4630,62,True
30,894,4568,4662,94,True
34,912,4568,4662,94,True
36,934,4568,4717,149,True
39,866,4568,4662,94,True
42,956,4568,4717,149,True
43,888,4568,4662,94,True
44,939,4568,4717,149,True
50,877,4568,4649,81,True
55,862,4568,4722,154,True
64,972,4568,4649,81,True
65,902,4568,4649,81,True
66,882,4568,4722,154,True
70,916,4568,4649,81,True
75,947,4568,4683,115,True
82,930,4568,4722,154,True
87,888,4568,4683,115,True
94,921,4568,4722,154,True
96,886,4568,4683,115,True
97,932,4568,4722,154,True
98,911,4568,4649,81,True
0,936,4569,4717,148,True
2,924,4569,4662,93,True
4,913,4569,4662,93,True
8,890,4569,4717,148,True
9,949,4569,4729,160,True
11,915,4569,4717,148,True
17,862,4569,4662,93,True
18,917,4569,4662,93,True
20,864,4569,4662,93,True
27,908,4569,4662,93,True
28,943,4569,4717,148,True
42,957,4569,4717,148,True
45,874,4569,4662,93,True
57,893,4569,4655,86,True
68,935,4569,4722,153,True
70,917,4569,4649,80,True
80,944,4569,4722,153,True
81,880,4569,4683,114,True
84,920,4569,4683,114,True
89,915,4569,4763,194,True
97,933,4569,4722,153,True
98,912,4569,4649,80,True
99,912,4569,4683,114,True
10,929,4570,4662,92,True
17,863,4570,4662,92,True
22,939,4570,4662,92,True
25,905,4570,4662,92,True
29,888,4570,4630,60,True
31,903,4570,4662,92,True
38,910,4570,4662,92,True
39,867,4570,4662,92,True
41,919,4570,4717,147,True
46,924,4570,4662,92,True
47,882,4570,4717,147,True
52,919,4570,,,False
58,909,4570,4683,113,True
59,925,4570,4683,113,True
62,893,4570,4683,113,True
63,935,4570,4722,152,True
65,903,4570,4649,79,True
72,915,4570,4649,79,True
73,908,4570,4649,79,True
77,934,4570,4722,152,True
79,852,4570,4649,79,True
83,894,4570,4722,152,True
84,921,4570,4683,113,True
96,887,4570,4722,152,True
97,934,4570,4722,152,True
5,890,4571,4717,146,True
6,910,4571,4717,146,True
14,906,4571,4630,59,True
18,918,4571,4662,91,True
33,924,4571,4630,59,True
35,918,4571,4662,91,True
37,919,4571,4717,146,True
43,889,4571,4717,146,True
48,932,4571,4717,146,True
53,905,4571,4722,151,True
73,909,4571,4649,78,True
76,915,4571,4655,84,True
78,933,4571,4683,112,True
81,881,4571,4683,112,True
82,931,4571,4722,151,True
87,889,4571,4683,112,True
89,916,4571,4763,192,True
95,919,4571,4649,78,True
99,913,4571,4683,112,True
1,923,4572,4630,58,True
8,891,4572,4717,145,True
13,908,4572,4662,90,True
15,901,4572,4662,90,True
17,864,4572,4662,90,True
18,919,4572,4662,90,True
23,905,4572,4717,145,True
29,889,4572,4630,58,True
30,895,4572,4662,90,True
32,920,4572,4717,145,True
34,913,4572,4662,90,True
37,920,4572,4717,145,True
57,894,4572,4655,83,True
59,926,4572,4683,111,True
63,936,4572,4722,150,True
64,973,4572,4649,77,True
67,860,4572,4683,111,True
70,918,4572,4649,77,True
71,909,4572,4683,111,True
77,935,4572,4722,150,True
81,882,4572,4683,111,True
95,920,4572,4722,150,True
96,888,4572,4722,150,True
3,963,4573,4717,144,True
11,916,4573,4717,144,True
13,909,4573,4662,89,True
19,870,4573,4729,156,True
24,861,4573,4662,89,True
30,896,4573,4662,89,True
36,935,4573,4717,144,True
40,985,4573,4717,144,True
53,906,4573,4722,149,True
54,989,4573,4683,110,True
64,974,4573,4649,76,True
67,861,4573,4683,110,True
68,936,4573,4722,149,True
72,916,4573,4649,76,True
73,910,4573,4649,76,True
80,945,4573,4722,149,True
84,922,4573,4683,110,True
86,915,4573,4649,76,True
89,917,4573,4763,190,True
97,935,4573,4722,149,True
2,925,4574,4662,88,True
5,891,4574,4717,143,True
19,871,4574,4729,155,True
29,890,4574,4630,56,True
31,904,4574,4662,88,True
38,911,4574,4662,88,True
40,986,4574,4717,143,True
49,929,4574,4717,143,True
58,910,4574,4683,109,True
62,894,4574,4683,109,True
70,919,4574,4649,75,True
82,932,4574,4722,148,True
83,895,4574,4722,148,True
87,890,4574,4683,109,True
96,889,4574,4722,148,True
1,924,4575,4630,55,True
12,924,4575,4717,142,True
22,940,4575,4662,87,True
32,921,4575,4717,142,True
37,921,4575,4717,142,True
39,868,4575,4729,154,True
42,958,4575,4717,142,True
47,883,4575,4717,142,True
49,930,4575,4717,142,True
53,907,4575,4722,147,True
74,922,4575,4683,108,True
84,923,4575,4683,108,True
86,916,4575,4649,74,True
88,943,4575,4763,188,True
92,957,4575,4683,108,True
94,922,4575,4722,147,True
95,921,4575,4722,147,True
99,914,4575,4683,108,True
6,911,4576,4717,141,True
8,892,4576,4717,141,True
19,872,4576,4729,153,True
23,906,4576,4717,141,True
25,906,4576,4717,141,True
29,891,4576,4630,54,True
32,922,4576,4717,141,True
39,869,4576,4729,153,True
42,959,4576,4717,141,True
45,875,4576,4662,86,True
46,925,4576,4717,141,True
55,863,4576,4722,146,True
58,911,4576,4683,107,True
63,937,4576,4722,146,True
65,904,4576,4649,73,True
69,929,4576,4683,107,True
71,910,4576,4683,107,True
72,917,4576,4649,73,True
78,934,4576,4683,107,True
83,896,4576,4722,146,True
84,924,4576,4683,107,True
91,915,4576,4722,146,True
1,925,4577,4630,53,True
37,922,4577,4717,140,True
42,960,4577,4717,140,True
46,926,4577,4717,140,True
47,884,4577,4717,140,True
48,933,4577,4717,140,True
50,878,4577,4649,72,True
54,990,4577,4683,106,True
58,912,4577,4683,106,True
61,911,4577,4649,72,True
62,895,4577,4683,106,True
65,905,4577,4649,72,True
68,937,4577,4722,145,True
69,930,4577,4683,106,True
79,853,4577,4655,78,True
89,918,4577,4763,186,True
9,950,4578,4729,151,True
10,930,4578,4717,139,True
11,917,4578,4717,139,True
21,902,4578,4630,52,True
22,941,4578,4662,84,True
24,862,4578,4662,84,True
40,987,4578,4717,139,True
46,927,4578,4717,139,True
47,885,4578,4717,139,True
57,895,4578,4655,77,True
58,913,4578,4683,105,True
75,948,4578,4683,105,True
77,936,4578,4722,144,True
80,946,4578,4722,144,True
83,897,4578,4722,144,True
86,917,4578,4649,71,True
87,891,4578,4683,105,True
89,919,4578,4763,185,True
93,907,4578,4763,185,True
3,964,4579,4717,138,True
6,912,4579,4717,138,True
12,925,4579,4717,138,True
16,967,4579,4717,138,True
17,865,4579,4662,83,True
19,873,4579,4729,150,True
21,903,4579,4630,51,True
38,912,4579,4662,83,True
46,928,4579,4717,138,True
69,931,4579,4683,104,True
71,911,4579,4683,104,True
74,923,4579,4683,104,True
81,883,4579,4683,104,True
82,933,4579,4722,143,True
83,898,4579,4722,143,True
85,912,4579,4683,104,True
95,922,4579,4722,143,True
5,892,4580,4717,137,True
6,913,4580,4717,137,True
12,926,4580,4717,137,True
14,907,4580,4631,51,True
30,897,4580,4717,137,True
31,905,4580,4662,82,True
32,923,4580,4717,137,True
36,936,4580,4717,137,True
52,920,4580,,,False
61,912,4580,4649,69,True
63,938,4580,4722,142,True
70,920,4580,4649,69,True
83,899,4580,4722,142,True
87,892,4580,4683,103,True
89,920,4580,4763,183,True
90,920,4580,4722,142,True
94,923,4580,4722,142,True
1,926,4581,4630,49,True
7,862,4581,4729,148,True
8,893,4581,4717,136,True
10,931,4581,4717,136,True
14,908,4581,4631,50,True
18,920,4581,4662,81,True
20,865,4581,4662,81,True
30,898,4581,4717,136,True
33,925,4581,4717,136,True
38,913,4581,4662,81,True
42,961,4581,4717,136,True
54,991,4581,4683,102,True
57,896,4581,4655,74,True
64,975,4581,4649,68,True
66,883,4581,4722,141,True
67,862,4581,4683,102,True
75,949,4581,4683,102,True
76,916,4581,4655,74,True
77,937,4581,4722,141,True
81,884,4581,4683,102,True
93,908,4581,4763,182,True
98,913,4581,4722,141,True
99,915,4581,4722,141,True
6,914,4582,4717,135,True
8,894,4582,4717,135,True
9,951,4582,4729,147,True
11,918,4582,4717,135,True
12,927,4582,4717,135,True
20,866,4582,4662,80,True
21,904,4582,4717,135,True
23,907,4582,4717,135,True
27,909,4582,4729,147,True
29,892,4582,4630,48,True
38,914,4582,4662,80,True
43,890,4582,4717,135,True
46,929,4582,4717,135,True
59,927,4582,4683,101,True
63,939,4582,4722,140,True
64,976,4582,4649,67,True
69,932,4582,4683,101,True
70,921,4582,4649,67,True
81,885,4582,4683,101,True
89,921,4582,4763,181,True
90,921,4582,4722,140,True
93,909,4582,4763,181,True
11,919,4583,4717,134,True
12,928,4583,4717,134,True
15,902,4583,4662,79,True
20,867,4583,4662,79,True
21,905,4583,4717,134,True
30,899,4583,4717,134,True
37,923,4583,4717,134,True
44,940,4583,4717,134,True
45,876,4583,4662,79,True
48,934,4583,4717,134,True
50,879,4583,4655,72,True
65,906,4583,4655,72,True
69,933,4583,4683,100,True
70,922,4583,4649,66,True
72,918,4583,4649,66,True
73,911,4583,4683,100,True
77,938,4583,4722,139,True
78,935,4583,4683,100,True
84,925,4583,4683,100,True
87,893,4583,4683,100,True
88,944,4583,4763,180,True
89,922,4583,4763,180,True
96,890,4583,4722,139,True
4,914,4584,4717,133,True
19,874,4584,4729,145,True
39,870,4584,4729,145,True
44,941,4584,4717,133,True
45,877,4584,4662,78,True
46,930,4584,4717,133,True
53,908,4584,4722,138,True
57,897,4584,4655,71,True
64,977,4584,4649,65,True
71,912,4584,4683,99,True
79,854,4584,4655,71,True
82,934,4584,4722,138,True
84,926,4584,4683,99,True
88,945,4584,4763,179,True
89,923,4584,4763,179,True
93,910,4584,4763,179,True
94,924,4584,4722,138,True
97,936,4584,4722,138,True
5,893,4585,4729,144,True
24,863,4585,4717,132,True
25,907,4585,4717,132,True
35,919,4585,4662,77,True
42,962,4585,4717,132,True
45,878,4585,4662,77,True
52,921,4585,,,False
66,884,4585,4722,137,True
67,863,4585,4683,98,True
68,938,4585,4722,137,True
70,923,4585,4655,70,True
73,912,4585,4683,98,True
74,924,4585,4683,98,True
76,917,4585,4683,98,True
79,855,4585,4655,70,True
86,918,4585,4655,70,True
87,894,4585,4683,98,True
88,946,4585,4763,178,True
90,922,4585,4722,137,True
91,916,4585,4722,137,True
93,911,4585,4763,178,True
0,937,4586,4717,131,True
1,927,4586,4717,131,True
9,952,4586,4729,143,True
17,866,4586,4717,131,True
18,921,4586,4662,76,True
31,906,4586,4662,76,True
33,926,4586,4717,131,True
34,914,4586,4662,76,True
39,871,4586,4729,143,True
45,879,4586,4662,76,True
46,931,4586,4717,131,True
52,922,4586,,,False
56,906,4586,4683,97,True
57,898,4586,4655,69,True
58,914,4586,4683,97,True
59,928,4586,4683,97,True
61,913,4586,4649,63,True
62,896,4586,4683,97,True
64,978,4586,4649,63,True
71,913,4586,4683,97,True
75,950,4586,4683,97,True
83,900,4586,4722,136,True
84,927,4586,4683,97,True
87,895,4586,4683,97,True
88,947,4586,4763,177,True
90,923,4586,4722,136,True
98,914,4586,4722,136,True
99,916,4586,4722,136,True
0,938,4587,4717,130,True
3,965,4587,4717,130,True
7,863,4587,4729,142,True
13,910,4587,4729,142,True
14,909,4587,4631,44,True
27,910,4587,4729,142,True
29,893,4587,4717,130,True
35,920,4587,4662,75,True
37,924,4587,4717,130,True
39,872,4587,4729,142,True
40,988,4587,4717,130,True
50,880,4587,4655,68,True
66,885,4587,4722,135,True
81,886,4587,4683,96,True
92,958,4587,4722,135,True
98,915,4587,4722,135,True
2,926,4588,4717,129,True
3,966,4588,4717,129,True
11,920,4588,4717,129,True
27,911,4588,4729,141,True
42,963,4588,4729,141,True
43,891,4588,4717,129,True
44,942,4588,4717,129,True
53,909,4588,4722,134,True
56,907,4588,4683,95,True
62,897,4588,4683,95,True
66,886,4588,4722,134,True
70,924,4588,4655,67,True
71,914,4588,4683,95,True
78,936,4588,4683,95,True
81,887,4588,4683,95,True
83,901,4588,4722,134,True
85,913,4588,4683,95,True
86,919,4588,4683,95,True
94,925,4588,4722,134,True
9,953,4589,4729,140,True
10,932,4589,4729,140,True
13,911,4589,4729,140,True
18,922,4589,4717,128,True
22,942,4589,4717,128,True
23,908,4589,4717,128,True
24,864,4589,4717,128,True
27,912,4589,4729,140,True
29,894,4589,4717,128,True
36,937,4589,4717,128,True
38,915,4589,4717,128,True
40,989,4589,4717,128,True
45,880,4589,4662,73,True
48,935,4589,4717,128,True
53,910,4589,4722,133,True
56,908,4589,4683,94,True
59,929,4589,4683,94,True
60,872,4589,4722,133,True
77,939,4589,4722,133,True
90,924,4589,4722,133,True
98,916,4589,4722,133,True
99,917,4589,4722,133,True
2,927,4590,4717,127,True
18,923,4590,4717,127,True
20,868,4590,4662,72,True
27,913,4590,4729,139,True
32,924,4590,4717,127,True
35,921,4590,4662,72,True
37,925,4590,4717,127,True
38,916,4590,4717,127,True
58,915,4590,4683,93,True
59,930,4590,4683,93,True
68,939,4590,4722,132,True
70,925,4590,4655,65,True
81,888,4590,4683,93,True
95,923,4590,4722,132,True
96,891,4590,4722,132,True
1,928,4591,4717,126,True
2,928,4591,4717,126,True
10,933,4591,4729,138,True
20,869,4591,4662,71,True
22,943,4591,4717,126,True
35,922,4591,4717,126,True
37,926,4591,4717,126,True
39,873,4591,4729,138,True
43,892,4591,4717,126,True
47,886,4591,4717,126,True
56,909,4591,4683,92,True
57,899,4591,4655,64,True
67,864,4591,4722,131,True
76,918,4591,4683,92,True
90,925,4591,4722,131,True
93,912,4591,4763,172,True
94,926,4591,4722,131,True
97,937,4591,4722,131,True
98,917,4591,4722,131,True
99,918,4591,4722,131,True
0,939,4592,4717,125,True
2,929,4592,4717,125,True
3,967,4592,4717,125,True
5,894,4592,4729,137,True
7,864,4592,4729,137,True
15,903,4592,4662,70,True
20,870,4592,4662,70,True
23,909,4592,4717,125,True
24,865,4592,4717,125,True
27,914,4592,4729,137,True
31,907,4592,4717,125,True
34,915,4592,4717,125,True
38,917,4592,4717,125,True
40,990,4592,4717,125,True
42,964,4592,4729,137,True
50,881,4592,4683,91,True
54,992,4592,4722,130,True
55,864,4592,4722,130,True
58,916,4592,4683,91,True
73,913,4592,4683,91,True
79,856,4592,4679,87,True
81,889,4592,4683,91,True
90,926,4592,4722,130,True
95,924,4592,4722,130,True
4,915,4593,4717,124,True
12,929,4593,4717,124,True
24,866,4593,4717,124,True
25,908,4593,4717,124,True
30,900,4593,4717,124,True
41,920,4593,4717,124,True
44,943,4593,4717,124,True
45,881,4593,4662,69,True
46,932,4593,4717,124,True
49,931,4593,4717,124,True
52,923,4593,,,False
56,910,4593,4683,90,True
57,900,4593,4655,62,True
62,898,4593,4683,90,True
79,857,4593,4679,86,True
85,914,4593,4683,90,True
88,948,4593,4763,170,True
89,924,4593,4763,170,True
97,938,4593,4722,129,True
99,919,4593,4722,129,True
1,929,4594,4717,123,True
2,930,4594,4717,123,True
3,968,4594,4717,123,True
4,916,4594,4717,123,True
10,934,4594,4729,135,True
16,968,4594,4729,135,True
17,867,4594,4717,123,True
23,910,4594,4729,135,True
37,927,4594,4717,123,True
39,874,4594,4729,135,True
46,933,4594,4717,123,True
53,911,4594,4722,128,True
60,873,4594,4722,128,True
64,979,4594,4655,61,True
73,914,4594,4683,89,True
76,919,4594,4683,89,True
83,902,4594,4722,128,True
85,915,4594,4683,89,True
95,925,4594,4722,128,True
97,939,4594,4722,128,True
19,875,4595,4729,134,True
39,875,4595,4729,134,True
43,893,4595,4717,122,True
46,934,4595,4717,122,True
51,888,4595,4722,127,True
60,874,4595,4722,127,True
65,907,4595,4683,88,True
69,934,4595,4722,127,True
76,920,4595,4683,88,True
78,937,4595,4722,127,True
91,917,4595,4722,127,True
95,926,4595,4722,127,True
99,920,4595,4722,127,True
0,940,4596,4717,121,True
3,969,4596,4717,121,True
4,917,4596,4717,121,True
14,910,4596,4717,121,True
16,969,4596,4729,133,True
17,868,4596,4717,121,True
21,906,4596,4717,121,True
24,867,4596,4717,121,True
26,883,4596,4717,121,True
27,915,4596,4729,133,True
33,927,4596,4717,121,True
38,918,4596,4717,121,True
41,921,4596,4717,121,True
57,901,4596,4655,59,True
67,865,4596,4722,126,True
68,940,4596,4722,126,True
79,858,4596,4679,83,True
81,890,4596,4683,87,True
89,925,4596,4763,167,True
94,927,4596,4722,126,True
96,892,4596,4763,167,True
98,918,4596,4722,126,True
99,921,4596,4722,126,True
5,895,4597,4729,132,True
6,915,4597,4717,120,True
21,907,4597,4717,120,True
22,944,4597,4717,120,True
26,884,4597,4717,120,True
29,895,4597,4717,120,True
35,923,4597,4717,120,True
40,991,4597,4717,120,True
41,922,4597,4717,120,True
44,944,4597,4729,132,True
46,935,4597,4717,120,True
47,887,4597,4717,120,True
50,882,4597,4683,86,True
51,889,4597,4722,125,True
52,924,4597,,,False
58,917,4597,4763,166,True
72,919,4597,4679,82,True
73,915,4597,4683,86,True
83,903,4597,4722,125,True
84,928,4597,4763,166,True
88,949,4597,4763,166,True
95,927,4597,4722,125,True
98,919,4597,4722,125,True
4,918,4598,4717,119,True
8,895,4598,4717,119,True
21,908,4598,4717,119,True
22,945,4598,4717,119,True
23,911,4598,4729,131,True
26,885,4598,4717,119,True
34,916,4598,4717,119,True
38,919,4598,4717,119,True
40,992,4598,4717,119,True
46,936,4598,4717,119,True
58,918,4598,4763,165,True
60,875,4598,4722,124,True
72,920,4598,4679,81,True
74,925,4598,4722,124,True
78,938,4598,4722,124,True
81,891,4598,4683,85,True
84,929,4598,4763,165,True
92,959,4598,4722,124,True
0,941,4599,4717,118,True
8,896,4599,4717,118,True
20,871,4599,4662,63,True
24,868,4599,4717,118,True
32,925,4599,4729,130,True
36,938,4599,4729,130,True
37,928,4599,4717,118,True
38,920,4599,4717,118,True
44,945,4599,4729,130,True
48,936,4599,4717,118,True
53,912,4599,4722,123,True
54,993,4599,4722,123,True
58,919,4599,4763,164,True
59,931,4599,4722,123,True
61,914,4599,4679,80,True
62,899,4599,4683,84,True
63,940,4599,4722,123,True
67,866,4599,4722,123,True
71,915,4599,4763,164,True
74,926,4599,4722,123,True
79,859,4599,4683,84,True
88,950,4599,4763,164,True
89,926,4599,4763,164,True
91,918,4599,4722,123,True
96,893,4599,4763,164,True
3,970,4600,4717,117,True
9,954,4600,4729,129,True
11,921,4600,4717,117,True
17,869,4600,4717,117,True
19,876,4600,4729,129,True
28,944,4600,4729,129,True
36,939,4600,4729,129,True
37,929,4600,4717,117,True
49,932,4600,4717,117,True
53,913,4600,4722,122,True
55,865,4600,4722,122,True
56,911,4600,4683,83,True
59,932,4600,4722,122,True
68,941,4600,4722,122,True
75,951,4600,4722,122,True
76,921,4600,4683,83,True
79,860,4600,4683,83,True
80,947,4600,4722,122,True
81,892,4600,4722,122,True
82,935,4600,4722,122,True
85,916,4600,4683,83,True
91,919,4600,4722,122,True
96,894,4600,4763,163,True
1,930,4601,4717,116,True
9,955,4601,4729,128,True
28,945,4601,4729,128,True
35,924,4601,4717,116,True
36,940,4601,4729,128,True
46,937,4601,4717,116,True
52,925,4601,,,False
54,994,4601,4722,121,True
55,866,4601,4722,121,True
56,912,4601,4683,82,True
65,908,4601,4683,82,True
75,952,4601,4722,121,True
79,861,4601,4683,82,True
81,893,4601,4722,121,True
83,904,4601,4722,121,True
85,917,4601,4683,82,True
93,913,4601,4763,162,True
97,940,4601,4722,121,True
99,922,4601,4722,121,True
9,956,4602,4729,127,True
10,935,4602,4729,127,True
14,911,4602,4717,115,True
20,872,4602,4662,60,True
22,946,4602,4717,115,True
24,869,4602,4717,115,True
28,946,4602,4729,127,True
29,896,4602,4717,115,True
32,926,4602,4729,127,True
45,882,4602,4717,115,True
46,938,4602,4717,115,True
52,926,4602,,,False
58,920,4602,4763,161,True
67,867,4602,4722,120,True
68,942,4602,4722,120,True
73,916,4602,4683,81,True
74,927,4602,4722,120,True
75,953,4602,4722,120,True
76,922,4602,4683,81,True
77,940,4602,4722,120,True
79,862,4602,4683,81,True
88,951,4602,4763,161,True
90,927,4602,4722,120,True
91,920,4602,4722,120,True
92,960,4602,4722,120,True
93,914,4602,4763,161,True
95,928,4602,4722,120,True
3,971,4603,4717,114,True
6,916,4603,4729,126,True
11,922,4603,4717,114,True
12,930,4603,4717,114,True
13,912,4603,4729,126,True
14,912,4603,4717,114,True
26,886,4603,4717,114,True
30,901,4603,4717,114,True
32,927,4603,4729,126,True
44,946,4603,4729,126,True
46,939,4603,4717,114,True
62,900,4603,4722,119,True
64,980,4603,4679,76,True
76,923,4603,4683,80,True
80,948,4603,4722,119,True
96,895,4603,4763,160,True
97,941,4603,4722,119,True
1,931,4604,4717,113,True
2,931,4604,4729,125,True
3,972,4604,4717,113,True
6,917,4604,4729,125,True
8,897,4604,4717,113,True
12,931,4604,4717,113,True
17,870,4604,4717,113,True
18,924,4604,4717,113,True
19,877,4604,4729,125,True
23,912,4604,4729,125,True
24,870,4604,4717,113,True
26,887,4604,4717,113,True
28,947,4604,4729,125,True
29,897,4604,4717,113,True
30,902,4604,4717,113,True
31,908,4604,4717,113,True
32,928,4604,4729,125,True
49,933,4604,4717,113,True
51,890,4604,4722,118,True
54,995,4604,4722,118,True
63,941,4604,4763,159,True
82,936,4604,4722,118,True
83,905,4604,4722,118,True
91,921,4604,4722,118,True
93,915,4604,4763,159,True
94,928,4604,4722,118,True
0,942,4605,4717,112,True
4,919,4605,4717,112,True
10,936,4605,4729,124,True
12,932,4605,4717,112,True
17,871,4605,4717,112,True
19,878,4605,4729,124,True
24,871,4605,4717,112,True
33,928,4605,4717,112,True
37,930,4605,4729,124,True
43,894,4605,4717,112,True
50,883,4605,4683,78,True
52,927,4605,,,False
54,996,4605,4722,117,True
57,902,4605,4683,78,True
58,921,4605,4763,158,True
61,915,4605,4679,74,True
66,887,4605,4763,158,True
68,943,4605,4722,117,True
72,921,4605,4679,74,True
80,949,4605,4722,117,True
86,920,4605,4683,78,True
6,918,4606,4729,123,True
15,904,4606,4717,111,True
16,970,4606,4729,123,True
17,872,4606,4717,111,True
18,925,4606,4717,111,True
21,909,4606,4717,111,True
25,909,4606,4729,123,True
27,916,4606,4729,123,True
30,903,4606,4717,111,True
32,929,4606,4729,123,True
34,917,4606,4717,111,True
61,916,4606,4679,73,True
67,868,4606,4722,116,True
74,928,4606,4722,116,True
77,941,4606,4722,116,True
80,950,4606,4722,116,True
81,894,4606,4722,116,True
83,906,4606,4722,116,True
90,928,4606,4722,116,True
91,922,4606,4722,116,True
93,916,4606,4763,157,True
97,942,4606,4722,116,True
1,932,4607,4729,122,True
11,923,4607,4717,110,True
20,873,4607,4679,72,True
27,917,4607,4729,122,True
29,898,4607,4717,110,True
38,921,4607,4729,122,True
41,923,4607,4717,110,True
44,947,4607,4729,122,True
45,883,4607,4717,110,True
46,940,4607,4729,122,True
50,884,4607,4683,76,True
51,891,4607,4722,115,True
55,867,4607,4722,115,True
60,876,4607,4722,115,True
64,981,4607,4679,72,True
74,929,4607,4722,115,True
78,939,4607,4722,115,True
84,930,4607,4763,156,True
85,918,4607,4683,76,True
93,917,4607,4763,156,True
97,943,4607,4722,115,True
98,920,4607,4722,115,True
9,957,4608,4729,121,True
19,879,4608,4729,121,True
26,888,4608,4717,109,True
30,904,4608,4717,109,True
32,930,4608,4729,121,True
33,929,4608,4717,109,True
34,918,4608,4717,109,True
44,948,4608,4729,121,True
46,941,4608,4729,121,True
50,885,4608,4683,75,True
54,997,4608,4722,114,True
66,888,4608,4763,155,True
69,935,4608,4722,114,True
72,922,4608,4679,71,True
73,917,4608,4683,75,True
77,942,4608,4722,114,True
80,951,4608,4722,114,True
84,931,4608,4763,155,True
86,921,4608,4683,75,True
88,952,4608,4763,155,True
89,927,4608,4763,155,True
92,961,4608,4722,114,True
97,944,4608,4722,114,True
99,923,4608,4763,155,True
8,898,4609,4717,108,True
11,924,4609,4717,108,True
12,933,4609,4729,120,True
13,913,4609,4729,120,True
17,873,4609,4717,108,True
27,918,4609,4729,120,True
36,941,4609,4729,120,True
39,876,4609,4729,120,True
43,895,4609,4717,108,True
45,884,4609,4717,108,True
50,886,4609,4683,74,True
54,998,4609,4722,113,True
60,877,4609,4722,113,True
61,917,4609,4679,70,True
62,901,4609,4722,113,True
70,926,4609,4683,74,True
74,930,4609,4722,113,True
77,943,4609,4722,113,True
79,863,4609,4683,74,True
82,937,4609,4722,113,True
93,918,4609,4763,154,True
94,929,4609,4722,113,True
0,943,4610,4717,107,True
1,933,4610,4729,119,True
6,919,4610,4729,119,True
11,925,4610,4717,107,True
18,926,4610,4717,107,True
26,889,4610,4717,107,True
28,948,4610,4729,119,True
40,993,4610,4729,119,True
42,965,4610,4729,119,True
43,896,4610,4717,107,True
44,949,4610,4729,119,True
47,888,4610,4717,107,True
51,892,4610,4722,112,True
53,914,4610,4763,153,True
54,999,4610,4722,112,True
56,913,4610,4722,112,True
58,922,4610,4763,153,True
59,933,4610,4722,112,True
64,982,4610,4679,69,True
70,927,4610,4683,73,True
88,953,4610,4763,153,True
95,929,4610,4722,112,True
96,896,4610,4763,153,True
99,924,4610,4763,153,True
1,934,4611,4729,118,True
2,932,4611,4729,118,True
5,896,4611,4729,118,True
9,958,4611,4729,118,True
16,971,4611,4729,118,True
19,880,4611,4729,118,True
20,874,4611,4679,68,True
26,890,4611,4717,106,True
31,909,4611,4717,106,True
38,922,4611,4729,118,True
46,942,4611,4729,118,True
51,893,4611,4722,111,True
57,903,4611,4683,72,True
61,918,4611,4679,68,True
70,928,4611,4683,72,True
72,923,4611,4683,72,True
76,924,4611,4683,72,True
78,940,4611,4722,111,True
87,896,4611,4763,152,True
94,930,4611,4722,111,True
98,921,4611,4722,111,True
9,959,4612,4729,117,True
13,914,4612,4729,117,True
17,874,4612,4717,105,True
19,881,4612,4729,117,True
22,947,4612,4729,117,True
27,919,4612,4729,117,True
34,919,4612,4717,105,True
40,994,4612,4729,117,True
45,885,4612,4729,117,True
46,943,4612,4729,117,True
58,923,4612,4763,151,True
60,878,4612,4722,110,True
65,909,4612,4683,71,True
72,924,4612,4683,71,True
73,918,4612,4683,71,True
74,931,4612,4722,110,True
77,944,4612,4722,110,True
78,941,4612,4722,110,True
79,864,4612,4692,80,True
82,938,4612,4722,110,True
92,962,4612,4722,110,True
97,945,4612,4722,110,True
99,925,4612,4763,151,True
9,960,4613,4729,116,True
13,915,4613,4729,116,True
18,927,4613,4717,104,True
23,913,4613,4729,116,True
24,872,4613,4717,104,True
33,930,4613,4717,104,True
42,966,4613,4729,116,True
48,937,4613,4729,116,True
53,915,4613,4763,150,True
55,868,4613,4763,150,True
68,944,4613,4722,109,True
70,929,4613,4683,70,True
90,929,4613,4722,109,True
94,931,4613,4722,109,True
10,937,4614,4729,115,True
11,926,4614,4717,103,True
23,914,4614,4729,115,True
25,910,4614,4729,115,True
26,891,4614,4717,103,True
30,905,4614,4717,103,True
34,920,4614,4717,103,True
38,923,4614,4729,115,True
41,924,4614,4729,115,True
42,967,4614,4729,115,True
53,916,4614,4763,149,True
54,1000,4614,4722,108,True
56,914,4614,4722,108,True
58,924,4614,4763,149,True
61,919,4614,4679,65,True
64,983,4614,4683,69,True
69,936,4614,4722,108,True
72,925,4614,4683,69,True
90,930,4614,4722,108,True
12,934,4615,4729,114,True
13,916,4615,4729,114,True
22,948,4615,4729,114,True
27,920,4615,4729,114,True
31,910,4615,4729,114,True
35,925,4615,4717,102,True
39,877,4615,4729,114,True
45,886,4615,4729,114,True
47,889,4615,4717,102,True
59,934,4615,4722,107,True
62,902,4615,4722,107,True
65,910,4615,4683,68,True
66,889,4615,4763,148,True
67,869,4615,4722,107,True
68,945,4615,4722,107,True
69,937,4615,4722,107,True
70,930,4615,4683,68,True
75,954,4615,4722,107,True
78,942,4615,4763,148,True
82,939,4615,4722,107,True
87,897,4615,4763,148,True
89,928,4615,4763,148,True
93,919,4615,4763,148,True
97,946,4615,4722,107,True
99,926,4615,4763,148,True
15,905,4616,4717,101,True
18,928,4616,4717,101,True
21,910,4616,4717,101,True
24,873,4616,4717,101,True
28,949,4616,4729,113,True
29,899,4616,4717,101,True
31,911,4616,4729,113,True
33,931,4616,4717,101,True
40,995,4616,4729,113,True
60,879,4616,4722,106,True
62,903,4616,4722,106,True
68,946,4616,4722,106,True
70,931,4616,4683,67,True
78,943,4616,4763,147,True
79,865,4616,4692,76,True
93,920,4616,4763,147,True
98,922,4616,4722,106,True
4,920,4617,4729,112,True
19,882,4617,4729,112,True
20,875,4617,4679,62,True
32,931,4617,4729,112,True
34,921,4617,4717,100,True
42,968,4617,4729,112,True
51,894,4617,4722,105,True
63,942,4617,4763,146,True
68,947,4617,4722,105,True
71,916,4617,4763,146,True
75,955,4617,4722,105,True
79,866,4617,4692,75,True
81,895,4617,4722,105,True
85,919,4617,4722,105,True
98,923,4617,4722,105,True
1,935,4618,4729,111,True
6,920,4618,4729,111,True
17,875,4618,4729,111,True
23,915,4618,4729,111,True
24,874,4618,4717,99,True
27,921,4618,4729,111,True
31,912,4618,4729,111,True
40,996,4618,4729,111,True
44,950,4618,4729,111,True
45,887,4618,4729,111,True
51,895,4618,4722,104,True
64,984,4618,4683,65,True
68,948,4618,4722,104,True
69,938,4618,4722,104,True
75,956,4618,4722,104,True
81,896,4618,4722,104,True
85,920,4618,4722,104,True
99,927,4618,4763,145,True
0,944,4619,4729,110,True
5,897,4619,4729,110,True
7,865,4619,4729,110,True
8,899,4619,4729,110,True
9,961,4619,4729,110,True
16,972,4619,4729,110,True
18,929,4619,4729,110,True
26,892,4619,4729,110,True
32,932,4619,4729,110,True
36,942,4619,4729,110,True
39,878,4619,4729,110,True
40,997,4619,4729,110,True
41,925,4619,4729,110,True
62,904,4619,4722,103,True
64,985,4619,4683,64,True
65,911,4619,4722,103,True
71,917,4619,4763,144,True
77,945,4619,4763,144,True
90,931,4619,4722,103,True
94,932,4619,4722,103,True
97,947,4619,4731,112,True
99,928,4619,4763,144,True
1,936,4620,4729,109,True
6,921,4620,4729,109,True
14,913,4620,4717,97,True
17,876,4620,4729,109,True
32,933,4620,4729,109,True
39,879,4620,4729,109,True
40,998,4620,4729,109,True
42,969,4620,4729,109,True
43,897,4620,4729,109,True
51,896,4620,4722,102,True
56,915,4620,4722,102,True
62,905,4620,4722,102,True
63,943,4620,4763,143,True
71,918,4620,4763,143,True
76,925,4620,4683,63,True
79,867,4620,4692,72,True
80,952,4620,4722,102,True
89,929,4620,4763,143,True
91,923,4620,4722,102,True
95,930,4620,4722,102,True
98,924,4620,4722,102,True
1,937,4621,4729,108,True
4,921,4621,4729,108,True
21,911,4621,4717,96,True
22,949,4621,4729,108,True
29,900,4621,4729,108,True
33,932,4621,4717,96,True
35,926,4621,4717,96,True
58,925,4621,4763,142,True
61,920,4621,4683,62,True
70,932,4621,4683,62,True
72,926,4621,4692,71,True
74,932,4621,4763,142,True
78,944,4621,4763,142,True
79,868,4621,4692,71,True
84,932,4621,4763,142,True
88,954,4621,4763,142,True
93,921,4621,4763,142,True
94,933,4621,4722,101,True
0,945,4622,4729,107,True
1,938,4622,4729,107,True
14,914,4622,4717,95,True
15,906,4622,4717,95,True
21,912,4622,4717,95,True
23,916,4622,4729,107,True
24,875,4622,4729,107,True
25,911,4622,4729,107,True
28,950,4622,4729,107,True
32,934,4622,4729,107,True
40,999,4622,4729,107,True
53,917,4622,4763,141,True
55,869,4622,4763,141,True
56,916,4622,4722,100,True
60,880,4622,4763,141,True
62,906,4622,4722,100,True
65,912,4622,4722,100,True
68,949,4622,4722,100,True
71,919,4622,4763,141,True
72,927,4622,4692,70,True
78,945,4622,4763,141,True
86,922,4622,4683,61,True
93,922,4622,4763,141,True
97,948,4622,4731,109,True
6,922,4623,4729,106,True
8,900,4623,4729,106,True
11,927,4623,4729,106,True
14,915,4623,4717,94,True
16,973,4623,4729,106,True
18,930,4623,4729,106,True
19,883,4623,4729,106,True
21,913,4623,4717,94,True
26,893,4623,4729,106,True
33,933,4623,4729,106,True
34,922,4623,4717,94,True
36,943,4623,4729,106,True
48,938,4623,4729,106,True
64,986,4623,4692,69,True
67,870,4623,4722,99,True
76,926,4623,4683,60,True
81,897,4623,4763,140,True
96,897,4623,4763,140,True
0,946,4624,4729,105,True
17,877,4624,4729,105,True
24,876,4624,4729,105,True
25,912,4624,4729,105,True
50,887,4624,4683,59,True
52,928,4624,,,False
61,921,4624,4692,68,True
66,890,4624,4763,139,True
67,871,4624,4722,98,True
69,939,4624,4722,98,True
72,928,4624,4692,68,True
74,933,4624,4763,139,True
75,957,4624,4722,98,True
77,946,4624,4763,139,True
82,940,4624,4722,98,True
85,921,4624,4722,98,True
88,955,4624,4763,139,True
91,924,4624,4731,107,True
96,898,4624,4763,139,True
98,925,4624,4722,98,True
2,933,4625,4729,104,True
5,898,4625,4729,104,True
6,923,4625,4729,104,True
11,928,4625,4729,104,True
19,884,4625,4729,104,True
21,914,4625,4729,104,True
23,917,4625,4729,104,True
29,901,4625,4729,104,True
32,935,4625,4729,104,True
41,926,4625,4729,104,True
57,904,4625,4722,97,True
64,987,4625,4692,67,True
68,950,4625,4722,97,True
69,940,4625,4763,138,True
75,958,4625,4722,97,True
78,946,4625,4763,138,True
87,898,4625,4763,138,True
4,922,4626,4729,103,True
8,901,4626,4729,103,True
20,876,4626,4717,91,True
24,877,4626,4729,103,True
32,936,4626,4729,103,True
36,944,4626,4729,103,True
37,931,4626,4729,103,True
43,898,4626,4729,103,True
47,890,4626,4729,103,True
55,870,4626,4763,137,True
56,917,4626,4722,96,True
59,935,4626,4763,137,True
63,944,4626,4763,137,True
68,951,4626,4722,96,True
76,927,4626,4683,57,True
82,941,4626,4722,96,True
83,907,4626,4763,137,True
86,923,4626,4683,57,True
4,923,4627,4729,102,True
7,866,4627,4729,102,True
9,962,4627,4729,102,True
15,907,4627,4717,90,True
18,931,4627,4729,102,True
22,950,4627,4795,168,True
35,927,4627,4717,90,True
38,924,4627,4729,102,True
39,880,4627,4729,102,True
43,899,4627,4729,102,True
44,951,4627,4729,102,True
47,891,4627,4729,102,True
61,922,4627,4692,65,True
65,913,4627,4722,95,True
73,919,4627,4763,136,True
76,928,4627,4683,56,True
83,908,4627,4763,136,True
91,925,4627,4731,104,True
93,923,4627,4763,136,True
0,947,4628,4729,101,True
3,973,4628,4729,101,True
5,899,4628,4729,101,True
6,924,4628,4729,101,True
13,917,4628,4729,101,True
20,877,4628,4717,89,True
32,937,4628,4729,101,True
36,945,4628,4729,101,True
37,932,4628,4729,101,True
44,952,4628,4729,101,True
47,892,4628,4729,101,True
53,918,4628,4763,135,True
56,918,4628,4722,94,True
70,933,4628,4692,64,True
71,920,4628,4763,135,True
75,959,4628,4763,135,True
77,947,4628,4763,135,True
78,947,4628,4763,135,True
91,926,4628,4731,103,True
9,963,4629,4729,100,True
16,974,4629,4729,100,True
23,918,4629,4729,100,True
27,922,4629,4729,100,True
31,913,4629,4729,100,True
32,938,4629,4729,100,True
35,928,4629,4717,88,True
36,946,4629,4729,100,True
52,929,4629,,,False
56,919,4629,4722,93,True
57,905,4629,4722,93,True
59,936,4629,4763,134,True
60,881,4629,4763,134,True
64,988,4629,4722,93,True
74,934,4629,4763,134,True
92,963,4629,4722,93,True
98,926,4629,4722,93,True
0,948,4630,4729,99,True
2,934,4630,4729,99,True
7,867,4630,4729,99,True
10,938,4630,4729,99,True
13,918,4630,4729,99,True
14,916,4630,4729,99,True
18,932,4630,4729,99,True
34,923,4630,4717,87,True
36,947,4630,4729,99,True
37,933,4630,4729,99,True
42,970,4630,4729,99,True
47,893,4630,4729,99,True
48,939,4630,4729,99,True
51,897,4630,4722,92,True
58,926,4630,4763,133,True
61,923,4630,4692,62,True
62,907,4630,4763,133,True
64,989,4630,4722,92,True
67,872,4630,4763,133,True
69,941,4630,4763,133,True
70,934,4630,4692,62,True
74,935,4630,4763,133,True
75,960,4630,4763,133,True
84,933,4630,4763,133,True
89,930,4630,4763,133,True
98,927,4630,4722,92,True
99,929,4630,4763,133,True
8,902,4631,4729,98,True
10,939,4631,4729,98,True
11,929,4631,4729,98,True
12,935,4631,4729,98,True
26,894,4631,4729,98,True
27,923,4631,4729,98,True
31,914,4631,4729,98,True
34,924,4631,4717,86,True
35,929,4631,4717,86,True
38,925,4631,4729,98,True
41,927,4631,4729,98,True
48,940,4631,4729,98,True
50,888,4631,4763,132,True
73,920,4631,4763,132,True
75,961,4631,4763,132,True
76,929,4631,4763,132,True
88,956,4631,4763,132,True
96,899,4631,4763,132,True
0,949,4632,4729,97,True
1,939,4632,4729,97,True
8,903,4632,4729,97,True
23,919,4632,4729,97,True
24,878,4632,4729,97,True
32,939,4632,4729,97,True
43,900,4632,4729,97,True
48,941,4632,4729,97,True
56,920,4632,4722,90,True
62,908,4632,4763,131,True
69,942,4632,4763,131,True
81,898,4632,4763,131,True
91,927,4632,4731,99,True
94,934,4632,4797,165,True
96,900,4632,4763,131,True
3,974,4633,4729,96,True
4,924,4633,4729,96,True
5,900,4633,4729,96,True
12,936,4633,4729,96,True
15,908,4633,4795,162,True
17,878,4633,4729,96,True
27,924,4633,4729,96,True
48,942,4633,4729,96,True
49,934,4633,4729,96,True
56,921,4633,4722,89,True
65,914,4633,4763,130,True
66,891,4633,4797,164,True
69,943,4633,4763,130,True
72,929,4633,4692,59,True
82,942,4633,4731,98,True
88,957,4633,4763,130,True
89,931,4633,4763,130,True
92,964,4633,4763,130,True
93,924,4633,4769,136,True
95,931,4633,4722,89,True
97,949,4633,4731,98,True
0,950,4634,4729,95,True
1,940,4634,4729,95,True
4,925,4634,4729,95,True
5,901,4634,4729,95,True
13,919,4634,4729,95,True
20,878,4634,4717,83,True
28,951,4634,4729,95,True
35,930,4634,4717,83,True
39,881,4634,4729,95,True
42,971,4634,4729,95,True
52,930,4634,,,False
55,871,4634,4763,129,True
60,882,4634,4763,129,True
61,924,4634,4699,65,True
74,936,4634,4763,129,True
79,869,4634,4722,88,True
80,953,4634,4731,97,True
94,935,4634,4797,163,True
97,950,4634,4731,97,True
98,928,4634,4722,88,True
1,941,4635,4729,94,True
6,925,4635,4729,94,True
9,964,4635,4729,94,True
12,937,4635,4729,94,True
13,920,4635,4729,94,True
14,917,4635,4729,94,True
25,913,4635,4729,94,True
30,906,4635,4729,94,True
37,934,4635,4729,94,True
63,945,4635,4763,128,True
65,915,4635,4763,128,True
66,892,4635,4797,162,True
75,962,4635,4763,128,True
89,932,4635,4763,128,True
90,932,4635,4763,128,True
92,965,4635,4763,128,True
95,932,4635,4722,87,True
97,951,4635,4731,96,True
98,929,4635,4722,87,True
2,935,4636,4729,93,True
7,868,4636,4729,93,True
9,965,4636,4729,93,True
27,925,4636,4729,93,True
29,902,4636,4729,93,True
31,915,4636,4729,93,True
35,931,4636,4717,81,True
42,972,4636,4729,93,True
43,901,4636,4729,93,True
54,1001,4636,4763,127,True
63,946,4636,4763,127,True
70,935,4636,4722,86,True
73,921,4636,4763,127,True
83,909,4636,4763,127,True
88,958,4636,4763,127,True
93,925,4636,4769,133,True
0,951,4637,4729,92,True
5,902,4637,4729,92,True
6,926,4637,4729,92,True
7,869,4637,4729,92,True
8,904,4637,4729,92,True
9,966,4637,4729,92,True
12,938,4637,4729,92,True
34,925,4637,4729,92,True
40,1000,4637,4795,158,True
42,973,4637,4729,92,True
43,902,4637,4729,92,True
44,953,4637,4729,92,True
52,931,4637,,,False
54,1002,4637,4763,126,True
60,883,4637,4763,126,True
65,916,4637,4763,126,True
68,952,4637,4731,94,True
71,921,4637,4763,126,True
73,922,4637,4763,126,True
77,948,4637,4763,126,True
84,934,4637,4763,126,True
86,924,4637,4763,126,True
95,933,4637,4763,126,True
98,930,4637,4722,85,True
3,975,4638,4729,91,True
5,903,4638,4729,91,True
10,940,4638,4729,91,True
12,939,4638,4729,91,True
17,879,4638,4729,91,True
26,895,4638,4729,91,True
40,1001,4638,4795,157,True
46,944,4638,4729,91,True
47,894,4638,4729,91,True
48,943,4638,4729,91,True
49,935,4638,4729,91,True
51,898,4638,4731,93,True
53,919,4638,4797,159,True
70,936,4638,4722,84,True
77,949,4638,4763,125,True
90,933,4638,4763,125,True
94,936,4638,4797,159,True
95,934,4638,4763,125,True
96,901,4638,4763,125,True
2,936,4639,4729,90,True
13,921,4639,4729,90,True
19,885,4639,4729,90,True
20,879,4639,4717,78,True
22,951,4639,4795,156,True
28,952,4639,4729,90,True
32,940,4639,4729,90,True
37,935,4639,4729,90,True
63,947,4639,4763,124,True
65,917,4639,4763,124,True
75,963,4639,4763,124,True
84,935,4639,4763,124,True
90,934,4639,4763,124,True
98,931,4639,4722,83,True
99,930,4639,4763,124,True
19,886,4640,4729,89,True
38,926,4640,4729,89,True
43,903,4640,4729,89,True
58,927,4640,4763,123,True
80,954,4640,4797,157,True
81,899,4640,4763,123,True
87,899,4640,4763,123,True
94,937,4640,4797,157,True
96,902,4640,4763,123,True
0,952,4641,4729,88,True
5,904,4641,4795,154,True
8,905,4641,4729,88,True
28,953,4641,4729,88,True
31,916,4641,4729,88,True
34,926,4641,4729,88,True
36,948,4641,4729,88,True
37,936,4641,4729,88,True
44,954,4641,4729,88,True
45,888,4641,4729,88,True
51,899,4641,4731,90,True
54,1003,4641,4763,122,True
57,906,4641,4722,81,True
62,909,4641,4763,122,True
66,893,4641,4797,156,True
68,953,4641,4731,90,True
79,870,4641,4763,122,True
81,900,4641,4763,122,True
84,936,4641,4763,122,True
87,900,4641,4763,122,True
94,938,4641,4797,156,True
97,952,4641,4731,90,True
5,905,4642,4795,153,True
6,927,4642,4729,87,True
8,906,4642,4729,87,True
12,940,4642,4729,87,True
20,880,4642,4795,153,True
24,879,4642,4729,87,True
26,896,4642,4729,87,True
32,941,4642,4729,87,True
38,927,4642,4729,87,True
46,945,4642,4729,87,True
48,944,4642,4729,87,True
54,1004,4642,4763,121,True
57,907,4642,4722,80,True
62,910,4642,4763,121,True
67,873,4642,4763,121,True
70,937,4642,4722,80,True
74,937,4642,4769,127,True
83,910,4642,4763,121,True
85,922,4642,4763,121,True
86,925,4642,4763,121,True
94,939,4642,4797,155,True
4,926,4643,4729,86,True
12,941,4643,4729,86,True
25,914,4643,4729,86,True
32,942,4643,4729,86,True
41,928,4643,4729,86,True
42,974,4643,4729,86,True
44,955,4643,4729,86,True
47,895,4643,4729,86,True
51,900,4643,4769,126,True
52,932,4643,,,False
53,920,4643,4797,154,True
54,1005,4643,4763,120,True
64,990,4643,4722,79,True
70,938,4643,4722,79,True
81,901,4643,4763,120,True
86,926,4643,4763,120,True
92,966,4643,4763,120,True
94,940,4643,4797,154,True
97,953,4643,4763,120,True
98,932,4643,4722,79,True
4,927,4644,4729,85,True
7,870,4644,4729,85,True
14,918,4644,4729,85,True
17,880,4644,4729,85,True
22,952,4644,4795,151,True
25,915,4644,4729,85,True
35,932,4644,4729,85,True
44,956,4644,4729,85,True
48,945,4644,4729,85,True
57,908,4644,4722,78,True
58,928,4644,4763,119,True
65,918,4644,4763,119,True
70,939,4644,4722,78,True
75,964,4644,4763,119,True
83,911,4644,4763,119,True
88,959,4644,4763,119,True
92,967,4644,4763,119,True
94,941,4644,4797,153,True
0,953,4645,4729,84,True
9,967,4645,4729,84,True
17,881,4645,4729,84,True
31,917,4645,4729,84,True
41,929,4645,4729,84,True
43,904,4645,4729,84,True
49,936,4645,4729,84,True
65,919,4645,4763,118,True
70,940,4645,4722,77,True
75,965,4645,4763,118,True
85,923,4645,4763,118,True
95,935,4645,4763,118,True
98,933,4645,4722,77,True
0,954,4646,4729,83,True
7,871,4646,4729,83,True
8,907,4646,4795,149,True
14,919,4646,4729,83,True
15,909,4646,4795,149,True
18,933,4646,4729,83,True
19,887,4646,4729,83,True
32,943,4646,4729,83,True
36,949,4646,4729,83,True
41,930,4646,4729,83,True
42,975,4646,4729,83,True
44,957,4646,4729,83,True
47,896,4646,4729,83,True
55,872,4646,4797,151,True
62,911,4646,4763,117,True
72,930,4646,4763,117,True
74,938,4646,4769,123,True
77,950,4646,4763,117,True
78,948,4646,4763,117,True
81,902,4646,4763,117,True
84,937,4646,4763,117,True
85,924,4646,4763,117,True
90,935,4646,4763,117,True
93,926,4646,4769,123,True
14,920,4647,4729,82,True
32,944,4647,4729,82,True
39,882,4647,4729,82,True
44,958,4647,4729,82,True
47,897,4647,4729,82,True
52,933,4647,,,False
60,884,4647,4763,116,True
62,912,4647,4763,116,True
71,922,4647,4763,116,True
76,930,4647,4763,116,True
81,903,4647,4763,116,True
85,925,4647,4763,116,True
87,901,4647,4763,116,True
88,960,4647,4763,116,True
89,933,4647,4763,116,True
90,936,4647,4763,116,True
0,955,4648,4729,81,True
7,872,4648,4729,81,True
8,908,4648,4795,147,True
20,881,4648,4795,147,True
21,915,4648,4729,81,True
31,918,4648,4729,81,True
35,933,4648,4729,81,True
46,946,4648,4729,81,True
50,889,4648,4763,115,True
51,901,4648,4769,121,True
58,929,4648,4763,115,True
60,885,4648,4763,115,True
63,948,4648,4797,149,True
75,966,4648,4763,115,True
77,951,4648,4763,115,True
81,904,4648,4763,115,True
84,938,4648,4763,115,True
87,902,4648,4763,115,True
91,928,4648,4769,121,True
94,942,4648,4797,149,True
96,903,4648,4763,115,True
5,906,4649,4795,146,True
12,942,4649,4802,153,True
15,910,4649,4795,146,True
16,975,4649,4729,80,True
30,907,4649,4729,80,True
31,919,4649,4729,80,True
37,937,4649,4795,146,True
48,946,4649,4729,80,True
52,934,4649,,,False
54,1006,4649,4763,114,True
71,923,4649,4763,114,True
75,967,4649,4763,114,True
76,931,4649,4763,114,True
97,954,4649,4763,114,True
3,976,4650,4729,79,True
19,888,4650,4729,79,True
20,882,4650,4795,145,True
22,953,4650,4795,145,True
28,954,4650,4729,79,True
29,903,4650,4729,79,True
32,945,4650,4729,79,True
34,927,4650,4729,79,True
36,950,4650,4729,79,True
39,883,4650,4729,79,True
43,905,4650,4729,79,True
45,889,4650,4729,79,True
46,947,4650,4729,79,True
48,947,4650,4729,79,True
60,886,4650,4763,113,True
63,949,4650,4797,147,True
67,874,4650,4769,119,True
70,941,4650,4731,81,True
73,923,4650,4763,113,True
74,939,4650,4769,119,True
3,977,4651,4729,78,True
17,882,4651,4729,78,True
18,934,4651,4729,78,True
22,954,4651,4795,144,True
38,928,4651,4729,78,True
55,873,4651,4797,146,True
57,909,4651,4722,71,True
58,930,4651,4763,112,True
61,925,4651,4731,80,True
65,920,4651,4763,112,True
70,942,4651,4731,80,True
76,932,4651,4763,112,True
81,905,4651,4763,112,True
82,943,4651,4797,146,True
96,904,4651,4763,112,True
0,956,4652,4729,77,True
4,928,4652,4729,77,True
6,928,4652,4729,77,True
12,943,4652,4802,150,True
14,921,4652,4729,77,True
27,926,4652,4729,77,True
30,908,4652,4729,77,True
31,920,4652,4729,77,True
36,951,4652,4729,77,True
39,884,4652,4729,77,True
41,931,4652,4729,77,True
42,976,4652,4729,77,True
60,887,4652,4763,111,True
61,926,4652,4731,79,True
62,913,4652,4763,111,True
66,894,4652,4797,145,True
75,968,4652,4763,111,True
77,952,4652,4763,111,True
80,955,4652,4797,145,True
3,978,4653,4795,142,True
20,883,4653,4795,142,True
25,916,4653,4729,76,True
29,904,4653,4729,76,True
33,934,4653,4729,76,True
37,938,4653,4795,142,True
42,977,4653,4729,76,True
43,906,4653,4729,76,True
45,890,4653,4729,76,True
46,948,4653,4729,76,True
47,898,4653,4729,76,True
55,874,4653,4797,144,True
59,937,4653,4763,110,True
61,927,4653,4731,78,True
63,950,4653,4797,144,True
69,944,4653,4763,110,True
76,933,4653,4763,110,True
86,927,4653,4763,110,True
88,961,4653,4763,110,True
92,968,4653,4763,110,True
93,927,4653,4769,116,True
95,936,4653,4763,110,True
11,930,4654,4729,75,True
16,976,4654,4729,75,True
18,935,4654,4729,75,True
19,889,4654,4729,75,True
20,884,4654,4795,141,True
24,880,4654,4729,75,True
27,927,4654,4729,75,True
29,905,4654,4729,75,True
30,909,4654,4802,148,True
35,934,4654,4729,75,True
44,959,4654,4795,141,True
48,948,4654,4729,75,True
52,935,4654,,,False
62,914,4654,4763,109,True
65,921,4654,4763,109,True
68,954,4654,4797,143,True
69,945,4654,4763,109,True
73,924,4654,4763,109,True
75,969,4654,4763,109,True
87,903,4654,4763,109,True
92,969,4654,4763,109,True
93,928,4654,4769,115,True
94,943,4654,4797,143,True
7,873,4655,4729,74,True
10,941,4655,4729,74,True
23,920,4655,4729,74,True
25,917,4655,4729,74,True
29,906,4655,4729,74,True
39,885,4655,4729,74,True
44,960,4655,4795,140,True
45,891,4655,4795,140,True
46,949,4655,4729,74,True
56,922,4655,4763,108,True
59,938,4655,4763,108,True
62,915,4655,4763,108,True
63,951,4655,4797,142,True
66,895,4655,4797,142,True
67,875,4655,4769,114,True
69,946,4655,4763,108,True
84,939,4655,4763,108,True
85,926,4655,4763,108,True
91,929,4655,4769,114,True
98,934,4655,4731,76,True
2,937,4656,4729,73,True
6,929,4656,4729,73,True
9,968,4656,4729,73,True
10,942,4656,4729,73,True
14,922,4656,4729,73,True
20,885,4656,4795,139,True
24,881,4656,4729,73,True
28,955,4656,4729,73,True
31,921,4656,4729,73,True
33,935,4656,4729,73,True
41,932,4656,4729,73,True
57,910,4656,4763,107,True
75,970,4656,4763,107,True
78,949,4656,4763,107,True
95,937,4656,4763,107,True
99,931,4656,4763,107,True
1,942,4657,4729,72,True
5,907,4657,4795,138,True
6,930,4657,4729,72,True
9,969,4657,4729,72,True
33,936,4657,4729,72,True
36,952,4657,4729,72,True
42,978,4657,4729,72,True
50,890,4657,4763,106,True
53,921,4657,4797,140,True
55,875,4657,4797,140,True
56,923,4657,4763,106,True
57,911,4657,4763,106,True
59,939,4657,4763,106,True
60,888,4657,4763,106,True
64,991,4657,4763,106,True
67,876,4657,4769,112,True
72,931,4657,4763,106,True
97,955,4657,4763,106,True
98,935,4657,4731,74,True
2,938,4658,4729,71,True
3,979,4658,4795,137,True
8,909,4658,4795,137,True
9,970,4658,4795,137,True
12,944,4658,4802,144,True
14,923,4658,4729,71,True
17,883,4658,4729,71,True
22,955,4658,4795,137,True
24,882,4658,4729,71,True
27,928,4658,4729,71,True
29,907,4658,4729,71,True
31,922,4658,4729,71,True
34,928,4658,4729,71,True
35,935,4658,4729,71,True
38,929,4658,4729,71,True
44,961,4658,4795,137,True
45,892,4658,4795,137,True
48,949,4658,4729,71,True
59,940,4658,4763,105,True
64,992,4658,4763,105,True
66,896,4658,4797,139,True
73,925,4658,4763,105,True
82,944,4658,4797,139,True
91,930,4658,4769,111,True
97,956,4658,4763,105,True
3,980,4659,4795,136,True
7,874,4659,4795,136,True
12,945,4659,4802,143,True
15,911,4659,4795,136,True
17,884,4659,4729,70,True
30,910,4659,4802,143,True
32,946,4659,4795,136,True
35,936,4659,4729,70,True
36,953,4659,4729,70,True
39,886,4659,4795,136,True
44,962,4659,4795,136,True
45,893,4659,4795,136,True
51,902,4659,4797,138,True
52,936,4659,,,False
55,876,4659,4797,138,True
59,941,4659,4763,104,True
60,889,4659,4763,104,True
65,922,4659,4763,104,True
66,897,4659,4797,138,True
73,926,4659,4763,104,True
77,953,4659,4763,104,True
78,950,4659,4763,104,True
83,912,4659,4797,138,True
95,938,4659,4763,104,True
99,932,4659,4763,104,True
1,943,4660,4729,69,True
17,885,4660,4729,69,True
18,936,4660,4795,135,True
23,921,4660,4729,69,True
28,956,4660,4729,69,True
31,923,4660,4729,69,True
34,929,4660,4729,69,True
35,937,4660,4729,69,True
42,979,4660,4729,69,True
47,899,4660,4729,69,True
48,950,4660,4729,69,True
59,942,4660,4763,103,True
62,916,4660,4769,109,True
63,952,4660,4797,137,True
79,871,4660,4763,103,True
80,956,4660,4797,137,True
88,962,4660,4797,137,True
90,937,4660,4763,103,True
94,944,4660,4797,137,True
6,931,4661,4729,68,True
8,910,4661,4795,134,True
11,931,4661,4729,68,True
18,937,4661,4795,134,True
19,890,4661,4729,68,True
21,916,4661,4729,68,True
28,957,4661,4795,134,True
39,887,4661,4795,134,True
44,963,4661,4795,134,True
47,900,4661,4729,68,True
53,922,4661,4797,136,True
64,993,4661,4763,102,True
66,898,4661,4797,136,True
72,932,4661,4763,102,True
74,940,4661,4769,108,True
77,954,4661,4763,102,True
82,945,4661,4797,136,True
88,963,4661,4797,136,True
89,934,4661,4763,102,True
92,970,4661,4763,102,True
0,957,4662,4729,67,True
2,939,4662,4729,67,True
5,908,4662,4795,133,True
21,917,4662,4729,67,True
30,911,4662,4802,140,True
31,924,4662,4729,67,True
34,930,4662,4729,67,True
45,894,4662,4795,133,True
49,937,4662,4729,67,True
52,937,4662,,,False
54,1007,4662,4769,107,True
60,890,4662,4763,101,True
65,923,4662,4763,101,True
71,924,4662,4763,101,True
74,941,4662,4769,107,True
78,951,4662,4763,101,True
81,906,4662,4763,101,True
83,913,4662,4797,135,True
84,940,4662,4763,101,True
85,927,4662,4763,101,True
99,933,4662,4763,101,True
0,958,4663,4729,66,True
3,981,4663,4795,132,True
9,971,4663,4795,132,True
11,932,4663,4729,66,True
12,946,4663,4802,139,True
19,891,4663,4795,132,True
24,883,4663,4729,66,True
39,888,4663,4795,132,True
41,933,4663,4729,66,True
45,895,4663,4795,132,True
64,994,4663,4763,100,True
67,877,4663,4769,106,True
79,872,4663,4763,100,True
81,907,4663,4763,100,True
84,941,4663,4763,100,True
6,932,4664,4729,65,True
7,875,4664,4795,131,True
11,933,4664,4729,65,True
14,924,4664,4729,65,True
21,918,4664,4729,65,True
22,956,4664,4795,131,True
27,929,4664,4795,131,True
33,937,4664,4729,65,True
35,938,4664,4729,65,True
36,954,4664,4729,65,True
40,1002,4664,4795,131,True
49,938,4664,4729,65,True
56,924,4664,4763,99,True
57,912,4664,4763,99,True
65,924,4664,4763,99,True
69,947,4664,4763,99,True
75,971,4664,4763,99,True
86,928,4664,4763,99,True
89,935,4664,4797,133,True
95,939,4664,4763,99,True
99,934,4664,4763,99,True
1,944,4665,4729,64,True
2,940,4665,4795,130,True
7,876,4665,4795,130,True
9,972,4665,4795,130,True
18,938,4665,4795,130,True
19,892,4665,4795,130,True
23,922,4665,4729,64,True
35,939,4665,4729,64,True
40,1003,4665,4795,130,True
41,934,4665,4729,64,True
43,907,4665,4729,64,True
45,896,4665,4795,130,True
58,931,4665,4769,104,True
59,943,4665,4763,98,True
62,917,4665,4769,104,True
63,953,4665,4797,132,True
68,955,4665,4797,132,True
70,943,4665,4763,98,True
71,925,4665,4763,98,True
74,942,4665,4769,104,True
88,964,4665,4797,132,True
95,940,4665,4763,98,True
99,935,4665,4763,98,True
1,945,4666,4729,63,True
3,982,4666,4795,129,True
11,934,4666,4729,63,True
20,886,4666,4795,129,True
22,957,4666,4795,129,True
29,908,4666,4729,63,True
30,912,4666,4802,136,True
32,947,4666,4795,129,True
40,1004,4666,4795,129,True
42,980,4666,4795,129,True
47,901,4666,4729,63,True
50,891,4666,4797,131,True
51,903,4666,4797,131,True
56,925,4666,4763,97,True
57,913,4666,4763,97,True
62,918,4666,4769,103,True
69,948,4666,4763,97,True
76,934,4666,4797,131,True
81,908,4666,4763,97,True
85,928,4666,4763,97,True
90,938,4666,4763,97,True
2,941,4667,4795,128,True
5,909,4667,4795,128,True
9,973,4667,4795,128,True
13,922,4667,4795,128,True
23,923,4667,4729,62,True
25,918,4667,4795,128,True
28,958,4667,4795,128,True
29,909,4667,4729,62,True
30,913,4667,4802,135,True
32,948,4667,4795,128,True
41,935,4667,4729,62,True
44,964,4667,4795,128,True
45,897,4667,4795,128,True
46,950,4667,4729,62,True
49,939,4667,4729,62,True
58,932,4667,4769,102,True
61,928,4667,4763,96,True
68,956,4667,4797,130,True
70,944,4667,4763,96,True
73,927,4667,4763,96,True
76,935,4667,4797,130,True
78,952,4667,4769,102,True
79,873,4667,4763,96,True
85,929,4667,4763,96,True
86,929,4667,4763,96,True
87,904,4667,4763,96,True
98,936,4667,4763,96,True
2,942,4668,4795,127,True
4,929,4668,4729,61,True
5,910,4668,4795,127,True
6,933,4668,4729,61,True
25,919,4668,4795,127,True
28,959,4668,4795,127,True
30,914,4668,4802,134,True
36,955,4668,4729,61,True
40,1005,4668,4795,127,True
49,940,4668,4729,61,True
53,923,4668,4797,129,True
63,954,4668,4797,129,True
68,957,4668,4797,129,True
69,949,4668,4763,95,True
72,933,4668,4763,95,True
74,943,4668,4769,101,True
83,914,4668,4797,129,True
87,905,4668,4769,101,True
90,939,4668,4769,101,True
91,931,4668,4797,129,True
97,957,4668,4763,95,True
98,937,4668,4763,95,True
1,946,4669,4729,60,True
3,983,4669,4795,126,True
5,911,4669,4795,126,True
6,934,4669,4795,126,True
12,947,4669,4802,133,True
16,977,4669,4795,126,True
26,897,4669,4795,126,True
32,949,4669,4795,126,True
42,981,4669,4795,126,True
43,908,4669,4795,126,True
55,877,4669,4797,128,True
58,933,4669,4769,100,True
74,944,4669,4769,100,True
81,909,4669,4763,94,True
82,946,4669,4797,128,True
89,936,4669,4797,128,True
92,971,4669,4763,94,True
97,958,4669,4763,94,True
0,959,4670,4795,125,True
6,935,4670,4795,125,True
10,943,4670,4795,125,True
20,887,4670,4795,125,True
28,960,4670,4795,125,True
31,925,4670,4729,59,True
32,950,4670,4795,125,True
34,931,4670,4795,125,True
35,940,4670,4795,125,True
48,951,4670,4795,125,True
51,904,4670,4797,127,True
53,924,4670,4797,127,True
64,995,4670,4763,93,True
67,878,4670,4769,99,True
70,945,4670,4763,93,True
73,928,4670,4763,93,True
74,945,4670,4769,99,True
80,957,4670,4797,127,True
82,947,4670,4797,127,True
87,906,4670,4769,99,True
95,941,4670,4763,93,True
99,936,4670,4769,99,True
0,960,4671,4795,124,True
1,947,4671,4729,58,True
7,877,4671,4795,124,True
18,939,4671,4795,124,True
19,893,4671,4795,124,True
30,915,4671,4802,131,True
40,1006,4671,4795,124,True
41,936,4671,4795,124,True
42,982,4671,4795,124,True
46,951,4671,4729,58,True
47,902,4671,4795,124,True
50,892,4671,4797,126,True
57,914,4671,4763,92,True
65,925,4671,4763,92,True
84,942,4671,4763,92,True
87,907,4671,4769,98,True
96,905,4671,4769,98,True
99,937,4671,4769,98,True
1,948,4672,4729,57,True
3,984,4672,4795,123,True
4,930,4672,4729,57,True
6,936,4672,4795,123,True
12,948,4672,4802,130,True
19,894,4672,4795,123,True
26,898,4672,4795,123,True
44,965,4672,4795,123,True
49,941,4672,4729,57,True
50,893,4672,4797,125,True
51,905,4672,4797,125,True
55,878,4672,4797,125,True
62,919,4672,4769,97,True
64,996,4672,4763,91,True
70,946,4672,4763,91,True
72,934,4672,4763,91,True
79,874,4672,4763,91,True
89,937,4672,4797,125,True
92,972,4672,4769,97,True
95,942,4672,4797,125,True
96,906,4672,4769,97,True
99,938,4672,4769,97,True
2,943,4673,4795,122,True
11,935,4673,4729,56,True
16,978,4673,4795,122,True
19,895,4673,4795,122,True
21,919,4673,4729,56,True
23,924,4673,4729,56,True
26,899,4673,4795,122,True
29,910,4673,4729,56,True
37,939,4673,4802,129,True
41,937,4673,4795,122,True
51,906,4673,4797,124,True
69,950,4673,4769,96,True
70,947,4673,4763,90,True
73,929,4673,4763,90,True
79,875,4673,4763,90,True
80,958,4673,4797,124,True
82,948,4673,4797,124,True
86,930,4673,4763,90,True
99,939,4673,4769,96,True
5,912,4674,4795,121,True
7,878,4674,4795,121,True
9,974,4674,4795,121,True
11,936,4674,4795,121,True
14,925,4674,4729,55,True
27,930,4674,4795,121,True
28,961,4674,4795,121,True
37,940,4674,4802,128,True
39,889,4674,4795,121,True
43,909,4674,4795,121,True
45,898,4674,4795,121,True
54,1008,4674,4769,95,True
56,926,4674,4763,89,True
58,934,4674,4769,95,True
59,944,4674,4769,95,True
62,920,4674,4769,95,True
69,951,4674,4769,95,True
74,946,4674,4769,95,True
76,936,4674,4797,123,True
81,910,4674,4769,95,True
93,929,4674,4797,123,True
94,945,4674,4797,123,True
12,949,4675,4802,127,True
13,923,4675,4795,120,True
14,926,4675,4729,54,True
16,979,4675,4795,120,True
18,940,4675,4795,120,True
20,888,4675,4795,120,True
24,884,4675,4795,120,True
26,900,4675,4795,120,True
28,962,4675,4795,120,True
29,911,4675,4795,120,True
34,932,4675,4795,120,True
36,956,4675,4802,127,True
40,1007,4675,4795,120,True
42,983,4675,4795,120,True
43,910,4675,4795,120,True
48,952,4675,4795,120,True
54,1009,4675,4769,94,True
55,879,4675,4797,122,True
56,927,4675,4763,88,True
64,997,4675,4769,94,True
71,926,4675,4797,122,True
72,935,4675,4763,88,True
76,937,4675,4797,122,True
84,943,4675,4769,94,True
88,965,4675,4803,128,True
94,946,4675,4797,122,True
3,985,4676,4795,119,True
7,879,4676,4795,119,True
17,886,4676,4795,119,True
25,920,4676,4795,119,True
36,957,4676,4802,126,True
37,941,4676,4802,126,True
46,952,4676,4795,119,True
48,953,4676,4795,119,True
53,925,4676,4797,121,True
56,928,4676,4769,93,True
61,929,4676,4763,87,True
63,955,4676,4797,121,True
72,936,4676,4769,93,True
73,930,4676,4797,121,True
75,972,4676,4769,93,True
79,876,4676,4763,87,True
91,932,4676,4797,121,True
96,907,4676,4769,93,True
98,938,4676,4763,87,True
3,986,4677,4795,118,True
5,913,4677,4795,118,True
9,975,4677,4795,118,True
13,924,4677,4795,118,True
14,927,4677,4729,52,True
17,887,4677,4795,118,True
23,925,4677,4795,118,True
24,885,4677,4802,125,True
25,921,4677,4795,118,True
26,901,4677,4795,118,True
32,951,4677,4795,118,True
36,958,4677,4802,125,True
54,1010,4677,4769,92,True
63,956,4677,4797,120,True
65,926,4677,4763,86,True
68,958,4677,4797,120,True
70,948,4677,4763,86,True
71,927,4677,4797,120,True
72,937,4677,4769,92,True
73,931,4677,4797,120,True
74,947,4677,4769,92,True
89,938,4677,4797,120,True
91,933,4677,4797,120,True
99,940,4677,4769,92,True
1,949,4678,4729,51,True
4,931,4678,4795,117,True
14,928,4678,4729,51,True
18,941,4678,4795,117,True
20,889,4678,4795,117,True
25,922,4678,4795,117,True
26,902,4678,4795,117,True
32,952,4678,4795,117,True
33,938,4678,4795,117,True
34,933,4678,4795,117,True
39,890,4678,4795,117,True
57,915,4678,4763,85,True
63,957,4678,4797,119,True
67,879,4678,4769,91,True
68,959,4678,4797,119,True
70,949,4678,4763,85,True
80,959,4678,4797,119,True
83,915,4678,4797,119,True
94,947,4678,4797,119,True
99,941,4678,4769,91,True
7,880,4679,4795,116,True
10,944,4679,4795,116,True
13,925,4679,4795,116,True
21,920,4679,4802,123,True
25,923,4679,4795,116,True
27,931,4679,4795,116,True
37,942,4679,4802,123,True
39,891,4679,4795,116,True
46,953,4679,4795,116,True
52,938,4679,,,False
55,880,4679,4797,118,True
57,916,4679,4763,84,True
59,945,4679,4769,90,True
62,921,4679,4769,90,True
65,927,4679,4763,84,True
66,899,4679,4797,118,True
69,952,4679,4797,118,True
74,948,4679,4769,90,True
94,948,4679,4797,118,True
97,959,4679,4797,118,True
1,950,4680,4795,115,True
11,937,4680,4795,115,True
17,888,4680,4795,115,True
20,890,4680,4795,115,True
25,924,4680,4795,115,True
42,984,4680,4795,115,True
43,911,4680,4795,115,True
48,954,4680,4795,115,True
50,894,4680,4797,117,True
52,939,4680,,,False
56,929,4680,4769,89,True
59,946,4680,4769,89,True
62,922,4680,4769,89,True
70,950,4680,4763,83,True
79,877,4680,4763,83,True
80,960,4680,4797,117,True
83,916,4680,4797,117,True
86,931,4680,4763,83,True
91,934,4680,4797,117,True
93,930,4680,4797,117,True
97,960,4680,4797,117,True
0,961,4681,4795,114,True
1,951,4681,4795,114,True
5,914,4681,4795,114,True
6,937,4681,4795,114,True
12,950,4681,4802,121,True
25,925,4681,4795,114,True
27,932,4681,4795,114,True
30,916,4681,4802,121,True
39,892,4681,4795,114,True
65,928,4681,4763,82,True
66,900,4681,4797,116,True
73,932,4681,4797,116,True
75,973,4681,4769,88,True
79,878,4681,4763,82,True
83,917,4681,4797,116,True
86,932,4681,4763,82,True
87,908,4681,4769,88,True
88,966,4681,4803,122,True
90,940,4681,4803,122,True
93,931,4681,4797,116,True
97,961,4681,4797,116,True
6,938,4682,4795,113,True
8,911,4682,4795,113,True
9,976,4682,4795,113,True
11,938,4682,4795,113,True
12,951,4682,4802,120,True
13,926,4682,4795,113,True
15,912,4682,4795,113,True
17,889,4682,4795,113,True
22,958,4682,4795,113,True
29,912,4682,4802,120,True
30,917,4682,4802,120,True
33,939,4682,4795,113,True
37,943,4682,4802,120,True
41,938,4682,4795,113,True
43,912,4682,4795,113,True
44,966,4682,4795,113,True
50,895,4682,4797,115,True
55,881,4682,4797,115,True
56,930,4682,4769,87,True
57,917,4682,4763,81,True
65,929,4682,4763,81,True
69,953,4682,4797,115,True
74,949,4682,4769,87,True
79,879,4682,4763,81,True
91,935,4682,4797,115,True
93,932,4682,4797,115,True
98,939,4682,4763,81,True
0,962,4683,4802,119,True
1,952,4683,4795,112,True
4,932,4683,4795,112,True
11,939,4683,4795,112,True
19,896,4683,4795,112,True
22,959,4683,4795,112,True
25,926,4683,4795,112,True
32,953,4683,4795,112,True
41,939,4683,4795,112,True
47,903,4683,4795,112,True
50,896,4683,4797,114,True
55,882,4683,4797,114,True
56,931,4683,4769,86,True
57,918,4683,4763,80,True
59,947,4683,4769,86,True
67,880,4683,4769,86,True
71,928,4683,4797,114,True
74,950,4683,4769,86,True
77,955,4683,4769,86,True
78,953,4683,4769,86,True
80,961,4683,4797,114,True
85,930,4683,4797,114,True
89,939,4683,4797,114,True
96,908,4683,4847,164,True
4,933,4684,4795,111,True
11,940,4684,4795,111,True
15,913,4684,4795,111,True
21,921,4684,4802,118,True
26,903,4684,4802,118,True
28,963,4684,4795,111,True
32,954,4684,4795,111,True
38,930,4684,4795,111,True
40,1008,4684,4795,111,True
41,940,4684,4795,111,True
42,985,4684,4795,111,True
44,967,4684,4795,111,True
46,954,4684,4795,111,True
49,942,4684,4795,111,True
50,897,4684,4797,113,True
55,883,4684,4797,113,True
56,932,4684,4769,85,True
66,901,4684,4797,113,True
69,954,4684,4797,113,True
74,951,4684,4769,85,True
75,974,4684,4769,85,True
77,956,4684,4769,85,True
81,911,4684,4797,113,True
85,931,4684,4797,113,True
88,967,4684,4803,119,True
98,940,4684,4797,113,True
5,915,4685,4795,110,True
9,977,4685,4795,110,True
12,952,4685,4802,117,True
20,891,4685,4795,110,True
26,904,4685,4802,117,True
30,918,4685,4802,117,True
31,926,4685,4854,169,True
40,1009,4685,4795,110,True
42,986,4685,4795,110,True
52,940,4685,,,False
53,926,4685,4797,112,True
54,1011,4685,4769,84,True
55,884,4685,4797,112,True
56,933,4685,4769,84,True
57,919,4685,4763,78,True
63,958,4685,4797,112,True
67,881,4685,4769,84,True
74,952,4685,4797,112,True
81,912,4685,4797,112,True
96,909,4685,4847,162,True
98,941,4685,4797,112,True
6,939,4686,4795,109,True
9,978,4686,4795,109,True
14,929,4686,4802,116,True
18,942,4686,4795,109,True
19,897,4686,4795,109,True
20,892,4686,4795,109,True
26,905,4686,4802,116,True
29,913,4686,4802,116,True
30,919,4686,4802,116,True
35,941,4686,4795,109,True
43,913,4686,4795,109,True
44,968,4686,4802,116,True
46,955,4686,4795,109,True
50,898,4686,4797,111,True
62,923,4686,4769,83,True
70,951,4686,4763,77,True
73,933,4686,4797,111,True
78,954,4686,4803,117,True
80,962,4686,4797,111,True
82,949,4686,4797,111,True
86,933,4686,4763,77,True
89,940,4686,4797,111,True
94,949,4686,4797,111,True
95,943,4686,4797,111,True
0,963,4687,4802,115,True
3,987,4687,4795,108,True
8,912,4687,4802,115,True
9,979,4687,4795,108,True
10,945,4687,4795,108,True
18,943,4687,4795,108,True
26,906,4687,4802,115,True
36,959,4687,4802,115,True
40,1010,4687,4795,108,True
42,987,4687,4795,108,True
46,956,4687,4795,108,True
47,904,4687,4795,108,True
55,885,4687,4803,116,True
58,935,4687,4797,110,True
60,891,4687,4803,116,True
64,998,4687,4769,82,True
71,929,4687,4803,116,True
74,953,4687,4797,110,True
76,938,4687,4797,110,True
79,880,4687,4769,82,True
80,963,4687,4797,110,True
82,950,4687,4797,110,True
85,932,4687,4797,110,True
87,909,4687,4797,110,True
91,936,4687,4797,110,True
93,933,4687,4797,110,True
94,950,4687,4797,110,True
97,962,4687,4797,110,True
8,913,4688,4802,114,True
10,946,4688,4795,107,True
18,944,4688,4795,107,True
19,898,4688,4795,107,True
22,960,4688,4795,107,True
24,886,4688,4802,114,True
25,927,4688,4795,107,True
28,964,4688,4795,107,True
29,914,4688,4802,114,True
40,1011,4688,4795,107,True
43,914,4688,4795,107,True
48,955,4688,4795,107,True
61,930,4688,4769,81,True
66,902,4688,4797,109,True
67,882,4688,4769,81,True
70,952,4688,4763,75,True
72,938,4688,4769,81,True
74,954,4688,4797,109,True
75,975,4688,4769,81,True
82,951,4688,4797,109,True
86,934,4688,4797,109,True
88,968,4688,4803,115,True
89,941,4688,4803,115,True
92,973,4688,4769,81,True
97,963,4688,4797,109,True
98,942,4688,4797,109,True
0,964,4689,4802,113,True
12,953,4689,4802,113,True
17,890,4689,4795,106,True
21,922,4689,4802,113,True
23,926,4689,4802,113,True
26,907,4689,4802,113,True
30,920,4689,4802,113,True
59,948,4689,4769,80,True
61,931,4689,4769,80,True
78,955,4689,4803,114,True
80,964,4689,4797,108,True
82,952,4689,4797,108,True
86,935,4689,4797,108,True
92,974,4689,4769,80,True
99,942,4689,4769,80,True
5,916,4690,4802,112,True
7,881,4690,4795,105,True
8,914,4690,4802,112,True
9,980,4690,4795,105,True
11,941,4690,4802,112,True
15,914,4690,4795,105,True
19,899,4690,4795,105,True
22,961,4690,4795,105,True
41,941,4690,4802,112,True
50,899,4690,4797,107,True
70,953,4690,4769,79,True
76,939,4690,4797,107,True
77,957,4690,4769,79,True
85,933,4690,4797,107,True
98,943,4690,4797,107,True
0,965,4691,4802,111,True
5,917,4691,4802,111,True
12,954,4691,4802,111,True
15,915,4691,4795,104,True
21,923,4691,4802,111,True
22,962,4691,4795,104,True
29,915,4691,4802,111,True
30,921,4691,4802,111,True
33,940,4691,4802,111,True
40,1012,4691,4795,104,True
57,920,4691,4763,72,True
62,924,4691,4803,112,True
65,930,4691,4797,106,True
75,976,4691,4797,106,True
86,936,4691,4797,106,True
96,910,4691,4847,156,True
0,966,4692,4802,110,True
10,947,4692,4795,103,True
14,930,4692,4802,110,True
16,980,4692,4802,110,True
17,891,4692,4795,103,True
19,900,4692,4795,103,True
24,887,4692,4802,110,True
34,934,4692,4795,103,True
37,944,4692,4802,110,True
40,1013,4692,4795,103,True
42,988,4692,4795,103,True
47,905,4692,4802,110,True
49,943,4692,4802,110,True
55,886,4692,4803,111,True
64,999,4692,4769,77,True
65,931,4692,4797,105,True
74,955,4692,4797,105,True
76,940,4692,4797,105,True
78,956,4692,4803,111,True
85,934,4692,4797,105,True
89,942,4692,4803,111,True
90,941,4692,4803,111,True
98,944,4692,4797,105,True
2,944,4693,4795,102,True
5,918,4693,4802,109,True
6,940,4693,4854,161,True
18,945,4693,4795,102,True
22,963,4693,4795,102,True
23,927,4693,4802,109,True
36,960,4693,4802,109,True
37,945,4693,4802,109,True
49,944,4693,4802,109,True
51,907,4693,4803,110,True
55,887,4693,4803,110,True
58,936,4693,4797,104,True
61,932,4693,4795,102,True
67,883,4693,4769,76,True
73,934,4693,4797,104,True
74,956,4693,4797,104,True
86,937,4693,4797,104,True
95,944,4693,4803,110,True
97,964,4693,4797,104,True
1,953,4694,4854,160,True
5,919,4694,4802,108,True
6,941,4694,4854,160,True
11,942,4694,4802,108,True
14,931,4694,4802,108,True
15,916,4694,4795,101,True
22,964,4694,4795,101,True
26,908,4694,4802,108,True
35,942,4694,4795,101,True
44,969,4694,4802,108,True
48,956,4694,4795,101,True
51,908,4694,4803,109,True
52,941,4694,,,False
53,927,4694,4847,153,True
56,934,4694,4769,75,True
76,941,4694,4797,103,True
87,910,4694,4797,103,True
88,969,4694,4803,109,True
93,934,4694,4847,153,True
96,911,4694,4847,153,True
20,893,4695,4795,100,True
22,965,4695,4795,100,True
23,928,4695,4802,107,True
32,955,4695,4795,100,True
33,941,4695,4802,107,True
39,893,4695,4795,100,True
44,970,4695,4802,107,True
45,899,4695,4795,100,True
49,945,4695,4802,107,True
56,935,4695,4769,74,True
57,921,4695,4769,74,True
59,949,4695,4797,102,True
61,933,4695,4795,100,True
73,935,4695,4797,102,True
76,942,4695,4797,102,True
79,881,4695,4769,74,True
83,918,4695,4797,102,True
86,938,4695,4797,102,True
96,912,4695,4847,152,True
97,965,4695,4797,102,True
9,981,4696,4795,99,True
11,943,4696,4802,106,True
12,955,4696,4802,106,True
14,932,4696,4802,106,True
16,981,4696,4802,106,True
31,927,4696,4854,158,True
34,935,4696,4795,99,True
38,931,4696,4795,99,True
43,915,4696,4795,99,True
50,900,4696,4797,101,True
61,934,4696,4795,99,True
66,903,4696,4847,151,True
72,939,4696,4769,73,True
79,882,4696,4769,73,True
84,944,4696,4803,107,True
97,966,4696,4797,101,True
99,943,4696,4803,107,True
5,920,4697,4802,105,True
6,942,4697,4854,157,True
10,948,4697,4795,98,True
12,956,4697,4802,105,True
16,982,4697,4802,105,True
19,901,4697,4795,98,True
20,894,4697,4795,98,True
32,956,4697,4795,98,True
38,932,4697,4795,98,True
46,957,4697,4795,98,True
51,909,4697,4803,106,True
53,928,4697,4847,150,True
55,888,4697,4803,106,True
63,959,4697,4803,106,True
74,957,4697,4797,100,True
78,957,4697,4803,106,True
80,965,4697,4803,106,True
81,913,4697,4797,100,True
88,970,4697,4803,106,True
91,937,4697,4797,100,True
93,935,4697,4847,150,True
4,934,4698,4802,104,True
9,982,4698,4795,97,True
13,927,4698,4795,97,True
18,946,4698,4795,97,True
24,888,4698,4802,104,True
31,928,4698,4854,156,True
33,942,4698,4802,104,True
45,900,4698,4795,97,True
49,946,4698,4802,104,True
51,910,4698,4803,105,True
63,960,4698,4803,105,True
68,960,4698,4803,105,True
69,955,4698,4797,99,True
70,954,4698,4769,71,True
76,943,4698,4797,99,True
87,911,4698,4797,99,True
89,943,4698,4803,105,True
95,945,4698,4803,105,True
96,913,4698,4847,149,True
98,945,4698,4797,99,True
4,935,4699,4802,103,True
7,882,4699,4795,96,True
11,944,4699,4802,103,True
20,895,4699,4795,96,True
22,966,4699,4795,96,True
24,889,4699,4802,103,True
26,909,4699,4802,103,True
29,916,4699,4802,103,True
32,957,4699,4802,103,True
36,961,4699,4802,103,True
46,958,4699,4795,96,True
51,911,4699,4803,104,True
56,936,4699,4797,98,True
59,950,4699,4797,98,True
60,892,4699,4803,104,True
65,932,4699,4797,98,True
67,884,4699,4803,104,True
68,961,4699,4803,104,True
70,955,4699,4769,70,True
71,930,4699,4803,104,True
76,944,4699,4797,98,True
83,919,4699,4803,104,True
95,946,4699,4803,104,True
97,967,4699,4797,98,True
3,988,4700,4854,154,True
11,945,4700,4802,102,True
16,983,4700,4802,102,True
22,967,4700,4795,95,True
26,910,4700,4802,102,True
27,933,4700,4795,95,True
31,929,4700,4854,154,True
33,943,4700,4802,102,True
35,943,4700,4795,95,True
36,962,4700,4802,102,True
42,989,4700,4802,102,True
47,906,4700,4802,102,True
52,942,4700,,,False
61,935,4700,4795,95,True
62,925,4700,4803,103,True
74,958,4700,4803,103,True
75,977,4700,4797,97,True
82,953,4700,4803,103,True
83,920,4700,4803,103,True
85,935,4700,4797,97,True
87,912,4700,4797,97,True
95,947,4700,4803,103,True
0,967,4701,4802,101,True
2,945,4701,4795,94,True
3,989,4701,4854,153,True
10,949,4701,4795,94,True
11,946,4701,4802,101,True
16,984,4701,4802,101,True
18,947,4701,4795,94,True
19,902,4701,4795,94,True
22,968,4701,4854,153,True
26,911,4701,4802,101,True
30,922,4701,4802,101,True
40,1014,4701,4854,153,True
41,942,4701,4802,101,True
42,990,4701,4802,101,True
62,926,4701,4803,102,True
67,885,4701,4803,102,True
68,962,4701,4803,102,True
78,958,4701,4803,102,True
86,939,4701,4797,96,True
7,883,4702,4795,93,True
10,950,4702,4795,93,True
20,896,4702,4795,93,True
25,928,4702,4795,93,True
35,944,4702,4795,93,True
40,1015,4702,4854,152,True
42,991,4702,4802,100,True
43,916,4702,4795,93,True
47,907,4702,4802,100,True
51,912,4702,4803,101,True
52,943,4702,,,False
53,929,4702,4847,145,True
61,936,4702,4795,93,True
63,961,4702,4847,145,True
68,963,4702,4803,101,True
71,931,4702,4803,101,True
73,936,4702,4797,95,True
84,945,4702,4803,101,True
91,938,4702,4803,101,True
96,914,4702,4847,145,True
99,944,4702,4803,101,True
1,954,4703,4854,151,True
10,951,4703,4795,92,True
11,947,4703,4802,99,True
33,944,4703,4802,99,True
36,963,4703,4802,99,True
40,1016,4703,4854,151,True
46,959,4703,4802,99,True
48,957,4703,4795,92,True
72,940,4703,4769,66,True
74,959,4703,4803,100,True
79,883,4703,4803,100,True
80,966,4703,4803,100,True
81,914,4703,4803,100,True
85,936,4703,4797,94,True
93,936,4703,4847,144,True
94,951,4703,4803,100,True
98,946,4703,4797,94,True
8,915,4704,4802,98,True
13,928,4704,4795,91,True
17,892,4704,4795,91,True
20,897,4704,4795,91,True
21,924,4704,4802,98,True
22,969,4704,4854,150,True
27,934,4704,4795,91,True
28,965,4704,4795,91,True
30,923,4704,4802,98,True
33,945,4704,4802,98,True
34,936,4704,4795,91,True
36,964,4704,4802,98,True
39,894,4704,4802,98,True
42,992,4704,4802,98,True
49,947,4704,4802,98,True
50,901,4704,4797,93,True
53,930,4704,4847,143,True
59,951,4704,4797,93,True
62,927,4704,4803,99,True
64,1000,4704,4769,65,True
72,941,4704,4769,65,True
74,960,4704,4803,99,True
76,945,4704,4797,93,True
78,959,4704,4803,99,True
79,884,4704,4803,99,True
81,915,4704,4803,99,True
83,921,4704,4803,99,True
85,937,4704,4797,93,True
87,913,4704,4797,93,True
95,948,4704,4803,99,True
1,955,4705,4854,149,True
3,990,4705,4854,149,True
28,966,4705,4795,90,True
31,930,4705,4854,149,True
37,946,4705,4802,97,True
44,971,4705,4802,97,True
47,908,4705,4802,97,True
51,913,4705,4803,98,True
62,928,4705,4803,98,True
64,1001,4705,4769,64,True
66,904,4705,4847,142,True
71,932,4705,4803,98,True
74,961,4705,4803,98,True
79,885,4705,4803,98,True
80,967,4705,4803,98,True
83,922,4705,4803,98,True
87,914,4705,4797,92,True
88,971,4705,4803,98,True
96,915,4705,4847,142,True
3,991,4706,4854,148,True
11,948,4706,4802,96,True
14,933,4706,4802,96,True
21,925,4706,4802,96,True
26,912,4706,4802,96,True
27,935,4706,4795,89,True
28,967,4706,4795,89,True
29,917,4706,4854,148,True
33,946,4706,4802,96,True
35,945,4706,4795,89,True
37,947,4706,4802,96,True
39,895,4706,4802,96,True
42,993,4706,4802,96,True
43,917,4706,4795,89,True
45,901,4706,4795,89,True
47,909,4706,4802,96,True
51,914,4706,4803,97,True
55,889,4706,4847,141,True
58,937,4706,4803,97,True
63,962,4706,4847,141,True
94,952,4706,4803,97,True
96,916,4706,4847,141,True
97,968,4706,4803,97,True
3,992,4707,4854,147,True
6,943,4707,4910,203,True
8,916,4707,4854,147,True
16,985,4707,4802,95,True
18,948,4707,4795,88,True
24,890,4707,4802,95,True
28,968,4707,4795,88,True
34,937,4707,4795,88,True
35,946,4707,4795,88,True
43,918,4707,4795,88,True
48,958,4707,4795,88,True
50,902,4707,4797,90,True
57,922,4707,4802,95,True
62,929,4707,4803,96,True
67,886,4707,4803,96,True
72,942,4707,4797,90,True
73,937,4707,4797,90,True
78,960,4707,4803,96,True
81,916,4707,4803,96,True
89,944,4707,4803,96,True
97,969,4707,4803,96,True
98,947,4707,4797,90,True
16,986,4708,4802,94,True
17,893,4708,4795,87,True
18,949,4708,4795,87,True
32,958,4708,4802,94,True
33,947,4708,4802,94,True
34,938,4708,4795,87,True
36,965,4708,4802,94,True
42,994,4708,4802,94,True
43,919,4708,4795,87,True
48,959,4708,4795,87,True
54,1012,4708,4803,95,True
60,893,4708,4803,95,True
62,930,4708,4803,95,True
68,964,4708,4803,95,True
73,938,4708,4797,89,True
79,886,4708,4803,95,True
84,946,4708,4803,95,True
90,942,4708,4803,95,True
92,975,4708,4803,95,True
10,952,4709,4854,145,True
24,891,4709,4802,93,True
32,959,4709,4802,93,True
33,948,4709,4802,93,True
34,939,4709,4795,86,True
38,933,4709,4795,86,True
43,920,4709,4795,86,True
45,902,4709,4795,86,True
48,960,4709,4795,86,True
55,890,4709,4847,138,True
56,937,4709,4803,94,True
60,894,4709,4803,94,True
76,946,4709,4797,88,True
86,940,4709,4797,88,True
87,915,4709,4797,88,True
88,972,4709,4803,94,True
98,948,4709,4797,88,True
0,968,4710,4854,144,True
1,956,4710,4854,144,True
4,936,4710,4802,92,True
7,884,4710,4795,85,True
14,934,4710,4802,92,True
17,894,4710,4795,85,True
18,950,4710,4854,144,True
20,898,4710,4795,85,True
21,926,4710,4802,92,True
36,966,4710,4802,92,True
40,1017,4710,4854,144,True
41,943,4710,4802,92,True
44,972,4710,4802,92,True
49,948,4710,4802,92,True
54,1013,4710,4803,93,True
56,938,4710,4803,93,True
60,895,4710,4803,93,True
61,937,4710,4795,85,True
74,962,4710,4803,93,True
80,968,4710,4803,93,True
83,923,4710,4847,137,True
1,957,4711,4854,143,True
4,937,4711,4802,91,True
8,917,4711,4854,143,True
13,929,4711,4854,143,True
18,951,4711,4854,143,True
28,969,4711,4795,84,True
29,918,4711,4854,143,True
31,931,4711,4854,143,True
32,960,4711,4802,91,True
34,940,4711,4795,84,True
35,947,4711,4795,84,True
42,995,4711,4802,91,True
43,921,4711,4854,143,True
47,910,4711,4802,91,True
59,952,4711,4803,92,True
62,931,4711,4803,92,True
65,933,4711,4797,86,True
77,958,4711,4803,92,True
89,945,4711,4803,92,True
97,970,4711,4803,92,True
10,953,4712,4854,142,True
19,903,4712,4795,83,True
24,892,4712,4854,142,True
25,929,4712,4795,83,True
26,913,4712,4854,142,True
30,924,4712,4854,142,True
31,932,4712,4854,142,True
34,941,4712,4795,83,True
38,934,4712,4795,83,True
39,896,4712,4854,142,True
45,903,4712,4795,83,True
49,949,4712,4802,90,True
53,931,4712,4847,135,True
63,963,4712,4847,135,True
65,934,4712,4797,85,True
69,956,4712,4847,135,True
70,956,4712,4797,85,True
73,939,4712,4797,85,True
75,978,4712,4803,91,True
81,917,4712,4803,91,True
82,954,4712,4803,91,True
83,924,4712,4847,135,True
88,973,4712,4803,91,True
92,976,4712,4803,91,True
93,937,4712,4847,135,True
96,917,4712,4847,135,True
97,971,4712,4803,91,True
1,958,4713,4854,141,True
7,885,4713,4795,82,True
11,949,4713,4854,141,True
20,899,4713,4795,82,True
23,929,4713,4802,89,True
29,919,4713,4854,141,True
36,967,4713,4802,89,True
45,904,4713,4795,82,True
48,961,4713,4795,82,True
54,1014,4713,4803,90,True
60,896,4713,4803,90,True
62,932,4713,4803,90,True
63,964,4713,4847,134,True
64,1002,4713,4797,84,True
65,935,4713,4797,84,True
69,957,4713,4847,134,True
70,957,4713,4797,84,True
89,946,4713,4803,90,True
92,977,4713,4803,90,True
0,969,4714,4854,140,True
2,946,4714,4795,81,True
4,938,4714,4802,88,True
9,983,4714,4854,140,True
10,954,4714,4854,140,True
11,950,4714,4854,140,True
19,904,4714,4795,81,True
20,900,4714,4795,81,True
21,927,4714,4802,88,True
22,970,4714,4854,140,True
25,930,4714,4795,81,True
26,914,4714,4854,140,True
27,936,4714,4854,140,True
33,949,4714,4854,140,True
35,948,4714,4795,81,True
42,996,4714,4802,88,True
49,950,4714,4802,88,True
51,915,4714,4803,89,True
56,939,4714,4803,89,True
61,938,4714,4795,81,True
62,933,4714,4803,89,True
63,965,4714,4847,133,True
68,965,4714,4803,89,True
78,961,4714,4803,89,True
82,955,4714,4803,89,True
83,925,4714,4847,133,True
86,941,4714,4797,83,True
93,938,4714,4847,133,True
94,953,4714,4803,89,True
96,918,4714,4847,133,True
9,984,4715,4854,139,True
10,955,4715,4854,139,True
12,957,4715,4802,87,True
16,987,4715,4854,139,True
18,952,4715,4854,139,True
23,930,4715,4802,87,True
26,915,4715,4854,139,True
27,937,4715,4854,139,True
30,925,4715,4854,139,True
35,949,4715,4854,139,True
36,968,4715,4802,87,True
37,948,4715,4802,87,True
47,911,4715,4802,87,True
48,962,4715,4795,80,True
53,932,4715,4847,132,True
58,938,4715,4803,88,True
60,897,4715,4803,88,True
70,958,4715,4797,82,True
71,933,4715,4803,88,True
75,979,4715,4803,88,True
88,974,4715,4803,88,True
91,939,4715,4803,88,True
92,978,4715,4803,88,True
95,949,4715,4803,88,True
96,919,4715,4847,132,True
97,972,4715,4803,88,True
1,959,4716,4854,138,True
9,985,4716,4854,138,True
17,895,4716,4854,138,True
18,953,4716,4854,138,True
20,901,4716,4795,79,True
21,928,4716,4802,86,True
23,931,4716,4802,86,True
41,944,4716,4802,86,True
45,905,4716,4795,79,True
54,1015,4716,4803,87,True
59,953,4716,4803,87,True
66,905,4716,4847,131,True
68,966,4716,4803,87,True
73,940,4716,4797,81,True
80,969,4716,4803,87,True
84,947,4716,4803,87,True
88,975,4716,4803,87,True
93,939,4716,4847,131,True
98,949,4716,4797,81,True
1,960,4717,4854,137,True
2,947,4717,4795,78,True
9,986,4717,4854,137,True
11,951,4717,4854,137,True
24,893,4717,4854,137,True
25,931,4717,4795,78,True
28,970,4717,4854,137,True
30,926,4717,4854,137,True
31,933,4717,4854,137,True
45,906,4717,4795,78,True
47,912,4717,4802,85,True
59,954,4717,4803,86,True
68,967,4717,4803,86,True
74,963,4717,4803,86,True
76,947,4717,4797,80,True
77,959,4717,4803,86,True
90,943,4717,4803,86,True
92,979,4717,4803,86,True
93,940,4717,4847,130,True
95,950,4717,4803,86,True
1,961,4718,4854,136,True
4,939,4718,4802,84,True
5,921,4718,4854,136,True
7,886,4718,4884,166,True
8,918,4718,4854,136,True
9,987,4718,4854,136,True
11,952,4718,4854,136,True
22,971,4718,4854,136,True
26,916,4718,4854,136,True
31,934,4718,4854,136,True
48,963,4718,4854,136,True
50,903,4718,4797,79,True
56,940,4718,4803,85,True
58,939,4718,4803,85,True
63,966,4718,4847,129,True
68,968,4718,4803,85,True
69,958,4718,4847,129,True
74,964,4718,4803,85,True
82,956,4718,4847,129,True
84,948,4718,4803,85,True
87,916,4718,4803,85,True
91,940,4718,4803,85,True
92,980,4718,4803,85,True
94,954,4718,4847,129,True
96,920,4718,4847,129,True
97,973,4718,4803,85,True
1,962,4719,4854,135,True
3,993,4719,4854,135,True
14,935,4719,4802,83,True
16,988,4719,4854,135,True
18,954,4719,4854,135,True
20,902,4719,4795,76,True
21,929,4719,4802,83,True
22,972,4719,4854,135,True
25,932,4719,4854,135,True
30,927,4719,4854,135,True
33,950,4719,4854,135,True
35,950,4719,4854,135,True
50,904,4719,4797,78,True
51,916,4719,4803,84,True
60,898,4719,4803,84,True
64,1003,4719,4797,78,True
65,936,4719,4797,78,True
66,906,4719,4847,128,True
67,887,4719,4803,84,True
73,941,4719,4797,78,True
74,965,4719,4847,128,True
81,918,4719,4803,84,True
85,938,4719,4803,84,True
89,947,4719,4803,84,True
90,944,4719,4803,84,True
95,951,4719,4803,84,True
98,950,4719,4797,78,True
3,994,4720,4854,134,True
8,919,4720,4854,134,True
11,953,4720,4854,134,True
13,930,4720,4854,134,True
18,955,4720,4854,134,True
19,905,4720,4910,190,True
22,973,4720,4854,134,True
27,938,4720,4854,134,True
37,949,4720,4854,134,True
40,1018,4720,4884,164,True
45,907,4720,4854,134,True
47,913,4720,4802,82,True
56,941,4720,4803,83,True
63,967,4720,4847,127,True
65,937,4720,4797,77,True
66,907,4720,4847,127,True
85,939,4720,4803,83,True
97,974,4720,4803,83,True
98,951,4720,4797,77,True
0,970,4721,4854,133,True
7,887,4721,4884,163,True
20,903,4721,4795,74,True
23,932,4721,4802,81,True
25,933,4721,4854,133,True
31,935,4721,4854,133,True
34,942,4721,4854,133,True
39,897,4721,4854,133,True
46,960,4721,4854,133,True
47,914,4721,4802,81,True
48,964,4721,4854,133,True
53,933,4721,4847,126,True
55,891,4721,4847,126,True
57,923,4721,4802,81,True
58,940,4721,4803,82,True
63,968,4721,4847,126,True
64,1004,4721,4797,76,True
68,969,4721,4803,82,True
69,959,4721,4847,126,True
71,934,4721,4803,82,True
73,942,4721,4797,76,True
85,940,4721,4803,82,True
93,941,4721,4847,126,True
94,955,4721,4847,126,True
3,995,4722,4854,132,True
7,888,4722,4884,162,True
10,956,4722,4854,132,True
15,917,4722,4854,132,True
19,906,4722,4910,188,True
21,930,4722,4854,132,True
24,894,4722,4854,132,True
40,1019,4722,4884,162,True
46,961,4722,4854,132,True
48,965,4722,4854,132,True
52,944,4722,,,False
57,924,4722,4802,80,True
65,938,4722,4797,75,True
66,908,4722,4847,125,True
69,960,4722,4847,125,True
70,959,4722,4826,104,True
74,966,4722,4847,125,True
77,960,4722,4803,81,True
78,962,4722,4803,81,True
81,919,4722,4803,81,True
82,957,4722,4847,125,True
91,941,4722,4803,81,True
93,942,4722,4847,125,True
4,940,4723,4854,131,True
9,988,4723,4854,131,True
14,936,4723,4802,79,True
18,956,4723,4854,131,True
19,907,4723,4910,187,True
20,904,4723,4795,72,True
44,973,4723,4854,131,True
58,941,4723,4803,80,True
63,969,4723,4847,124,True
64,1005,4723,4797,74,True
66,909,4723,4847,124,True
68,970,4723,4803,80,True
75,980,4723,4803,80,True
86,942,4723,4797,74,True
88,976,4723,4847,124,True
92,981,4723,4803,80,True
98,952,4723,4803,80,True
14,937,4724,4802,78,True
30,928,4724,4854,130,True
31,936,4724,4854,130,True
35,951,4724,4854,130,True
36,969,4724,4854,130,True
38,935,4724,4854,130,True
40,1020,4724,4884,160,True
44,974,4724,4854,130,True
47,915,4724,4802,78,True
49,951,4724,4854,130,True
53,934,4724,4847,123,True
64,1006,4724,4797,73,True
72,943,4724,4803,79,True
76,948,4724,4797,73,True
80,970,4724,4803,79,True
85,941,4724,4803,79,True
99,945,4724,4803,79,True
0,971,4725,4854,129,True
8,920,4725,4854,129,True
12,958,4725,4854,129,True
15,918,4725,4854,129,True
16,989,4725,4854,129,True
20,905,4725,4795,70,True
28,971,4725,4854,129,True
29,920,4725,4854,129,True
32,961,4725,4854,129,True
39,898,4725,4854,129,True
53,935,4725,4847,122,True
54,1016,4725,4803,78,True
57,925,4725,4802,77,True
61,939,4725,4797,72,True
63,970,4725,4847,122,True
64,1007,4725,4797,72,True
66,910,4725,4847,122,True
71,935,4725,4803,78,True
78,963,4725,4803,78,True
86,943,4725,4797,72,True
90,945,4725,4847,122,True
92,982,4725,4803,78,True
94,956,4725,4847,122,True
97,975,4725,4803,78,True
99,946,4725,4803,78,True
6,944,4726,4910,184,True
14,938,4726,4802,76,True
17,896,4726,4854,128,True
18,957,4726,4854,128,True
20,906,4726,4854,128,True
31,937,4726,4854,128,True
33,951,4726,4854,128,True
45,908,4726,4854,128,True
46,962,4726,4854,128,True
48,966,4726,4854,128,True
51,917,4726,4803,77,True
53,936,4726,4847,121,True
55,892,4726,4847,121,True
59,955,4726,4803,77,True
60,899,4726,4847,121,True
72,944,4726,4803,77,True
73,943,4726,4797,71,True
74,967,4726,4847,121,True
79,887,4726,4803,77,True
80,971,4726,4803,77,True
88,977,4726,4847,121,True
91,942,4726,4847,121,True
14,939,4727,4802,75,True
16,990,4727,4854,127,True
20,907,4727,4854,127,True
27,939,4727,4854,127,True
31,938,4727,4854,127,True
33,952,4727,4854,127,True
35,952,4727,4854,127,True
40,1021,4727,4884,157,True
56,942,4727,4803,76,True
58,942,4727,4803,76,True
64,1008,4727,4797,70,True
69,961,4727,4847,120,True
72,945,4727,4803,76,True
75,981,4727,4803,76,True
80,972,4727,4803,76,True
84,949,4727,4803,76,True
87,917,4727,4803,76,True
89,948,4727,4803,76,True
90,946,4727,4847,120,True
92,983,4727,4803,76,True
95,952,4727,4803,76,True
96,921,4727,4847,120,True
18,958,4728,4854,126,True
30,929,4728,4854,126,True
31,939,4728,4854,126,True
49,952,4728,4854,126,True
55,893,4728,4847,119,True
56,943,4728,4803,75,True
61,940,4728,4803,75,True
63,971,4728,4847,119,True
68,971,4728,4803,75,True
70,960,4728,4826,98,True
94,957,4728,4847,119,True
13,931,4729,4854,125,True
15,919,4729,4854,125,True
21,931,4729,4854,125,True
24,895,4729,4854,125,True
27,940,4729,4854,125,True
28,972,4729,4854,125,True
29,921,4729,4854,125,True
36,970,4729,4854,125,True
37,950,4729,4854,125,True
54,1017,4729,4803,74,True
60,900,4729,4847,118,True
62,934,4729,4803,74,True
64,1009,4729,4797,68,True
65,939,4729,4797,68,True
66,911,4729,4847,118,True
68,972,4729,4803,74,True
70,961,4729,4826,97,True
75,982,4729,4803,74,True
77,961,4729,4803,74,True
81,920,4729,4803,74,True
98,953,4729,4803,74,True
4,941,4730,4854,124,True
5,922,4730,4854,124,True
14,940,4730,4884,154,True
17,897,4730,4854,124,True
38,936,4730,4854,124,True
39,899,4730,4854,124,True
42,997,4730,4854,124,True
50,905,4730,4803,73,True
56,944,4730,4803,73,True
58,943,4730,4803,73,True
63,972,4730,4847,117,True
71,936,4730,4803,73,True
73,944,4730,4797,67,True
86,944,4730,4797,67,True
93,943,4730,4847,117,True
94,958,4730,4847,117,True
95,953,4730,4803,73,True
96,922,4730,4847,117,True
1,963,4731,4854,123,True
5,923,4731,4854,123,True
6,945,4731,4910,179,True
11,954,4731,4884,153,True
15,920,4731,4854,123,True
17,898,4731,4854,123,True
18,959,4731,4854,123,True
24,896,4731,4854,123,True
30,930,4731,4854,123,True
31,940,4731,4854,123,True
32,962,4731,4854,123,True
33,953,4731,4884,153,True
41,945,4731,4854,123,True
42,998,4731,4854,123,True
45,909,4731,4854,123,True
47,916,4731,4854,123,True
48,967,4731,4884,153,True
53,937,4731,4847,116,True
62,935,4731,4847,116,True
65,940,4731,4797,66,True
66,912,4731,4847,116,True
69,962,4731,4847,116,True
73,945,4731,4797,66,True
75,983,4731,4803,72,True
81,921,4731,4803,72,True
99,947,4731,4803,72,True
0,972,4732,4854,122,True
1,964,4732,4854,122,True
3,996,4732,4854,122,True
4,942,4732,4854,122,True
5,924,4732,4854,122,True
7,889,4732,4884,152,True
9,989,4732,4854,122,True
10,957,4732,4854,122,True
23,933,4732,4854,122,True
25,934,4732,4884,152,True
27,941,4732,4854,122,True
44,975,4732,4854,122,True
45,910,4732,4854,122,True
57,926,4732,4802,70,True
59,956,4732,4847,115,True
60,901,4732,4847,115,True
65,941,4732,4797,65,True
73,946,4732,4797,65,True
75,984,4732,4803,71,True
79,888,4732,4803,71,True
80,973,4732,4803,71,True
91,943,4732,4847,115,True
92,984,4732,4803,71,True
96,923,4732,4847,115,True
9,990,4733,4854,121,True
13,932,4733,4854,121,True
18,960,4733,4854,121,True
20,908,4733,4854,121,True
39,900,4733,4854,121,True
58,944,4733,4803,70,True
60,902,4733,4847,114,True
65,942,4733,4797,64,True
72,946,4733,4803,70,True
80,974,4733,4803,70,True
87,918,4733,4803,70,True
89,949,4733,4803,70,True
91,944,4733,4847,114,True
96,924,4733,4847,114,True
2,948,4734,4854,120,True
4,943,4734,4854,120,True
12,959,4734,4854,120,True
16,991,4734,4854,120,True
25,935,4734,4884,150,True
28,973,4734,4854,120,True
34,943,4734,4854,120,True
43,922,4734,4854,120,True
45,911,4734,4854,120,True
55,894,4734,4847,113,True
70,962,4734,4826,92,True
79,889,4734,4803,69,True
90,947,4734,4847,113,True
92,985,4734,4803,69,True
95,954,4734,4803,69,True
96,925,4734,4847,113,True
99,948,4734,4847,113,True
5,925,4735,4854,119,True
6,946,4735,4910,175,True
7,890,4735,4884,149,True
9,991,4735,4884,149,True
11,955,4735,4884,149,True
12,960,4735,4854,119,True
22,974,4735,4854,119,True
26,917,4735,4854,119,True
28,974,4735,4854,119,True
40,1022,4735,4884,149,True
41,946,4735,4854,119,True
44,976,4735,4854,119,True
49,953,4735,4884,149,True
52,945,4735,,,False
66,913,4735,4847,112,True
67,888,4735,4803,68,True
82,958,4735,4847,112,True
86,945,4735,4803,68,True
0,973,4736,4884,148,True
3,997,4736,4854,118,True
8,921,4736,4854,118,True
12,961,4736,4854,118,True
19,908,4736,4910,174,True
29,922,4736,4884,148,True
40,1023,4736,4884,148,True
45,912,4736,4854,118,True
49,954,4736,4884,148,True
60,903,4736,4847,111,True
61,941,4736,4803,67,True
79,890,4736,4803,67,True
82,959,4736,4847,111,True
87,919,4736,4803,67,True
89,950,4736,4847,111,True
1,965,4737,4884,147,True
27,942,4737,4854,117,True
30,931,4737,4854,117,True
40,1024,4737,4884,147,True
41,947,4737,4854,117,True
49,955,4737,4884,147,True
50,906,4737,4826,89,True
55,895,4737,4847,110,True
60,904,4737,4847,110,True
62,936,4737,4847,110,True
65,943,4737,4803,66,True
73,947,4737,4826,89,True
77,962,4737,4803,66,True
79,891,4737,4803,66,True
84,950,4737,4803,66,True
94,959,4737,4847,110,True
10,958,4738,4884,146,True
13,933,4738,4854,116,True
14,941,4738,4884,146,True
16,992,4738,4854,116,True
17,899,4738,4854,116,True
21,932,4738,4884,146,True
36,971,4738,4854,116,True
39,901,4738,4854,116,True
41,948,4738,4854,116,True
44,977,4738,4854,116,True
68,973,4738,4803,65,True
77,963,4738,4803,65,True
79,892,4738,4803,65,True
90,948,4738,4847,109,True
93,944,4738,4847,109,True
0,974,4739,4884,145,True
11,956,4739,4884,145,True
13,934,4739,4854,115,True
14,942,4739,4884,145,True
16,993,4739,4854,115,True
20,909,4739,4854,115,True
26,918,4739,4854,115,True
27,943,4739,4854,115,True
28,975,4739,4854,115,True
31,941,4739,4854,115,True
36,972,4739,4854,115,True
37,951,4739,4854,115,True
40,1025,4739,4884,145,True
43,923,4739,4854,115,True
45,913,4739,4854,115,True
48,968,4739,4884,145,True
50,907,4739,4826,87,True
52,946,4739,,,False
54,1018,4739,4847,108,True
55,896,4739,4847,108,True
58,945,4739,4803,64,True
65,944,4739,4803,64,True
69,963,4739,4847,108,True
75,985,4739,4803,64,True
86,946,4739,4826,87,True
89,951,4739,4847,108,True
91,945,4739,4847,108,True
95,955,4739,4847,108,True
99,949,4739,4847,108,True
6,947,4740,4910,170,True
9,992,4740,4884,144,True
17,900,4740,4854,114,True
21,933,4740,4884,144,True
39,902,4740,4854,114,True
48,969,4740,4884,144,True
52,947,4740,,,False
59,957,4740,4847,107,True
70,963,4740,4826,86,True
76,949,4740,4826,86,True
79,893,4740,4803,63,True
87,920,4740,4847,107,True
88,978,4740,4847,107,True
90,949,4740,4847,107,True
96,926,4740,4847,107,True
5,926,4741,4854,113,True
16,994,4741,4854,113,True
17,901,4741,4854,113,True
22,975,4741,4884,143,True
50,908,4741,4826,85,True
57,927,4741,4802,61,True
62,937,4741,4847,106,True
66,914,4741,4847,106,True
68,974,4741,4847,106,True
72,947,4741,4803,62,True
80,975,4741,4847,106,True
88,979,4741,4847,106,True
94,960,4741,4847,106,True
95,956,4741,4847,106,True
1,966,4742,4884,142,True
11,957,4742,4884,142,True
14,943,4742,4884,142,True
21,934,4742,4884,142,True
27,944,4742,4854,112,True
32,963,4742,4854,112,True
33,954,4742,4884,142,True
34,944,4742,4854,112,True
35,953,4742,4854,112,True
37,952,4742,4854,112,True
50,909,4742,4826,84,True
57,928,4742,4802,60,True
59,958,4742,4847,105,True
60,905,4742,4847,105,True
72,948,4742,4803,61,True
85,942,4742,4854,112,True
92,986,4742,4847,105,True
94,961,4742,4847,105,True
7,891,4743,4884,141,True
9,993,4743,4884,141,True
10,959,4743,4884,141,True
15,921,4743,4854,111,True
16,995,4743,4854,111,True
22,976,4743,4884,141,True
23,934,4743,4854,111,True
25,936,4743,4884,141,True
28,976,4743,4854,111,True
29,923,4743,4884,141,True
34,945,4743,4854,111,True
41,949,4743,4854,111,True
46,963,4743,4854,111,True
47,917,4743,4854,111,True
48,970,4743,4884,141,True
49,956,4743,4884,141,True
51,918,4743,4877,134,True
54,1019,4743,4847,104,True
59,959,4743,4847,104,True
63,973,4743,4847,104,True
70,964,4743,4826,83,True
72,949,4743,4803,60,True
76,950,4743,4826,83,True
80,976,4743,4847,104,True
83,926,4743,4847,104,True
85,943,4743,4854,111,True
88,980,4743,4847,104,True
91,946,4743,4847,104,True
92,987,4743,4847,104,True
2,949,4744,4884,140,True
6,948,4744,4910,166,True
9,994,4744,4884,140,True
10,960,4744,4884,140,True
14,944,4744,4884,140,True
20,910,4744,4854,110,True
22,977,4744,4884,140,True
24,897,4744,4854,110,True
29,924,4744,4884,140,True
33,955,4744,4884,140,True
40,1026,4744,4884,140,True
46,964,4744,4854,110,True
66,915,4744,4847,103,True
73,948,4744,4826,82,True
80,977,4744,4847,103,True
82,960,4744,4847,103,True
2,950,4745,4884,139,True
16,996,4745,4854,109,True
24,898,4745,4854,109,True
26,919,4745,4854,109,True
34,946,4745,4854,109,True
38,937,4745,4854,109,True
41,950,4745,4854,109,True
43,924,4745,4854,109,True
50,910,4745,4826,81,True
62,938,4745,4847,102,True
70,965,4745,4826,81,True
72,950,4745,4803,58,True
76,951,4745,4826,81,True
87,921,4745,4847,102,True
99,950,4745,4847,102,True
2,951,4746,4884,138,True
5,927,4746,4854,108,True
7,892,4746,4884,138,True
10,961,4746,4884,138,True
12,962,4746,4854,108,True
24,899,4746,4854,108,True
29,925,4746,4884,138,True
34,947,4746,4854,108,True
36,973,4746,4854,108,True
38,938,4746,4854,108,True
42,999,4746,4854,108,True
43,925,4746,4854,108,True
52,948,4746,,,False
54,1020,4746,4847,101,True
61,942,4746,4803,57,True
67,889,4746,4847,101,True
75,986,4746,4847,101,True
90,950,4746,4877,131,True
96,927,4746,4847,101,True
99,951,4746,4847,101,True
0,975,4747,4884,137,True
2,952,4747,4884,137,True
4,944,4747,4854,107,True
8,922,4747,4884,137,True
13,935,4747,4854,107,True
15,922,4747,4854,107,True
18,961,4747,4854,107,True
29,926,4747,4884,137,True
30,932,4747,4854,107,True
31,942,4747,4854,107,True
36,974,4747,4854,107,True
43,926,4747,4854,107,True
49,957,4747,4884,137,True
66,916,4747,4847,100,True
67,890,4747,4847,100,True
78,964,4747,4847,100,True
81,922,4747,4847,100,True
86,947,4747,4826,79,True
1,967,4748,4884,136,True
4,945,4748,4854,106,True
19,909,4748,4910,162,True
20,911,4748,4854,106,True
30,933,4748,4854,106,True
32,964,4748,4854,106,True
33,956,4748,4884,136,True
38,939,4748,4854,106,True
44,978,4748,4884,136,True
47,918,4748,4884,136,True
49,958,4748,4884,136,True
58,946,4748,4847,99,True
59,960,4748,4847,99,True
61,943,4748,4803,55,True
71,937,4748,4877,129,True
72,951,4748,4803,55,True
80,978,4748,4847,99,True
83,927,4748,4847,99,True
3,998,4749,4854,105,True
10,962,4749,4884,135,True
14,945,4749,4884,135,True
23,935,4749,4854,105,True
24,900,4749,4854,105,True
26,920,4749,4854,105,True
28,977,4749,4854,105,True
37,953,4749,4854,105,True
40,1027,4749,4884,135,True
42,1000,4749,4884,135,True
45,914,4749,4854,105,True
49,959,4749,4884,135,True
57,929,4749,4854,105,True
63,974,4749,4877,128,True
72,952,4749,4803,54,True
77,964,4749,4847,98,True
87,922,4749,4847,98,True
89,952,4749,4847,98,True
91,947,4749,4847,98,True
2,953,4750,4884,134,True
7,893,4750,4884,134,True
9,995,4750,4884,134,True
13,936,4750,4884,134,True
18,962,4750,4854,104,True
22,978,4750,4884,134,True
24,901,4750,4854,104,True
25,937,4750,4884,134,True
27,945,4750,4854,104,True
41,951,4750,4884,134,True
47,919,4750,4884,134,True
64,1010,4750,4854,104,True
66,917,4750,4847,97,True
71,938,4750,4877,127,True
78,965,4750,4847,97,True
79,894,4750,4803,53,True
80,979,4750,4847,97,True
84,951,4750,4847,97,True
89,953,4750,4847,97,True
94,962,4750,4847,97,True
6,949,4751,4910,159,True
7,894,4751,4884,133,True
11,958,4751,4884,133,True
13,937,4751,4884,133,True
19,910,4751,4910,159,True
22,979,4751,4884,133,True
31,943,4751,4854,103,True
34,948,4751,4854,103,True
38,940,4751,4884,133,True
45,915,4751,4854,103,True
51,919,4751,4877,126,True
60,906,4751,4847,96,True
64,1011,4751,4854,103,True
65,945,4751,4826,75,True
76,952,4751,4826,75,True
78,966,4751,4847,96,True
85,944,4751,4854,103,True
89,954,4751,4847,96,True
90,951,4751,4877,126,True
95,957,4751,4847,96,True
96,928,4751,4847,96,True
97,976,4751,4847,96,True
99,952,4751,4847,96,True
0,976,4752,4884,132,True
3,999,4752,4854,102,True
5,928,4752,4854,102,True
12,963,4752,4884,132,True
17,902,4752,4884,132,True
24,902,4752,4854,102,True
25,938,4752,4884,132,True
27,946,4752,4854,102,True
34,949,4752,4854,102,True
40,1028,4752,4884,132,True
48,971,4752,4884,132,True
50,911,4752,4826,74,True
53,938,4752,4877,125,True
54,1021,4752,4847,95,True
69,964,4752,4847,95,True
71,939,4752,4877,125,True
81,923,4752,4847,95,True
83,928,4752,4847,95,True
86,948,4752,4826,74,True
88,981,4752,4847,95,True
89,955,4752,4847,95,True
95,958,4752,4847,95,True
99,953,4752,4847,95,True
4,946,4753,4884,131,True
7,895,4753,4884,131,True
12,964,4753,4884,131,True
14,946,4753,4884,131,True
18,963,4753,4854,101,True
19,911,4753,4910,157,True
22,980,4753,4884,131,True
36,975,4753,4884,131,True
42,1001,4753,4884,131,True
45,916,4753,4910,157,True
46,965,4753,4854,101,True
72,953,4753,4826,73,True
76,953,4753,4826,73,True
81,924,4753,4847,94,True
90,952,4753,4877,124,True
91,948,4753,4847,94,True
95,959,4753,4847,94,True
97,977,4753,4847,94,True
9,996,4754,4884,130,True
13,938,4754,4884,130,True
14,947,4754,4884,130,True
15,923,4754,4854,100,True
17,903,4754,4884,130,True
18,964,4754,4854,100,True
20,912,4754,4854,100,True
21,935,4754,4884,130,True
32,965,4754,4884,130,True
33,957,4754,4884,130,True
34,950,4754,4854,100,True
39,903,4754,4884,130,True
40,1029,4754,4884,130,True
43,927,4754,4910,156,True
46,966,4754,4854,100,True
59,961,4754,4847,93,True
63,975,4754,4877,123,True
75,987,4754,4847,93,True
91,949,4754,4847,93,True
0,977,4755,4884,129,True
13,939,4755,4884,129,True
16,997,4755,4854,99,True
19,912,4755,4910,155,True
21,936,4755,4884,129,True
26,921,4755,4884,129,True
47,920,4755,4884,129,True
60,907,4755,4847,92,True
71,940,4755,4877,122,True
80,980,4755,4847,92,True
86,949,4755,4826,71,True
90,953,4755,4877,122,True
1,968,4756,4884,128,True
4,947,4756,4884,128,True
8,923,4756,4884,128,True
18,965,4756,4854,98,True
19,913,4756,4910,154,True
25,939,4756,4884,128,True
26,922,4756,4884,128,True
33,958,4756,4884,128,True
34,951,4756,4854,98,True
39,904,4756,4884,128,True
42,1002,4756,4884,128,True
44,979,4756,4884,128,True
50,912,4756,4826,70,True
54,1022,4756,4847,91,True
61,944,4756,4803,47,True
80,981,4756,4847,91,True
92,988,4756,4847,91,True
93,945,4756,4847,91,True
6,950,4757,4910,153,True
8,924,4757,4884,127,True
11,959,4757,4884,127,True
25,940,4757,4884,127,True
39,905,4757,4884,127,True
40,1030,4757,4884,127,True
43,928,4757,4910,153,True
48,972,4757,4884,127,True
50,913,4757,4826,69,True
61,945,4757,4854,97,True
65,946,4757,4826,69,True
66,918,4757,4877,120,True
67,891,4757,4847,90,True
70,966,4757,4826,69,True
73,949,4757,4854,97,True
82,961,4757,4847,90,True
84,952,4757,4847,90,True
88,982,4757,4914,157,True
91,950,4757,4847,90,True
96,929,4757,4847,90,True
97,978,4757,4847,90,True
0,978,4758,4884,126,True
2,954,4758,4884,126,True
13,940,4758,4884,126,True
14,948,4758,4884,126,True
16,998,4758,4854,96,True
18,966,4758,4854,96,True
21,937,4758,4884,126,True
25,941,4758,4884,126,True
27,947,4758,4854,96,True
30,934,4758,4854,96,True
34,952,4758,4854,96,True
37,954,4758,4854,96,True
49,960,4758,4884,126,True
53,939,4758,4877,119,True
54,1023,4758,4847,89,True
58,947,4758,4847,89,True
77,965,4758,4847,89,True
79,895,4758,4847,89,True
81,925,4758,4847,89,True
85,945,4758,4854,96,True
92,989,4758,4847,89,True
95,960,4758,4847,89,True
13,941,4759,4884,125,True
14,949,4759,4884,125,True
15,924,4759,4854,95,True
22,981,4759,4884,125,True
23,936,4759,4884,125,True
30,935,4759,4854,95,True
33,959,4759,4884,125,True
38,941,4759,4884,125,True
41,952,4759,4884,125,True
50,914,4759,4826,67,True
53,940,4759,4877,118,True
58,948,4759,4847,88,True
60,908,4759,4847,88,True
61,946,4759,4854,95,True
65,947,4759,4826,67,True
73,950,4759,4854,95,True
82,962,4759,4847,88,True
92,990,4759,4847,88,True
99,954,4759,4847,88,True
1,969,4760,4884,124,True
2,955,4760,4884,124,True
24,903,4760,4884,124,True
30,936,4760,4854,94,True
54,1024,4760,4847,87,True
57,930,4760,4854,94,True
66,919,4760,4877,117,True
72,954,4760,4854,94,True
73,951,4760,4854,94,True
87,923,4760,4847,87,True
94,963,4760,4847,87,True
97,979,4760,4847,87,True
0,979,4761,4884,123,True
1,970,4761,4884,123,True
11,960,4761,4884,123,True
16,999,4761,4854,93,True
25,942,4761,4884,123,True
26,923,4761,4884,123,True
30,937,4761,4854,93,True
31,944,4761,4854,93,True
35,954,4761,4910,149,True
37,955,4761,4884,123,True
42,1003,4761,4884,123,True
43,929,4761,4910,149,True
46,967,4761,4884,123,True
48,973,4761,4884,123,True
53,941,4761,4877,116,True
59,962,4761,4847,86,True
60,909,4761,4847,86,True
64,1012,4761,4854,93,True
66,920,4761,4877,116,True
72,955,4761,4854,93,True
79,896,4761,4847,86,True
81,926,4761,4847,86,True
0,980,4762,4884,122,True
7,896,4762,4884,122,True
8,925,4762,4884,122,True
9,997,4762,4884,122,True
10,963,4762,4884,122,True
13,942,4762,4884,122,True
15,925,4762,4854,92,True
19,914,4762,4910,148,True
26,924,4762,4884,122,True
33,960,4762,4884,122,True
37,956,4762,4884,122,True
38,942,4762,4884,122,True
43,930,4762,4910,148,True
47,921,4762,4884,122,True
50,915,4762,4826,64,True
53,942,4762,4877,115,True
58,949,4762,4847,85,True
60,910,4762,4847,85,True
62,939,4762,4847,85,True
64,1013,4762,4854,92,True
65,948,4762,4826,64,True
66,921,4762,4877,115,True
68,975,4762,4877,115,True
70,967,4762,4826,64,True
84,953,4762,4847,85,True
93,946,4762,4877,115,True
96,930,4762,4914,152,True
98,954,4762,4854,92,True
3,1000,4763,4884,121,True
13,943,4763,4884,121,True
15,926,4763,4854,91,True
18,967,4763,4910,147,True
19,915,4763,4910,147,True
20,913,4763,4854,91,True
21,938,4763,4884,121,True
22,982,4763,4884,121,True
40,1031,4763,4884,121,True
51,920,4763,4877,114,True
54,1025,4763,4847,84,True
55,897,4763,4877,114,True
56,945,4763,4847,84,True
61,947,4763,4854,91,True
65,949,4763,4826,63,True
76,954,4763,4826,63,True
83,929,4763,4877,114,True
88,983,4763,4914,151,True
7,897,4764,4884,120,True
8,926,4764,4884,120,True
12,965,4764,4884,120,True
13,944,4764,4884,120,True
22,983,4764,4884,120,True
24,904,4764,4884,120,True
29,927,4764,4884,120,True
35,955,4764,4910,146,True
37,957,4764,4884,120,True
38,943,4764,4884,120,True
41,953,4764,4884,120,True
46,968,4764,4884,120,True
47,922,4764,4884,120,True
48,974,4764,4884,120,True
54,1026,4764,4847,83,True
59,963,4764,4847,83,True
60,911,4764,4847,83,True
64,1014,4764,4854,90,True
79,897,4764,4847,83,True
81,927,4764,4847,83,True
97,980,4764,4847,83,True
8,927,4765,4884,119,True
9,998,4765,4884,119,True
10,964,4765,4884,119,True
13,945,4765,4884,119,True
16,1000,4765,4884,119,True
18,968,4765,4910,145,True
22,984,4765,4884,119,True
30,938,4765,4854,89,True
36,976,4765,4884,119,True
40,1032,4765,4884,119,True
44,980,4765,4884,119,True
47,923,4765,4884,119,True
48,975,4765,4884,119,True
52,949,4765,,,False
53,943,4765,4877,112,True
66,922,4765,4877,112,True
70,968,4765,4854,89,True
72,956,4765,4854,89,True
73,952,4765,4854,89,True
80,982,4765,4847,82,True
91,951,4765,4847,82,True
92,991,4765,4877,112,True
94,964,4765,4847,82,True
1,971,4766,4884,118,True
10,965,4766,4884,118,True
14,950,4766,4884,118,True
15,927,4766,4854,88,True
17,904,4766,4884,118,True
19,916,4766,4910,144,True
20,914,4766,4854,88,True
32,966,4766,4884,118,True
47,924,4766,4884,118,True
52,950,4766,,,False
57,931,4766,4854,88,True
58,950,4766,4847,81,True
59,964,4766,4847,81,True
60,912,4766,4877,111,True
69,965,4766,4847,81,True
70,969,4766,4854,88,True
71,941,4766,4877,111,True
78,967,4766,4877,111,True
88,984,4766,4914,148,True
89,956,4766,4847,81,True
95,961,4766,4847,81,True
0,981,4767,4884,117,True
9,999,4767,4884,117,True
10,966,4767,4884,117,True
14,951,4767,4884,117,True
15,928,4767,4854,87,True
16,1001,4767,4884,117,True
26,925,4767,4884,117,True
33,961,4767,4884,117,True
37,958,4767,4884,117,True
41,954,4767,4884,117,True
53,944,4767,4877,110,True
59,965,4767,4877,110,True
60,913,4767,4877,110,True
68,976,4767,4877,110,True
76,955,4767,4854,87,True
78,968,4767,4877,110,True
85,946,4767,4854,87,True
87,924,4767,4847,80,True
88,985,4767,4914,147,True
1,972,4768,4884,116,True
14,952,4768,4884,116,True
16,1002,4768,4884,116,True
19,917,4768,4910,142,True
21,939,4768,4884,116,True
24,905,4768,4884,116,True
32,967,4768,4884,116,True
33,962,4768,4884,116,True
42,1004,4768,4884,116,True
44,981,4768,4884,116,True
48,976,4768,4910,142,True
50,916,4768,4854,86,True
60,914,4768,4877,109,True
62,940,4768,4847,79,True
67,892,4768,4847,79,True
74,968,4768,4877,109,True
76,956,4768,4854,86,True
77,966,4768,4847,79,True
78,969,4768,4877,109,True
87,925,4768,4847,79,True
89,957,4768,4847,79,True
91,952,4768,4847,79,True
92,992,4768,4877,109,True
96,931,4768,4914,146,True
99,955,4768,4847,79,True
3,1001,4769,4884,115,True
6,951,4769,4910,141,True
18,969,4769,4910,141,True
22,985,4769,4884,115,True
31,945,4769,4884,115,True
36,977,4769,4937,168,True
41,955,4769,4884,115,True
50,917,4769,4854,85,True
53,945,4769,4877,108,True
59,966,4769,4877,108,True
62,941,4769,4847,78,True
63,976,4769,4877,108,True
68,977,4769,4877,108,True
79,898,4769,4847,78,True
82,963,4769,4847,78,True
90,954,4769,4877,108,True
94,965,4769,4847,78,True
14,953,4770,4884,114,True
18,970,4770,4910,140,True
19,918,4770,4910,140,True
37,959,4770,4884,114,True
45,917,4770,4910,140,True
47,925,4770,4884,114,True
48,977,4770,4910,140,True
49,961,4770,4884,114,True
53,946,4770,4877,107,True
55,898,4770,4877,107,True
56,946,4770,4847,77,True
60,915,4770,4877,107,True
61,948,4770,4854,84,True
67,893,4770,4914,144,True
70,970,4770,4854,84,True
72,957,4770,4854,84,True
73,953,4770,4854,84,True
85,947,4770,4854,84,True
87,926,4770,4847,77,True
88,986,4770,4914,144,True
89,958,4770,4877,107,True
92,993,4770,4877,107,True
96,932,4770,4914,144,True
1,973,4771,4884,113,True
8,928,4771,4884,113,True
9,1000,4771,4884,113,True
16,1003,4771,4884,113,True
24,906,4771,4884,113,True
29,928,4771,4884,113,True
34,953,4771,4910,139,True
38,944,4771,4884,113,True
41,956,4771,4884,113,True
45,918,4771,4910,139,True
54,1027,4771,4914,143,True
56,947,4771,4847,76,True
61,949,4771,4854,83,True
66,923,4771,4877,106,True
73,954,4771,4854,83,True
74,969,4771,4877,106,True
77,967,4771,4847,76,True
78,970,4771,4877,106,True
80,983,4771,4847,76,True
94,966,4771,4847,76,True
96,933,4771,4914,143,True
3,1002,4772,4884,112,True
4,948,4772,4884,112,True
6,952,4772,4910,138,True
8,929,4772,4884,112,True
15,929,4772,4854,82,True
16,1004,4772,4884,112,True
18,971,4772,4910,138,True
23,937,4772,4884,112,True
24,907,4772,4884,112,True
33,963,4772,4884,112,True
39,906,4772,4910,138,True
41,957,4772,4884,112,True
46,969,4772,4884,112,True
50,918,4772,4854,82,True
55,899,4772,4877,105,True
60,916,4772,4877,105,True
61,950,4772,4854,82,True
66,924,4772,4877,105,True
76,957,4772,4854,82,True
77,968,4772,4847,75,True
78,971,4772,4877,105,True
87,927,4772,4847,75,True
91,953,4772,4877,105,True
94,967,4772,4847,75,True
0,982,4773,4884,111,True
2,956,4773,4884,111,True
6,953,4773,4910,137,True
10,967,4773,4884,111,True
11,961,4773,4884,111,True
19,919,4773,4910,137,True
20,915,4773,4854,81,True
26,926,4773,4884,111,True
27,948,4773,4884,111,True
45,919,4773,4910,137,True
48,978,4773,4910,137,True
51,921,4773,4877,104,True
53,947,4773,4877,104,True
55,900,4773,4877,104,True
60,917,4773,4877,104,True
61,951,4773,4854,81,True
63,977,4773,4877,104,True
71,942,4773,4877,104,True
75,988,4773,4914,141,True
79,899,4773,4847,74,True
81,928,4773,4877,104,True
82,964,4773,4877,104,True
83,930,4773,4877,104,True
91,954,4773,4877,104,True
95,962,4773,4847,74,True
96,934,4773,4914,141,True
8,930,4774,4884,110,True
18,972,4774,4910,136,True
24,908,4774,4884,110,True
25,943,4774,4884,110,True
29,929,4774,4884,110,True
35,956,4774,4910,136,True
40,1033,4774,4884,110,True
44,982,4774,4884,110,True
45,920,4774,4910,136,True
46,970,4774,4884,110,True
47,926,4774,4884,110,True
54,1028,4774,4914,140,True
74,970,4774,4877,103,True
79,900,4774,4847,73,True
87,928,4774,4847,73,True
88,987,4774,4914,140,True
89,959,4774,4877,103,True
92,994,4774,4877,103,True
93,947,4774,4914,140,True
94,968,4774,4888,114,True
95,963,4774,4847,73,True
96,935,4774,4914,140,True
2,957,4775,4884,109,True
24,909,4775,4884,109,True
25,944,4775,4884,109,True
27,949,4775,4884,109,True
34,954,4775,4910,135,True
36,978,4775,4937,162,True
45,921,4775,4910,135,True
51,922,4775,4877,102,True
52,951,4775,,,False
57,932,4775,4854,79,True
58,951,4775,4877,102,True
66,925,4775,4877,102,True
67,894,4775,4914,139,True
72,958,4775,4854,79,True
77,969,4775,4847,72,True
80,984,4775,4847,72,True
81,929,4775,4877,102,True
88,988,4775,4914,139,True
96,936,4775,4914,139,True
99,956,4775,4877,102,True
6,954,4776,4910,134,True
20,916,4776,4854,78,True
30,939,4776,4910,134,True
43,931,4776,4910,134,True
44,983,4776,4884,108,True
45,922,4776,4910,134,True
48,979,4776,4910,134,True
68,978,4776,4877,101,True
69,966,4776,4877,101,True
70,971,4776,4854,78,True
73,955,4776,4854,78,True
75,989,4776,4914,138,True
80,985,4776,4847,71,True
86,950,4776,4854,78,True
0,983,4777,4884,107,True
1,974,4777,4884,107,True
4,949,4777,4884,107,True
7,898,4777,4884,107,True
12,966,4777,4937,160,True
29,930,4777,4884,107,True
30,940,4777,4910,133,True
34,955,4777,4910,133,True
43,932,4777,4910,133,True
44,984,4777,4884,107,True
49,962,4777,4884,107,True
53,948,4777,4877,100,True
56,948,4777,4847,70,True
62,942,4777,4877,100,True
65,950,4777,4854,77,True
70,972,4777,4854,77,True
71,943,4777,4877,100,True
72,959,4777,4854,77,True
79,901,4777,4854,77,True
86,951,4777,4854,77,True
93,948,4777,4914,137,True
98,955,4777,4854,77,True
2,958,4778,4884,106,True
3,1003,4778,4884,106,True
7,899,4778,4884,106,True
8,931,4778,4884,106,True
10,968,4778,4910,132,True
12,967,4778,4937,159,True
21,940,4778,4884,106,True
25,945,4778,4884,106,True
26,927,4778,4884,106,True
32,968,4778,4884,106,True
36,979,4778,4937,159,True
37,960,4778,4884,106,True
38,945,4778,4884,106,True
41,958,4778,4884,106,True
48,980,4778,4910,132,True
55,901,4778,4877,99,True
63,978,4778,4877,99,True
76,958,4778,4854,76,True
79,902,4778,4854,76,True
83,931,4778,4877,99,True
86,952,4778,4854,76,True
88,989,4778,4914,136,True
94,969,4778,4888,110,True
95,964,4778,4847,69,True
11,962,4779,4884,105,True
13,946,4779,4884,105,True
24,910,4779,4884,105,True
29,931,4779,4884,105,True
30,941,4779,4910,131,True
33,964,4779,4884,105,True
51,923,4779,4877,98,True
61,952,4779,4877,98,True
62,943,4779,4877,98,True
67,895,4779,4914,135,True
70,973,4779,4854,75,True
71,944,4779,4877,98,True
83,932,4779,4877,98,True
88,990,4779,4914,135,True
13,947,4780,4884,104,True
21,941,4780,4884,104,True
30,942,4780,4910,130,True
56,949,4780,4847,67,True
71,945,4780,4877,97,True
72,960,4780,4854,74,True
75,990,4780,4914,134,True
77,970,4780,4877,97,True
83,933,4780,4877,97,True
86,953,4780,4854,74,True
89,960,4780,4877,97,True
90,955,4780,4877,97,True
94,970,4780,4888,108,True
95,965,4780,4877,97,True
96,937,4780,4914,134,True
97,981,4780,4877,97,True
0,984,4781,4884,103,True
6,955,4781,4910,129,True
22,986,4781,4884,103,True
25,946,4781,4884,103,True
28,978,4781,4884,103,True
29,932,4781,4884,103,True
31,946,4781,4884,103,True
35,957,4781,4910,129,True
42,1005,4781,4884,103,True
48,981,4781,4910,129,True
51,924,4781,4877,96,True
52,952,4781,,,False
57,933,4781,4854,73,True
61,953,4781,4877,96,True
75,991,4781,4914,133,True
85,948,4781,4854,73,True
88,991,4781,4914,133,True
89,961,4781,4877,96,True
96,938,4781,4914,133,True
98,956,4781,4854,73,True
15,930,4782,4854,72,True
44,985,4782,4884,102,True
54,1029,4782,4914,132,True
57,934,4782,4854,72,True
62,944,4782,4877,95,True
67,896,4782,4914,132,True
80,986,4782,4877,95,True
84,954,4782,4877,95,True
87,929,4782,4847,65,True
12,968,4783,4937,154,True
14,954,4783,4884,101,True
15,931,4783,4854,71,True
19,920,4783,4910,127,True
20,917,4783,4854,71,True
28,979,4783,4884,101,True
44,986,4783,4884,101,True
50,919,4783,4877,94,True
60,918,4783,4877,94,True
77,971,4783,4877,94,True
81,930,4783,4877,94,True
90,956,4783,4877,94,True
96,939,4783,4914,131,True
98,957,4783,4854,71,True
0,985,4784,4884,100,True
2,959,4784,4910,126,True
5,929,4784,4910,126,True
8,932,4784,4884,100,True
9,1001,4784,4884,100,True
15,932,4784,4854,70,True
27,950,4784,4910,126,True
29,933,4784,4884,100,True
30,943,4784,4910,126,True
32,969,4784,4884,100,True
36,980,4784,4937,153,True
42,1006,4784,4884,100,True
47,927,4784,4884,100,True
49,963,4784,4884,100,True
62,945,4784,4877,93,True
65,951,4784,4854,70,True
66,926,4784,4877,93,True
72,961,4784,4854,70,True
79,903,4784,4877,93,True
82,965,4784,4877,93,True
86,954,4784,4854,70,True
87,930,4784,4847,63,True
91,955,4784,4914,130,True
92,995,4784,4877,93,True
2,960,4785,4910,125,True
4,950,4785,4884,99,True
7,900,4785,4910,125,True
9,1002,4785,4884,99,True
13,948,4785,4884,99,True
17,905,4785,4910,125,True
19,921,4785,4910,125,True
21,942,4785,4884,99,True
23,938,4785,4884,99,True
24,911,4785,4884,99,True
30,944,4785,4910,125,True
37,961,4785,4884,99,True
59,967,4785,4877,92,True
60,919,4785,4877,92,True
64,1015,4785,4854,69,True
67,897,4785,4914,129,True
68,979,4785,4877,92,True
69,967,4785,4877,92,True
77,972,4785,4877,92,True
78,972,4785,4877,92,True
80,987,4785,4877,92,True
89,962,4785,4877,92,True
92,996,4785,4877,92,True
94,971,4785,4888,103,True
96,940,4785,4914,129,True
97,982,4785,4914,129,True
4,951,4786,4884,98,True
5,930,4786,4910,124,True
19,922,4786,4910,124,True
28,980,4786,4910,124,True
31,947,4786,4884,98,True
35,958,4786,4910,124,True
41,959,4786,4910,124,True
44,987,4786,4910,124,True
48,982,4786,4910,124,True
49,964,4786,4884,98,True
54,1030,4786,4914,128,True
55,902,4786,4877,91,True
57,935,4786,4854,68,True
60,920,4786,4877,91,True
75,992,4786,4914,128,True
81,931,4786,4877,91,True
83,934,4786,4877,91,True
94,972,4786,4888,102,True
98,958,4786,4877,91,True
0,986,4787,4884,97,True
4,952,4787,4884,97,True
17,906,4787,4910,123,True
20,918,4787,4854,67,True
21,943,4787,4884,97,True
24,912,4787,4884,97,True
26,928,4787,4884,97,True
28,981,4787,4910,123,True
37,962,4787,4910,123,True
46,971,4787,4884,97,True
60,921,4787,4877,90,True
64,1016,4787,4854,67,True
67,898,4787,4914,127,True
84,955,4787,4877,90,True
89,963,4787,4877,90,True
92,997,4787,4877,90,True
93,949,4787,4914,127,True
96,941,4787,4914,127,True
1,975,4788,4884,96,True
7,901,4788,4910,122,True
14,955,4788,4884,96,True
15,933,4788,4910,122,True
19,923,4788,4910,122,True
25,947,4788,4884,96,True
31,948,4788,4884,96,True
36,981,4788,4937,149,True
38,946,4788,4910,122,True
45,923,4788,4910,122,True
48,983,4788,4910,122,True
49,965,4788,4884,96,True
52,953,4788,,,False
61,954,4788,4877,89,True
63,979,4788,4877,89,True
64,1017,4788,4854,66,True
74,971,4788,4877,89,True
78,973,4788,4877,89,True
80,988,4788,4877,89,True
1,976,4789,4884,95,True
3,1004,4789,4884,95,True
5,931,4789,4910,121,True
8,933,4789,4884,95,True
12,969,4789,4937,148,True
19,924,4789,4910,121,True
26,929,4789,4884,95,True
36,982,4789,4937,148,True
38,947,4789,4910,121,True
39,907,4789,4910,121,True
47,928,4789,4884,95,True
53,949,4789,4914,125,True
54,1031,4789,4914,125,True
58,952,4789,4877,88,True
64,1018,4789,4854,65,True
67,899,4789,4914,125,True
71,946,4789,4877,88,True
73,956,4789,4877,88,True
78,974,4789,4877,88,True
86,955,4789,4854,65,True
95,966,4789,4877,88,True
4,953,4790,4884,94,True
9,1003,4790,4910,120,True
10,969,4790,4910,120,True
15,934,4790,4910,120,True
23,939,4790,4910,120,True
25,948,4790,4937,147,True
35,959,4790,4910,120,True
39,908,4790,4910,120,True
42,1007,4790,4910,120,True
45,924,4790,4910,120,True
52,954,4790,,,False
56,950,4790,4877,87,True
62,946,4790,4877,87,True
78,975,4790,4877,87,True
82,966,4790,4877,87,True
84,956,4790,4877,87,True
99,957,4790,4877,87,True
0,987,4791,4884,93,True
1,977,4791,4884,93,True
9,1004,4791,4910,119,True
14,956,4791,4884,93,True
15,935,4791,4910,119,True
19,925,4791,4937,146,True
33,965,4791,4884,93,True
37,963,4791,4910,119,True
61,955,4791,4877,86,True
66,927,4791,4914,123,True
74,972,4791,4877,86,True
78,976,4791,4877,86,True
89,964,4791,4877,86,True
92,998,4791,4877,86,True
94,973,4791,4888,97,True
4,954,4792,4884,92,True
7,902,4792,4910,118,True
8,934,4792,4884,92,True
10,970,4792,4910,118,True
11,963,4792,4884,92,True
24,913,4792,4884,92,True
28,982,4792,4910,118,True
38,948,4792,4910,118,True
50,920,4792,4877,85,True
56,951,4792,4877,85,True
61,956,4792,4877,85,True
65,952,4792,4854,62,True
66,928,4792,4914,122,True
72,962,4792,4854,62,True
73,957,4792,4877,85,True
76,959,4792,4877,85,True
77,973,4792,4877,85,True
86,956,4792,4877,85,True
90,957,4792,4877,85,True
95,967,4792,4877,85,True
96,942,4792,4914,122,True
11,964,4793,4884,91,True
12,970,4793,4937,144,True
21,944,4793,4884,91,True
22,987,4793,4910,117,True
24,914,4793,4884,91,True
28,983,4793,4910,117,True
29,934,4793,4884,91,True
34,956,4793,4910,117,True
39,909,4793,4910,117,True
47,929,4793,4884,91,True
48,984,4793,4910,117,True
55,903,4793,4914,121,True
66,929,4793,4914,121,True
67,900,4793,4914,121,True
71,947,4793,4877,84,True
79,904,4793,4877,84,True
86,957,4793,4877,84,True
87,931,4793,4877,84,True
98,959,4793,4877,84,True
99,958,4793,4877,84,True
16,1005,4794,4910,116,True
17,907,4794,4910,116,True
24,915,4794,4884,90,True
26,930,4794,4910,116,True
31,949,4794,4910,116,True
34,957,4794,4910,116,True
36,983,4794,4937,143,True
39,910,4794,4910,116,True
45,925,4794,4910,116,True
48,985,4794,4910,116,True
49,966,4794,4884,90,True
56,952,4794,4877,83,True
59,968,4794,4877,83,True
70,974,4794,4854,60,True
89,965,4794,4877,83,True
92,999,4794,4877,83,True
2,961,4795,4937,142,True
5,932,4795,4910,115,True
8,935,4795,4884,89,True
10,971,4795,4937,142,True
13,949,4795,4910,115,True
19,926,4795,4937,142,True
32,970,4795,4937,142,True
38,949,4795,4910,115,True
43,933,4795,4910,115,True
61,957,4795,4877,82,True
64,1019,4795,4877,82,True
66,930,4795,4914,119,True
71,948,4795,4877,82,True
81,932,4795,4877,82,True
87,932,4795,4877,82,True
89,966,4795,4877,82,True
0,988,4796,4884,88,True
3,1005,4796,4910,114,True
9,1005,4796,4910,114,True
12,971,4796,4937,141,True
15,936,4796,4910,114,True
19,927,4796,4937,141,True
25,949,4796,4937,141,True
29,935,4796,4884,88,True
33,966,4796,4910,114,True
44,988,4796,4910,114,True
50,921,4796,4877,81,True
66,931,4796,4914,118,True
68,980,4796,4888,92,True
70,975,4796,4877,81,True
81,933,4796,4877,81,True
88,992,4796,4914,118,True
90,958,4796,4914,118,True
96,943,4796,4914,118,True
98,960,4796,4877,81,True
1,978,4797,4884,87,True
6,956,4797,4910,113,True
7,903,4797,4937,140,True
9,1006,4797,4910,113,True
13,950,4797,4910,113,True
31,950,4797,4910,113,True
39,911,4797,4910,113,True
42,1008,4797,4910,113,True
43,934,4797,4910,113,True
52,955,4797,,,False
57,936,4797,4884,87,True
70,976,4797,4877,80,True
77,974,4797,4877,80,True
79,905,4797,4877,80,True
85,949,4797,4877,80,True
88,993,4797,4914,117,True
91,956,4797,4914,117,True
96,944,4797,4914,117,True
99,959,4797,4877,80,True
7,904,4798,4937,139,True
13,951,4798,4910,112,True
14,957,4798,4884,86,True
26,931,4798,4910,112,True
27,951,4798,4910,112,True
38,950,4798,4910,112,True
40,1034,4798,4910,112,True
43,935,4798,4910,112,True
46,972,4798,4910,112,True
52,956,4798,,,False
55,904,4798,4914,116,True
56,953,4798,4877,79,True
68,981,4798,4888,90,True
71,949,4798,4877,79,True
73,958,4798,4877,79,True
91,957,4798,4914,116,True
98,961,4798,4877,79,True
1,979,4799,4884,85,True
3,1006,4799,4910,111,True
4,955,4799,4910,111,True
5,933,4799,4937,138,True
6,957,4799,4910,111,True
10,972,4799,4937,138,True
13,952,4799,4910,111,True
14,958,4799,4884,85,True
17,908,4799,4937,138,True
18,973,4799,4910,111,True
20,919,4799,4910,111,True
26,932,4799,4910,111,True
27,952,4799,4910,111,True
36,984,4799,4937,138,True
44,989,4799,4910,111,True
47,930,4799,4884,85,True
49,967,4799,4884,85,True
56,954,4799,4877,78,True
57,937,4799,4884,85,True
64,1020,4799,4877,78,True
69,968,4799,4877,78,True
71,950,4799,4877,78,True
82,967,4799,4888,89,True
85,950,4799,4877,78,True
91,958,4799,4914,115,True
96,945,4799,4914,115,True
97,983,4799,4914,115,True
0,989,4800,4884,84,True
10,973,4800,4937,137,True
11,965,4800,4910,110,True
16,1006,4800,4937,137,True
17,909,4800,4937,137,True
21,945,4800,4884,84,True
22,988,4800,4937,137,True
24,916,4800,4910,110,True
32,971,4800,4937,137,True
37,964,4800,4937,137,True
39,912,4800,4910,110,True
46,973,4800,4910,110,True
51,925,4800,4914,114,True
57,938,4800,4884,84,True
60,922,4800,4877,77,True
74,973,4800,4877,77,True
75,993,4800,4914,114,True
77,975,4800,4877,77,True
78,977,4800,4877,77,True
79,906,4800,4877,77,True
85,951,4800,4877,77,True
2,962,4801,4937,136,True
3,1007,4801,4910,109,True
8,936,4801,4910,109,True
11,966,4801,4910,109,True
12,972,4801,4937,136,True
20,920,4801,4910,109,True
25,950,4801,4937,136,True
34,958,4801,4910,109,True
37,965,4801,4937,136,True
42,1009,4801,4910,109,True
44,990,4801,4960,159,True
49,968,4801,4884,83,True
55,905,4801,4914,113,True
57,939,4801,4884,83,True
61,958,4801,4877,76,True
62,947,4801,4877,76,True
65,953,4801,4877,76,True
72,963,4801,4877,76,True
73,959,4801,4877,76,True
76,960,4801,4877,76,True
83,935,4801,4914,113,True
84,957,4801,4914,113,True
88,994,4801,4914,113,True
0,990,4802,4884,82,True
4,956,4802,4910,108,True
8,937,4802,4910,108,True
12,973,4802,4937,135,True
15,937,4802,4910,108,True
16,1007,4802,4937,135,True
17,910,4802,4937,135,True
18,974,4802,4910,108,True
23,940,4802,4910,108,True
28,984,4802,4937,135,True
38,951,4802,4910,108,True
40,1035,4802,4910,108,True
46,974,4802,4910,108,True
51,926,4802,4914,112,True
53,950,4802,4914,112,True
56,955,4802,4877,75,True
57,940,4802,4884,82,True
60,923,4802,4914,112,True
63,980,4802,4914,112,True
64,1021,4802,4877,75,True
65,954,4802,4877,75,True
70,977,4802,4877,75,True
71,951,4802,4877,75,True
85,952,4802,4877,75,True
97,984,4802,4914,112,True
1,980,4803,4884,81,True
7,905,4803,4937,134,True
11,967,4803,4910,107,True
14,959,4803,4884,81,True
17,911,4803,4937,134,True
25,951,4803,4937,134,True
27,953,4803,4910,107,True
30,945,4803,4910,107,True
36,985,4803,4937,134,True
42,1010,4803,4910,107,True
47,931,4803,4946,143,True
49,969,4803,4910,107,True
50,922,4803,4877,74,True
59,969,4803,4914,111,True
61,959,4803,4877,74,True
63,981,4803,4914,111,True
67,901,4803,4914,111,True
71,952,4803,4914,111,True
89,967,4803,4914,111,True
92,1000,4803,4914,111,True
98,962,4803,4884,81,True
0,991,4804,4884,80,True
1,981,4804,4884,80,True
4,957,4804,4910,106,True
9,1007,4804,4937,133,True
17,912,4804,4937,133,True
22,989,4804,4937,133,True
23,941,4804,4910,106,True
31,951,4804,4910,106,True
35,960,4804,4910,106,True
37,966,4804,4937,133,True
41,960,4804,4910,106,True
47,932,4804,4946,142,True
52,957,4804,,,False
64,1022,4804,4884,80,True
65,955,4804,4877,73,True
67,902,4804,4914,110,True
71,953,4804,4914,110,True
74,974,4804,4877,73,True
76,961,4804,4877,73,True
90,959,4804,4914,110,True
92,1001,4804,4914,110,True
0,992,4805,4910,105,True
2,963,4805,4937,132,True
9,1008,4805,4937,132,True
20,921,4805,4910,105,True
23,942,4805,4910,105,True
26,933,4805,4910,105,True
27,954,4805,4910,105,True
30,946,4805,4910,105,True
36,986,4805,4937,132,True
37,967,4805,4937,132,True
38,952,4805,4910,105,True
48,986,4805,4937,132,True
50,923,4805,4877,72,True
53,951,4805,4914,109,True
58,953,4805,4877,72,True
60,924,4805,4914,109,True
63,982,4805,4914,109,True
65,956,4805,4877,72,True
67,903,4805,4914,109,True
69,969,4805,4877,72,True
75,994,4805,4914,109,True
81,934,4805,4877,72,True
83,936,4805,4914,109,True
85,953,4805,4877,72,True
86,958,4805,4877,72,True
93,950,4805,4914,109,True
99,960,4805,4877,72,True
0,993,4806,4910,104,True
4,958,4806,4910,104,True
12,974,4806,4937,131,True
18,975,4806,4910,104,True
19,928,4806,4937,131,True
27,955,4806,4937,131,True
38,953,4806,4910,104,True
40,1036,4806,4937,131,True
44,991,4806,4960,154,True
55,906,4806,4914,108,True
58,954,4806,4877,71,True
60,925,4806,4914,108,True
85,954,4806,4877,71,True
88,995,4806,4914,108,True
91,959,4806,4914,108,True
93,951,4806,4914,108,True
98,963,4806,4884,78,True
1,982,4807,4884,77,True
14,960,4807,4884,77,True
15,938,4807,4910,103,True
19,929,4807,4937,130,True
21,946,4807,4910,103,True
25,952,4807,4937,130,True
27,956,4807,4937,130,True
28,985,4807,4937,130,True
37,968,4807,4937,130,True
41,961,4807,4937,130,True
44,992,4807,4960,153,True
46,975,4807,4937,130,True
52,958,4807,,,False
53,952,4807,4914,107,True
55,907,4807,4914,107,True
75,995,4807,4914,107,True
84,958,4807,4914,107,True
85,955,4807,4877,70,True
89,968,4807,4914,107,True
93,952,4807,4914,107,True
94,974,4807,4888,81,True
95,968,4807,4914,107,True
12,975,4808,4937,129,True
23,943,4808,4910,102,True
27,957,4808,4937,129,True
46,976,4808,4937,129,True
50,924,4808,4877,69,True
63,983,4808,4914,106,True
64,1023,4808,4884,76,True
66,932,4808,4914,106,True
68,982,4808,4888,80,True
76,962,4808,4877,69,True
80,989,4808,4914,106,True
86,959,4808,4877,69,True
95,969,4808,4914,106,True
6,958,4809,4910,101,True
10,974,4809,4946,137,True
19,930,4809,4937,128,True
25,953,4809,4937,128,True
29,936,4809,4884,75,True
31,952,4809,4937,128,True
39,913,4809,4946,137,True
40,1037,4809,4937,128,True
56,956,4809,4877,68,True
64,1024,4809,4884,75,True
65,957,4809,4877,68,True
73,960,4809,4877,68,True
75,996,4809,4914,105,True
88,996,4809,4914,105,True
95,970,4809,4914,105,True
24,917,4810,4910,100,True
25,954,4810,4937,127,True
26,934,4810,4937,127,True
37,969,4810,4937,127,True
38,954,4810,4937,127,True
39,914,4810,4946,136,True
47,933,4810,4946,136,True
52,959,4810,,,False
63,984,4810,4914,104,True
64,1025,4810,4884,74,True
72,964,4810,4888,78,True
79,907,4810,4877,67,True
84,959,4810,4914,104,True
87,933,4810,4877,67,True
90,960,4810,4914,104,True
1,983,4811,4884,73,True
6,959,4811,4910,99,True
10,975,4811,4946,135,True
19,931,4811,4937,126,True
29,937,4811,4884,73,True
35,961,4811,4910,99,True
44,993,4811,4960,149,True
45,926,4811,4910,99,True
49,970,4811,4910,99,True
53,953,4811,4914,103,True
55,908,4811,4914,103,True
56,957,4811,4914,103,True
67,904,4811,4914,103,True
77,976,4811,4914,103,True
80,990,4811,4914,103,True
81,935,4811,4877,66,True
87,934,4811,4877,66,True
7,906,4812,4937,125,True
10,976,4812,4946,134,True
13,953,4812,4910,98,True
18,976,4812,4937,125,True
20,922,4812,4910,98,True
21,947,4812,4910,98,True
22,990,4812,4937,125,True
23,944,4812,4937,125,True
31,953,4812,4937,125,True
35,962,4812,4910,98,True
36,987,4812,4937,125,True
41,962,4812,4937,125,True
43,936,4812,4937,125,True
54,1032,4812,4914,102,True
58,955,4812,4914,102,True
59,970,4812,4914,102,True
63,985,4812,4914,102,True
76,963,4812,4914,102,True
77,977,4812,4914,102,True
79,908,4812,4877,65,True
83,937,4812,4914,102,True
92,1002,4812,4914,102,True
94,975,4812,4914,102,True
98,964,4812,4884,72,True
1,984,4813,4884,71,True
5,934,4813,4937,124,True
8,938,4813,4910,97,True
11,968,4813,4910,97,True
14,961,4813,4884,71,True
20,923,4813,4910,97,True
31,954,4813,4937,124,True
37,970,4813,4937,124,True
39,915,4813,4946,133,True
50,925,4813,4877,64,True
64,1026,4813,4884,71,True
65,958,4813,4877,64,True
66,933,4813,4914,101,True
84,960,4813,4914,101,True
87,935,4813,4877,64,True
88,997,4813,4914,101,True
90,961,4813,4914,101,True
3,1008,4814,4937,123,True
7,907,4814,4937,123,True
11,969,4814,4910,96,True
16,1008,4814,4937,123,True
26,935,4814,4937,123,True
30,947,4814,4910,96,True
34,959,4814,4910,96,True
36,988,4814,4937,123,True
47,934,4814,4946,132,True
52,960,4814,,,False
53,954,4814,4914,100,True
57,941,4814,4884,70,True
59,971,4814,4914,100,True
67,905,4814,4914,100,True
76,964,4814,4914,100,True
77,978,4814,4914,100,True
78,978,4814,4914,100,True
85,956,4814,4877,63,True
87,936,4814,4877,63,True
88,998,4814,4914,100,True
96,946,4814,4914,100,True
97,985,4814,4914,100,True
0,994,4815,4910,95,True
3,1009,4815,4937,122,True
7,908,4815,4937,122,True
18,977,4815,4937,122,True
19,932,4815,4937,122,True
22,991,4815,4937,122,True
38,955,4815,4937,122,True
39,916,4815,4946,131,True
49,971,4815,4910,95,True
62,948,4815,4914,99,True
66,934,4815,4914,99,True
69,970,4815,4914,99,True
73,961,4815,4877,62,True
74,975,4815,4914,99,True
83,938,4815,4914,99,True
88,999,4815,4914,99,True
93,953,4815,4914,99,True
94,976,4815,4914,99,True
10,977,4816,4946,130,True
13,954,4816,4937,121,True
14,962,4816,4910,94,True
16,1009,4816,4937,121,True
19,933,4816,4937,121,True
25,955,4816,4937,121,True
30,948,4816,4910,94,True
37,971,4816,4937,121,True
46,977,4816,4937,121,True
50,926,4816,4877,61,True
63,986,4816,4914,98,True
67,906,4816,4914,98,True
68,983,4816,4914,98,True
70,978,4816,4910,94,True
77,979,4816,4914,98,True
80,991,4816,4914,98,True
85,957,4816,4877,61,True
86,960,4816,4877,61,True
88,1000,4816,4914,98,True
93,954,4816,4914,98,True
95,971,4816,4914,98,True
99,961,4816,4914,98,True
6,960,4817,4937,120,True
14,963,4817,4910,93,True
23,945,4817,4937,120,True
25,956,4817,4937,120,True
27,958,4817,4937,120,True
42,1011,4817,4937,120,True
46,978,4817,4937,120,True
48,987,4817,4937,120,True
50,927,4817,4877,60,True
54,1033,4817,4914,97,True
71,954,4817,4914,97,True
72,965,4817,4888,71,True
74,976,4817,4914,97,True
78,979,4817,4914,97,True
94,977,4817,4914,97,True
3,1010,4818,4937,119,True
7,909,4818,4937,119,True
8,939,4818,4910,92,True
12,976,4818,4937,119,True
17,913,4818,4937,119,True
24,918,4818,4910,92,True
33,967,4818,4910,92,True
38,956,4818,4937,119,True
43,937,4818,4937,119,True
45,927,4818,4910,92,True
47,935,4818,4946,128,True
49,972,4818,4910,92,True
50,928,4818,4877,59,True
53,955,4818,4914,96,True
54,1034,4818,4914,96,True
59,972,4818,4914,96,True
67,907,4818,4914,96,True
78,980,4818,4914,96,True
81,936,4818,4914,96,True
84,961,4818,4914,96,True
86,961,4818,4877,59,True
89,969,4818,4914,96,True
92,1003,4818,4914,96,True
98,965,4818,4888,70,True
6,961,4819,4937,118,True
8,940,4819,4910,91,True
10,978,4819,4946,127,True
11,970,4819,4910,91,True
19,934,4819,4937,118,True
21,948,4819,4910,91,True
22,992,4819,4937,118,True
23,946,4819,4937,118,True
26,936,4819,4937,118,True
28,986,4819,4937,118,True
30,949,4819,4937,118,True
36,989,4819,4937,118,True
37,972,4819,4937,118,True
39,917,4819,4946,127,True
44,994,4819,4960,141,True
45,928,4819,4910,91,True
47,936,4819,4946,127,True
48,988,4819,4937,118,True
56,958,4819,4914,95,True
68,984,4819,4914,95,True
72,966,4819,4888,69,True
74,977,4819,4914,95,True
78,981,4819,4914,95,True
84,962,4819,4914,95,True
85,958,4819,4914,95,True
90,962,4819,4914,95,True
91,960,4819,4914,95,True
0,995,4820,4910,90,True
3,1011,4820,4937,117,True
6,962,4820,4937,117,True
8,941,4820,4910,90,True
12,977,4820,4937,117,True
14,964,4820,4910,90,True
15,939,4820,4910,90,True
23,947,4820,4937,117,True
27,959,4820,4937,117,True
31,955,4820,4946,126,True
40,1038,4820,4946,126,True
60,926,4820,4914,94,True
63,987,4820,4914,94,True
65,959,4820,4877,57,True
68,985,4820,4914,94,True
75,997,4820,4914,94,True
76,965,4820,4914,94,True
77,980,4820,4914,94,True
80,992,4820,4914,94,True
87,937,4820,4914,94,True
89,970,4820,4914,94,True
90,963,4820,4914,94,True
2,964,4821,4937,116,True
16,1010,4821,4937,116,True
19,935,4821,4937,116,True
20,924,4821,4910,89,True
22,993,4821,4937,116,True
30,950,4821,4937,116,True
31,956,4821,4946,125,True
34,960,4821,4910,89,True
35,963,4821,4910,89,True
41,963,4821,4937,116,True
46,979,4821,4937,116,True
50,929,4821,4914,93,True
54,1035,4821,4914,93,True
59,973,4821,4914,93,True
62,949,4821,4914,93,True
68,986,4821,4914,93,True
73,962,4821,4877,56,True
74,978,4821,4914,93,True
85,959,4821,4914,93,True
87,938,4821,4914,93,True
90,964,4821,4914,93,True
93,955,4821,4914,93,True
99,962,4821,4914,93,True
5,935,4822,4937,115,True
9,1009,4822,4946,124,True
10,979,4822,4946,124,True
14,965,4822,4910,88,True
19,936,4822,4946,124,True
25,957,4822,4937,115,True
28,987,4822,4937,115,True
34,961,4822,4910,88,True
35,964,4822,4910,88,True
43,938,4822,4937,115,True
51,927,4822,4914,92,True
55,909,4822,4914,92,True
56,959,4822,4914,92,True
59,974,4822,4914,92,True
60,927,4822,4914,92,True
62,950,4822,4914,92,True
64,1027,4822,4884,62,True
76,966,4822,4914,92,True
82,968,4822,4914,92,True
98,966,4822,4888,66,True
99,963,4822,4914,92,True
6,963,4823,4937,114,True
16,1011,4823,4937,114,True
17,914,4823,4937,114,True
18,978,4823,4937,114,True
22,994,4823,4946,123,True
26,937,4823,4937,114,True
28,988,4823,4937,114,True
30,951,4823,4937,114,True
36,990,4823,4937,114,True
40,1039,4823,4946,123,True
44,995,4823,4960,137,True
50,930,4823,4914,91,True
59,975,4823,4914,91,True
65,960,4823,4877,54,True
70,979,4823,4910,87,True
71,955,4823,4914,91,True
76,967,4823,4914,91,True
86,962,4823,4888,65,True
90,965,4823,4914,91,True
5,936,4824,4937,113,True
6,964,4824,4937,113,True
14,966,4824,4910,86,True
15,940,4824,4910,86,True
18,979,4824,4937,113,True
20,925,4824,4910,86,True
21,949,4824,4960,136,True
27,960,4824,4937,113,True
29,938,4824,4910,86,True
38,957,4824,4946,122,True
49,973,4824,4937,113,True
54,1036,4824,4914,90,True
59,976,4824,4914,90,True
78,982,4824,4914,90,True
81,937,4824,4914,90,True
82,969,4824,4914,90,True
87,939,4824,4914,90,True
92,1004,4824,4914,90,True
97,986,4824,4914,90,True
98,967,4824,4888,64,True
4,959,4825,4937,112,True
11,971,4825,4937,112,True
12,978,4825,4937,112,True
14,967,4825,4910,85,True
23,948,4825,4937,112,True
25,958,4825,4937,112,True
26,938,4825,4937,112,True
28,989,4825,4946,121,True
33,968,4825,4910,85,True
40,1040,4825,4946,121,True
44,996,4825,4960,135,True
49,974,4825,4937,112,True
54,1037,4825,4914,89,True
56,960,4825,4914,89,True
61,960,4825,4888,63,True
65,961,4825,4877,52,True
66,935,4825,4914,89,True
67,908,4825,4914,89,True
68,987,4825,4914,89,True
71,956,4825,4914,89,True
74,979,4825,4914,89,True
84,963,4825,4914,89,True
89,971,4825,4914,89,True
96,947,4825,4914,89,True
0,996,4826,4910,84,True
1,985,4826,4946,120,True
6,965,4826,4937,111,True
9,1010,4826,4946,120,True
14,968,4826,4910,84,True
21,950,4826,4960,134,True
22,995,4826,4946,120,True
31,957,4826,4946,120,True
35,965,4826,4910,84,True
37,973,4826,4937,111,True
43,939,4826,4946,120,True
44,997,4826,4960,134,True
45,929,4826,4910,84,True
46,980,4826,4937,111,True
53,956,4826,4914,88,True
55,910,4826,4914,88,True
67,909,4826,4914,88,True
70,980,4826,4910,84,True
73,963,4826,4914,88,True
74,980,4826,4914,88,True
77,981,4826,4914,88,True
79,909,4826,4914,88,True
83,939,4826,4914,88,True
87,940,4826,4914,88,True
90,966,4826,4914,88,True
92,1005,4826,4914,88,True
3,1012,4827,4937,110,True
9,1011,4827,4946,119,True
19,937,4827,4946,119,True
36,991,4827,4937,110,True
37,974,4827,4937,110,True
44,998,4827,4960,133,True
53,957,4827,4914,87,True
70,981,4827,4910,83,True
74,981,4827,4914,87,True
86,963,4827,4888,61,True
90,967,4827,4914,87,True
92,1006,4827,4914,87,True
94,978,4827,4914,87,True
97,987,4827,4914,87,True
4,960,4828,4937,109,True
8,942,4828,4937,109,True
12,979,4828,4937,109,True
17,915,4828,4946,118,True
27,961,4828,4937,109,True
29,939,4828,4910,82,True
30,952,4828,4937,109,True
34,962,4828,4910,82,True
41,964,4828,4937,109,True
45,930,4828,4910,82,True
46,981,4828,4960,132,True
49,975,4828,4937,109,True
50,931,4828,4914,86,True
51,928,4828,4914,86,True
52,961,4828,,,False
53,958,4828,4914,86,True
61,961,4828,4888,60,True
74,982,4828,4914,86,True
79,910,4828,4914,86,True
81,938,4828,4914,86,True
84,964,4828,4914,86,True
10,980,4829,4946,117,True
12,980,4829,4937,108,True
13,955,4829,4937,108,True
16,1012,4829,4937,108,True
23,949,4829,4960,131,True
27,962,4829,4937,108,True
34,963,4829,4910,81,True
38,958,4829,4946,117,True
40,1041,4829,4946,117,True
44,999,4829,4960,131,True
46,982,4829,4960,131,True
50,932,4829,4914,85,True
63,988,4829,4914,85,True
68,988,4829,4914,85,True
73,964,4829,4914,85,True
75,998,4829,4914,85,True
77,982,4829,4914,85,True
87,941,4829,4914,85,True
90,968,4829,4914,85,True
92,1007,4829,4914,85,True
99,964,4829,4914,85,True
2,965,4830,4946,116,True
4,961,4830,4937,107,True
16,1013,4830,4937,107,True
18,980,4830,4937,107,True
20,926,4830,4910,80,True
24,919,4830,4937,107,True
26,939,4830,4937,107,True
31,958,4830,4946,116,True
40,1042,4830,4946,116,True
58,956,4830,4914,84,True
60,928,4830,4914,84,True
66,936,4830,4914,84,True
71,957,4830,4914,84,True
73,965,4830,4914,84,True
74,983,4830,4914,84,True
76,968,4830,4914,84,True
78,983,4830,4914,84,True
79,911,4830,4914,84,True
83,940,4830,4914,84,True
0,997,4831,4960,129,True
7,910,4831,4946,115,True
10,981,4831,4946,115,True
14,969,4831,4910,79,True
19,938,4831,4946,115,True
20,927,4831,4910,79,True
30,953,4831,4937,106,True
31,959,4831,4946,115,True
32,972,4831,4937,106,True
33,969,4831,4946,115,True
34,964,4831,4910,79,True
39,918,4831,4946,115,True
41,965,4831,4946,115,True
51,929,4831,4914,83,True
54,1038,4831,4914,83,True
60,929,4831,4914,83,True
61,962,4831,4888,57,True
64,1028,4831,4910,79,True
69,971,4831,4914,83,True
78,984,4831,4914,83,True
79,912,4831,4914,83,True
84,965,4831,4914,83,True
85,960,4831,4914,83,True
88,1001,4831,4914,83,True
89,972,4831,4914,83,True
91,961,4831,4914,83,True
94,979,4831,4914,83,True
96,948,4831,4914,83,True
99,965,4831,4914,83,True
2,966,4832,4946,114,True
7,911,4832,4946,114,True
8,943,4832,4946,114,True
29,940,4832,4910,78,True
36,992,4832,4946,114,True
47,937,4832,4946,114,True
51,930,4832,4914,82,True
60,930,4832,4914,82,True
63,989,4832,4914,82,True
68,989,4832,4914,82,True
73,966,4832,4914,82,True
74,984,4832,4914,82,True
78,985,4832,4914,82,True
80,993,4832,4914,82,True
83,941,4832,4914,82,True
91,962,4832,4914,82,True
93,956,4832,4914,82,True
94,980,4832,4914,82,True
96,949,4832,4914,82,True
98,968,4832,4901,69,True
6,966,4833,4937,104,True
20,928,4833,4910,77,True
26,940,4833,4937,104,True
28,990,4833,4946,113,True
37,975,4833,4937,104,True
39,919,4833,4946,113,True
44,1000,4833,4960,127,True
45,931,4833,4910,77,True
51,931,4833,4914,81,True
59,977,4833,4914,81,True
75,999,4833,4914,81,True
76,969,4833,4914,81,True
77,983,4833,4914,81,True
80,994,4833,4914,81,True
88,1002,4833,4914,81,True
89,973,4833,4914,81,True
1,986,4834,4946,112,True
14,970,4834,4910,76,True
15,941,4834,4910,76,True
21,951,4834,4960,126,True
26,941,4834,4946,112,True
28,991,4834,4946,112,True
34,965,4834,4910,76,True
36,993,4834,4946,112,True
41,966,4834,4946,112,True
42,1012,4834,4937,103,True
48,989,4834,4946,112,True
50,933,4834,4914,80,True
53,959,4834,4914,80,True
60,931,4834,4914,80,True
62,951,4834,4914,80,True
69,972,4834,4914,80,True
72,967,4834,4910,76,True
77,984,4834,4914,80,True
78,986,4834,4914,80,True
80,995,4834,4914,80,True
83,942,4834,4914,80,True
93,957,4834,4914,80,True
9,1012,4835,4946,111,True
12,981,4835,4946,111,True
20,929,4835,4910,75,True
22,996,4835,4946,111,True
25,959,4835,4946,111,True
28,992,4835,4946,111,True
31,960,4835,4946,111,True
40,1043,4835,4946,111,True
44,1001,4835,4960,125,True
46,983,4835,4960,125,True
55,911,4835,4965,130,True
57,942,4835,4910,75,True
65,962,4835,4914,79,True
72,968,4835,4910,75,True
76,970,4835,4914,79,True
78,987,4835,4914,79,True
83,943,4835,4914,79,True
92,1008,4835,4914,79,True
97,988,4835,4914,79,True
12,982,4836,4946,110,True
17,916,4836,4946,110,True
20,930,4836,4910,74,True
30,954,4836,4937,101,True
34,966,4836,4910,74,True
38,959,4836,4946,110,True
41,967,4836,4946,110,True
54,1039,4836,4914,78,True
60,932,4836,4914,78,True
68,990,4836,4914,78,True
70,982,4836,4910,74,True
71,958,4836,4914,78,True
73,967,4836,4914,78,True
76,971,4836,4914,78,True
77,985,4836,4914,78,True
82,970,4836,4914,78,True
87,942,4836,4914,78,True
90,969,4836,4914,78,True
2,967,4837,4946,109,True
5,937,4837,4946,109,True
9,1013,4837,4946,109,True
17,917,4837,4946,109,True
22,997,4837,4946,109,True
25,960,4837,4946,109,True
29,941,4837,4910,73,True
32,973,4837,4960,123,True
33,970,4837,4960,123,True
36,994,4837,4946,109,True
38,960,4837,4946,109,True
48,990,4837,4946,109,True
51,932,4837,4914,77,True
63,990,4837,4914,77,True
64,1029,4837,4910,73,True
79,913,4837,4914,77,True
82,971,4837,4914,77,True
89,974,4837,4914,77,True
91,963,4837,4914,77,True
14,971,4838,4910,72,True
25,961,4838,4946,108,True
26,942,4838,4946,108,True
31,961,4838,4946,108,True
35,966,4838,4946,108,True
41,968,4838,4946,108,True
45,932,4838,4910,72,True
49,976,4838,4960,122,True
53,960,4838,4914,76,True
57,943,4838,4910,72,True
58,957,4838,4914,76,True
62,952,4838,4914,76,True
63,991,4838,4914,76,True
69,973,4838,4914,76,True
77,986,4838,4914,76,True
89,975,4838,4914,76,True
90,970,4838,4914,76,True
92,1009,4838,4914,76,True
10,982,4839,4946,107,True
11,972,4839,4960,121,True
15,942,4839,4937,98,True
23,950,4839,4960,121,True
29,942,4839,4960,121,True
37,976,4839,4937,98,True
49,977,4839,4960,121,True
52,962,4839,,,False
53,961,4839,4914,75,True
54,1040,4839,4914,75,True
55,912,4839,4965,126,True
56,961,4839,4914,75,True
59,978,4839,4914,75,True
63,992,4839,4914,75,True
64,1030,4839,4910,71,True
66,937,4839,4914,75,True
72,969,4839,4910,71,True
74,985,4839,4914,75,True
75,1000,4839,4914,75,True
89,976,4839,4914,75,True
96,950,4839,4914,75,True
6,967,4840,4960,120,True
8,944,4840,4960,120,True
14,972,4840,4960,120,True
19,939,4840,4946,106,True
22,998,4840,4946,106,True
23,951,4840,4960,120,True
27,963,4840,4937,97,True
30,955,4840,4937,97,True
37,977,4840,4960,120,True
44,1002,4840,4960,120,True
52,963,4840,,,False
57,944,4840,4910,70,True
67,910,4840,4914,74,True
72,970,4840,4910,70,True
79,914,4840,4914,74,True
80,996,4840,4914,74,True
81,939,4840,4914,74,True
91,964,4840,4914,74,True
94,981,4840,4930,90,True
95,972,4840,4914,74,True
98,969,4840,4914,74,True
7,912,4841,4946,105,True
9,1014,4841,4946,105,True
14,973,4841,4960,119,True
19,940,4841,4946,105,True
33,971,4841,4960,119,True
41,969,4841,4946,105,True
42,1013,4841,4937,96,True
46,984,4841,4960,119,True
47,938,4841,4946,105,True
48,991,4841,4946,105,True
50,934,4841,4914,73,True
65,963,4841,4914,73,True
69,974,4841,4914,73,True
70,983,4841,4910,69,True
72,971,4841,4910,69,True
73,968,4841,4914,73,True
75,1001,4841,4914,73,True
80,997,4841,4914,73,True
95,973,4841,4914,73,True
97,989,4841,4914,73,True
1,987,4842,4946,104,True
8,945,4842,4960,118,True
18,981,4842,4946,104,True
23,952,4842,4960,118,True
40,1044,4842,4946,104,True
47,939,4842,4960,118,True
49,978,4842,4960,118,True
51,933,4842,4930,88,True
52,964,4842,,,False
54,1041,4842,4914,72,True
56,962,4842,4914,72,True
57,945,4842,4910,68,True
58,958,4842,4914,72,True
61,963,4842,4910,68,True
64,1031,4842,4910,68,True
65,964,4842,4914,72,True
67,911,4842,4914,72,True
74,986,4842,4914,72,True
78,988,4842,4914,72,True
80,998,4842,4914,72,True
91,965,4842,4914,72,True
99,966,4842,4914,72,True
1,988,4843,4946,103,True
2,968,4843,4946,103,True
5,938,4843,4946,103,True
7,913,4843,4946,103,True
9,1015,4843,4946,103,True
10,983,4843,4946,103,True
13,956,4843,4946,103,True
33,972,4843,4960,117,True
34,967,4843,4910,67,True
42,1014,4843,4946,103,True
47,940,4843,4960,117,True
56,963,4843,4914,71,True
58,959,4843,4914,71,True
61,964,4843,4910,67,True
63,993,4843,4914,71,True
68,991,4843,4914,71,True
88,1003,4843,4965,122,True
91,966,4843,4914,71,True
95,974,4843,4914,71,True
97,990,4843,4914,71,True
98,970,4843,4914,71,True
7,914,4844,4946,102,True
10,984,4844,4946,102,True
11,973,4844,4960,116,True
12,983,4844,4946,102,True
19,941,4844,4946,102,True
20,931,4844,4910,66,True
30,956,4844,4937,93,True
37,978,4844,4960,116,True
39,920,4844,4946,102,True
40,1045,4844,4946,102,True
44,1003,4844,4960,116,True
49,979,4844,4960,116,True
50,935,4844,4937,93,True
53,962,4844,4965,121,True
54,1042,4844,4914,70,True
62,953,4844,4914,70,True
65,965,4844,4914,70,True
66,938,4844,4914,70,True
70,984,4844,4910,66,True
77,987,4844,4914,70,True
83,944,4844,4914,70,True
84,966,4844,4914,70,True
98,971,4844,4914,70,True
1,989,4845,4960,115,True
13,957,4845,4946,101,True
15,943,4845,4937,92,True
17,918,4845,4946,101,True
18,982,4845,4946,101,True
24,920,4845,4937,92,True
27,964,4845,4946,101,True
30,957,4845,4937,92,True
32,974,4845,4960,115,True
37,979,4845,4960,115,True
41,970,4845,4946,101,True
61,965,4845,4910,65,True
67,912,4845,4914,69,True
71,959,4845,4914,69,True
77,988,4845,4914,69,True
78,989,4845,4914,69,True
80,999,4845,4914,69,True
84,967,4845,4914,69,True
89,977,4845,4965,120,True
6,968,4846,4960,114,True
13,958,4846,4946,100,True
14,974,4846,4960,114,True
16,1014,4846,4960,114,True
17,919,4846,4946,100,True
24,921,4846,4937,91,True
29,943,4846,4960,114,True
31,962,4846,4946,100,True
34,968,4846,4910,64,True
38,961,4846,4946,100,True
47,941,4846,4960,114,True
49,980,4846,4960,114,True
64,1032,4846,4914,68,True
74,987,4846,4914,68,True
77,989,4846,4914,68,True
80,1000,4846,4914,68,True
93,958,4846,4914,68,True
95,975,4846,4914,68,True
98,972,4846,4914,68,True
0,998,4847,4960,113,True
7,915,4847,4946,99,True
17,920,4847,4946,99,True
19,942,4847,4946,99,True
38,962,4847,4946,99,True
41,971,4847,4946,99,True
57,946,4847,4937,90,True
58,960,4847,4914,67,True
62,954,4847,4914,67,True
72,972,4847,4914,67,True
77,990,4847,4914,67,True
78,990,4847,4914,67,True
80,1001,4847,4914,67,True
83,945,4847,4914,67,True
86,964,4847,4914,67,True
87,943,4847,4914,67,True
91,967,4847,4914,67,True
92,1010,4847,4914,67,True
0,999,4848,4960,112,True
1,990,4848,4960,112,True
7,916,4848,4946,98,True
13,959,4848,4946,98,True
24,922,4848,4946,98,True
26,943,4848,4960,112,True
27,965,4848,4946,98,True
28,993,4848,4946,98,True
37,980,4848,4960,112,True
45,933,4848,4937,89,True
46,985,4848,4960,112,True
64,1033,4848,4914,66,True
65,966,4848,4914,66,True
72,973,4848,4914,66,True
85,961,4848,4937,89,True
89,978,4848,4965,117,True
90,971,4848,4914,66,True
2,969,4849,4946,97,True
3,1013,4849,4960,111,True
7,917,4849,4946,97,True
11,974,4849,4960,111,True
14,975,4849,4960,111,True
17,921,4849,4946,97,True
32,975,4849,4960,111,True
35,967,4849,4946,97,True
49,981,4849,4960,111,True
56,964,4849,4914,65,True
63,994,4849,4914,65,True
64,1034,4849,4914,65,True
75,1002,4849,4914,65,True
83,946,4849,4914,65,True
84,968,4849,4914,65,True
87,944,4849,4914,65,True
88,1004,4849,4965,116,True
89,979,4849,4965,116,True
96,951,4849,4914,65,True
6,969,4850,4960,110,True
7,918,4850,4946,96,True
8,946,4850,4960,110,True
18,983,4850,4946,96,True
19,943,4850,4946,96,True
24,923,4850,4946,96,True
25,962,4850,4946,96,True
29,944,4850,4960,110,True
39,921,4850,4946,96,True
48,992,4850,4946,96,True
50,936,4850,4937,87,True
58,961,4850,4914,64,True
63,995,4850,4965,115,True
70,985,4850,4914,64,True
72,974,4850,4914,64,True
75,1003,4850,4914,64,True
84,969,4850,4914,64,True
87,945,4850,4914,64,True
90,972,4850,4914,64,True
92,1011,4850,4914,64,True
99,967,4850,4914,64,True
6,970,4851,4960,109,True
10,985,4851,4946,95,True
13,960,4851,4946,95,True
25,963,4851,4946,95,True
31,963,4851,4946,95,True
34,969,4851,4946,95,True
38,963,4851,4946,95,True
42,1015,4851,4946,95,True
44,1004,4851,4960,109,True
47,942,4851,4960,109,True
52,965,4851,,,False
59,979,4851,4914,63,True
60,933,4851,4914,63,True
61,966,4851,4910,59,True
62,955,4851,4914,63,True
67,913,4851,4914,63,True
68,992,4851,4914,63,True
73,969,4851,4937,86,True
75,1004,4851,4914,63,True
76,972,4851,4937,86,True
82,972,4851,4930,79,True
95,976,4851,4990,139,True
0,1000,4852,4960,108,True
4,962,4852,4960,108,True
8,947,4852,4960,108,True
19,944,4852,4946,94,True
21,952,4852,4960,108,True
23,953,4852,4960,108,True
29,945,4852,4960,108,True
32,976,4852,4960,108,True
37,981,4852,4960,108,True
39,922,4852,4946,94,True
57,947,4852,4937,85,True
62,956,4852,4914,62,True
71,960,4852,4914,62,True
74,988,4852,4914,62,True
75,1005,4852,4914,62,True
78,991,4852,4914,62,True
79,915,4852,4914,62,True
80,1002,4852,4930,78,True
88,1005,4852,4965,113,True
89,980,4852,4965,113,True
90,973,4852,4914,62,True
2,970,4853,4946,93,True
8,948,4853,4960,107,True
10,986,4853,4946,93,True
11,975,4853,4960,107,True
21,953,4853,4960,107,True
24,924,4853,4946,93,True
27,966,4853,4946,93,True
30,958,4853,4937,84,True
32,977,4853,4960,107,True
34,970,4853,4946,93,True
38,964,4853,4946,93,True
44,1005,4853,4960,107,True
51,934,4853,4930,77,True
54,1043,4853,4914,61,True
55,913,4853,4965,112,True
65,967,4853,4914,61,True
73,970,4853,4937,84,True
78,992,4853,4914,61,True
81,940,4853,4914,61,True
88,1006,4853,4965,112,True
89,981,4853,4965,112,True
94,982,4853,4930,77,True
98,973,4853,4914,61,True
2,971,4854,4946,92,True
3,1014,4854,4960,106,True
4,963,4854,4960,106,True
9,1016,4854,4946,92,True
10,987,4854,4946,92,True
11,976,4854,4960,106,True
12,984,4854,4960,106,True
15,944,4854,4946,92,True
21,954,4854,4960,106,True
25,964,4854,4946,92,True
39,923,4854,4946,92,True
40,1046,4854,4946,92,True
44,1006,4854,4960,106,True
49,982,4854,4960,106,True
50,937,4854,4937,83,True
51,935,4854,4930,76,True
58,962,4854,4914,60,True
61,967,4854,4937,83,True
62,957,4854,4914,60,True
63,996,4854,4965,111,True
67,914,4854,4914,60,True
68,993,4854,4930,76,True
75,1006,4854,4914,60,True
76,973,4854,4937,83,True
79,916,4854,4914,60,True
85,962,4854,4937,83,True
96,952,4854,4914,60,True
1,991,4855,4960,105,True
9,1017,4855,4946,91,True
12,985,4855,4960,105,True
15,945,4855,4946,91,True
21,955,4855,4960,105,True
24,925,4855,4946,91,True
27,967,4855,4946,91,True
31,964,4855,4946,91,True
34,971,4855,4946,91,True
37,982,4855,4960,105,True
41,972,4855,4960,105,True
46,986,4855,4960,105,True
56,965,4855,4914,59,True
70,986,4855,4914,59,True
85,963,4855,4937,82,True
86,965,4855,4937,82,True
93,959,4855,4965,110,True
3,1015,4856,4960,104,True
11,977,4856,4982,126,True
17,922,4856,4946,90,True
30,959,4856,4937,81,True
33,973,4856,4960,104,True
35,968,4856,4946,90,True
43,940,4856,4946,90,True
45,934,4856,4937,81,True
49,983,4856,4982,126,True
56,966,4856,4914,58,True
60,934,4856,4914,58,True
62,958,4856,4914,58,True
63,997,4856,4965,109,True
65,968,4856,4914,58,True
71,961,4856,4914,58,True
72,975,4856,4937,81,True
76,974,4856,4937,81,True
82,973,4856,4930,74,True
89,982,4856,4965,109,True
91,968,4856,4914,58,True
95,977,4856,4990,134,True
7,919,4857,4946,89,True
10,988,4857,4946,89,True
14,976,4857,4960,103,True
17,923,4857,4946,89,True
20,932,4857,4937,80,True
26,944,4857,4960,103,True
28,994,4857,4946,89,True
29,946,4857,4960,103,True
30,960,4857,4937,80,True
36,995,4857,4960,103,True
47,943,4857,4960,103,True
49,984,4857,4982,125,True
58,963,4857,4914,57,True
60,935,4857,4914,57,True
66,939,4857,4965,108,True
67,915,4857,4914,57,True
81,941,4857,4914,57,True
83,947,4857,4965,108,True
84,970,4857,4965,108,True
87,946,4857,4914,57,True
7,920,4858,4946,88,True
12,986,4858,4960,102,True
23,954,4858,4960,102,True
31,965,4858,4946,88,True
41,973,4858,4960,102,True
61,968,4858,4937,79,True
62,959,4858,4914,56,True
73,971,4858,4937,79,True
74,989,4858,4914,56,True
75,1007,4858,4914,56,True
85,964,4858,4937,79,True
93,960,4858,4965,107,True
95,978,4858,4990,132,True
97,991,4858,4965,107,True
98,974,4858,4914,56,True
99,968,4858,,,False
2,972,4859,4946,87,True
7,921,4859,4946,87,True
11,978,4859,4982,123,True
17,924,4859,4946,87,True
19,945,4859,4946,87,True
21,956,4859,4960,101,True
27,968,4859,4960,101,True
31,966,4859,4946,87,True
35,969,4859,4946,87,True
39,924,4859,4960,101,True
41,974,4859,4960,101,True
42,1016,4859,4960,101,True
52,966,4859,,,False
61,969,4859,4937,78,True
71,962,4859,4914,55,True
72,976,4859,4937,78,True
74,990,4859,4914,55,True
76,975,4859,4937,78,True
78,993,4859,4914,55,True
92,1012,4859,4965,106,True
1,992,4860,4960,100,True
4,964,4860,4960,100,True
5,939,4860,4960,100,True
10,989,4860,4946,86,True
14,977,4860,4960,100,True
17,925,4860,4946,86,True
18,984,4860,4960,100,True
36,996,4860,4960,100,True
38,965,4860,4946,86,True
43,941,4860,4946,86,True
45,935,4860,4946,86,True
48,993,4860,4946,86,True
52,967,4860,,,False
60,936,4860,4914,54,True
61,970,4860,4937,77,True
70,987,4860,4914,54,True
71,963,4860,4914,54,True
72,977,4860,4937,77,True
73,972,4860,4937,77,True
74,991,4860,4914,54,True
78,994,4860,4914,54,True
80,1003,4860,4930,70,True
85,965,4860,4937,77,True
86,966,4860,4937,77,True
91,969,4860,4914,54,True
4,965,4861,4960,99,True
5,940,4861,4960,99,True
6,971,4861,4960,99,True
14,978,4861,4960,99,True
20,933,4861,4937,76,True
24,926,4861,,,False
25,965,4861,4946,85,True
40,1047,4861,4946,85,True
48,994,4861,4946,85,True
50,938,4861,4937,76,True
53,963,4861,4965,104,True
54,1044,4861,4914,53,True
55,914,4861,4965,104,True
57,948,4861,4937,76,True
61,971,4861,4937,76,True
67,916,4861,4914,53,True
69,975,4861,4914,53,True
74,992,4861,4965,104,True
75,1008,4861,4965,104,True
81,942,4861,4914,53,True
90,974,4861,4965,104,True
94,983,4861,4930,69,True
95,979,4861,4990,129,True
98,975,4861,4914,53,True
99,969,4861,,,False
14,979,4862,4960,98,True
26,945,4862,4960,98,True
29,947,4862,4960,98,True
32,978,4862,4960,98,True
36,997,4862,4960,98,True
45,936,4862,4946,84,True
47,944,4862,4960,98,True
58,964,4862,4914,52,True
62,960,4862,4965,103,True
68,994,4862,4930,68,True
69,976,4862,4914,52,True
72,978,4862,4937,75,True
76,976,4862,4937,75,True
77,991,4862,4914,52,True
79,917,4862,4937,75,True
84,971,4862,4965,103,True
90,975,4862,4965,103,True
4,966,4863,4960,97,True
5,941,4863,4960,97,True
6,972,4863,4960,97,True
7,922,4863,4946,83,True
9,1018,4863,4946,83,True
15,946,4863,4946,83,True
16,1015,4863,4960,97,True
22,999,4863,4946,83,True
25,966,4863,4946,83,True
34,972,4863,4946,83,True
37,983,4863,4960,97,True
41,975,4863,4960,97,True
52,968,4863,,,False
56,967,4863,4914,51,True
62,961,4863,4965,102,True
65,969,4863,4937,74,True
66,940,4863,4990,127,True
67,917,4863,4914,51,True
69,977,4863,4914,51,True
70,988,4863,4937,74,True
71,964,4863,,,False
83,948,4863,4965,102,True
87,947,4863,4914,51,True
89,983,4863,4965,102,True
92,1013,4863,4965,102,True
97,992,4863,4965,102,True
1,993,4864,4960,96,True
2,973,4864,4946,82,True
4,967,4864,4960,96,True
5,942,4864,4960,96,True
6,973,4864,4960,96,True
15,947,4864,4946,82,True
16,1016,4864,4960,96,True
19,946,4864,4946,82,True
23,955,4864,4960,96,True
24,927,4864,,,False
25,967,4864,4946,82,True
28,995,4864,4946,82,True
30,961,4864,4946,82,True
35,970,4864,4946,82,True
40,1048,4864,4946,82,True
41,976,4864,4960,96,True
45,937,4864,4946,82,True
50,939,4864,4937,73,True
51,936,4864,4930,66,True
54,1045,4864,4965,101,True
64,1035,4864,4937,73,True
75,1009,4864,4965,101,True
81,943,4864,4965,101,True
82,974,4864,4930,66,True
89,984,4864,4965,101,True
93,961,4864,4965,101,True
98,976,4864,4937,73,True
4,968,4865,4960,95,True
7,923,4865,4946,81,True
12,987,4865,4960,95,True
17,926,4865,4946,81,True
24,928,4865,,,False
30,962,4865,4946,81,True
31,967,4865,4946,81,True
35,971,4865,4946,81,True
40,1049,4865,4946,81,True
53,964,4865,4965,100,True
61,972,4865,4937,72,True
62,962,4865,4965,100,True
66,941,4865,4990,125,True
70,989,4865,4937,72,True
77,992,4865,4914,49,True
85,966,4865,4937,72,True
95,980,4865,4990,125,True
9,1019,4866,4946,80,True
11,979,4866,4982,116,True
15,948,4866,4946,80,True
26,946,4866,4960,94,True
44,1007,4866,4960,94,True
51,937,4866,4930,64,True
59,980,4866,4965,99,True
60,937,4866,4965,99,True
63,998,4866,4965,99,True
77,993,4866,4914,48,True
79,918,4866,4937,71,True
82,975,4866,4930,64,True
86,967,4866,4937,71,True
87,948,4866,4914,48,True
93,962,4866,4965,99,True
0,1001,4867,4960,93,True
6,974,4867,4960,93,True
9,1020,4867,4946,79,True
17,927,4867,4946,79,True
22,1000,4867,4946,79,True
33,974,4867,4960,93,True
37,984,4867,4960,93,True
43,942,4867,4946,79,True
45,938,4867,4946,79,True
48,995,4867,4946,79,True
53,965,4867,4965,98,True
58,965,4867,4914,47,True
64,1036,4867,4937,70,True
69,978,4867,4965,98,True
75,1010,4867,4965,98,True
77,994,4867,4965,98,True
79,919,4867,4937,70,True
82,976,4867,4930,63,True
84,972,4867,4965,98,True
87,949,4867,4914,47,True
90,976,4867,4965,98,True
98,977,4867,4937,70,True
3,1016,4868,4960,92,True
4,969,4868,4960,92,True
8,949,4868,4960,92,True
11,980,4868,4982,114,True
17,928,4868,4946,78,True
21,957,4868,4960,92,True
22,1001,4868,4946,78,True
35,972,4868,4946,78,True
39,925,4868,4960,92,True
41,977,4868,4960,92,True
52,969,4868,,,False
54,1046,4868,4965,97,True
60,938,4868,4965,97,True
62,963,4868,4965,97,True
66,942,4868,4990,122,True
71,965,4868,,,False
81,944,4868,4965,97,True
83,949,4868,4990,122,True
85,967,4868,4937,69,True
87,950,4868,4914,46,True
91,970,4868,4965,97,True
0,1002,4869,4960,91,True
32,979,4869,4960,91,True
33,975,4869,4960,91,True
34,973,4869,4946,77,True
38,966,4869,4946,77,True
43,943,4869,4946,77,True
48,996,4869,4946,77,True
53,966,4869,4965,96,True
61,973,4869,4937,68,True
65,970,4869,4937,68,True
77,995,4869,4965,96,True
86,968,4869,4937,68,True
90,977,4869,4965,96,True
1,994,4870,4960,90,True
6,975,4870,4960,90,True
8,950,4870,4960,90,True
20,934,4870,4946,76,True
22,1002,4870,4946,76,True
26,947,4870,4960,90,True
33,976,4870,4960,90,True
37,985,4870,4960,90,True
39,926,4870,4960,90,True
42,1017,4870,4960,90,True
47,945,4870,4960,90,True
53,967,4870,4965,95,True
57,949,4870,4937,67,True
60,939,4870,4965,95,True
68,995,4870,4930,60,True
75,1011,4870,4965,95,True
81,945,4870,4965,95,True
86,969,4870,4937,67,True
88,1007,4870,,,False
90,978,4870,4965,95,True
91,971,4870,4965,95,True
93,963,4870,4965,95,True
94,984,4870,4930,60,True
99,970,4870,,,False
3,1017,4871,4960,89,True
8,951,4871,4960,89,True
15,949,4871,4946,75,True
23,956,4871,4960,89,True
24,929,4871,,,False
31,968,4871,4946,75,True
35,973,4871,4946,75,True
42,1018,4871,4960,89,True
47,946,4871,4960,89,True
51,938,4871,4965,94,True
52,970,4871,,,False
54,1047,4871,4965,94,True
55,915,4871,4990,119,True
61,974,4871,4937,66,True
62,964,4871,4965,94,True
66,943,4871,4990,119,True
68,996,4871,4990,119,True
72,979,4871,4937,66,True
73,973,4871,4965,94,True
78,995,4871,,,False
86,970,4871,4937,66,True
92,1014,4871,4965,94,True
2,974,4872,4946,74,True
5,943,4872,4960,88,True
14,980,4872,4960,88,True
15,950,4872,4946,74,True
16,1017,4872,4960,88,True
21,958,4872,4960,88,True
27,969,4872,4960,88,True
43,944,4872,4946,74,True
52,971,4872,,,False
57,950,4872,4937,65,True
61,975,4872,4937,65,True
71,966,4872,,,False
75,1012,4872,4965,93,True
77,996,4872,4965,93,True
83,950,4872,4990,118,True
85,968,4872,4937,65,True
86,971,4872,4937,65,True
94,985,4872,4930,58,True
95,981,4872,4990,118,True
1,995,4873,4960,87,True
29,948,4873,4960,87,True
36,998,4873,,,False
40,1050,4873,4946,73,True
47,947,4873,4982,109,True
49,985,4873,4982,109,True
72,980,4873,4937,64,True
73,974,4873,4965,92,True
78,996,4873,,,False
86,972,4873,4937,64,True
88,1008,4873,,,False
92,1015,4873,4965,92,True
96,953,4873,4965,92,True
98,978,4873,4937,64,True
19,947,4874,4946,72,True
21,959,4874,4960,86,True
30,963,4874,,,False
32,980,4874,,,False
34,974,4874,4946,72,True
40,1051,4874,4946,72,True
41,978,4874,4960,86,True
43,945,4874,4946,72,True
55,916,4874,4990,116,True
56,968,4874,4965,91,True
59,981,4874,4965,91,True
66,944,4874,4990,116,True
70,990,4874,4937,63,True
73,975,4874,4965,91,True
75,1013,4874,4965,91,True
86,973,4874,4937,63,True
91,972,4874,4965,91,True
92,1016,4874,4965,91,True
99,971,4874,,,False
1,996,4875,4960,85,True
3,1018,4875,4960,85,True
23,957,4875,4960,85,True
27,970,4875,4960,85,True
33,977,4875,4960,85,True
34,975,4875,4946,71,True
41,979,4875,4960,85,True
45,939,4875,4946,71,True
53,968,4875,4990,115,True
55,917,4875,4990,115,True
60,940,4875,4965,90,True
61,976,4875,4937,62,True
82,977,4875,4965,90,True
92,1017,4875,4965,90,True
0,1003,4876,4960,84,True
3,1019,4876,4960,84,True
5,944,4876,4960,84,True
9,1021,4876,4946,70,True
12,988,4876,4982,106,True
30,964,4876,,,False
32,981,4876,,,False
35,974,4876,4946,70,True
37,986,4876,4960,84,True
40,1052,4876,4946,70,True
44,1008,4876,4960,84,True
50,940,4876,4965,89,True
55,918,4876,4990,114,True
64,1037,4876,4937,61,True
84,973,4876,4965,89,True
89,985,4876,4965,89,True
92,1018,4876,4965,89,True
93,964,4876,4965,89,True
94,986,4876,4990,114,True
97,993,4876,4990,114,True
5,945,4877,4960,83,True
11,981,4877,4982,105,True
19,948,4877,4946,69,True
24,930,4877,,,False
25,968,4877,4960,83,True
36,999,4877,,,False
39,927,4877,4960,83,True
41,980,4877,4960,83,True
47,948,4877,4982,105,True
48,997,4877,4960,83,True
50,941,4877,4965,88,True
63,999,4877,4990,113,True
64,1038,4877,4937,60,True
65,971,4877,4937,60,True
74,993,4877,4965,88,True
82,978,4877,4965,88,True
91,973,4877,4965,88,True
92,1019,4877,4965,88,True
99,972,4877,,,False
3,1020,4878,4960,82,True
6,976,4878,4960,82,True
11,982,4878,4982,104,True
31,969,4878,4946,68,True
32,982,4878,,,False
38,967,4878,4946,68,True
41,981,4878,4960,82,True
50,942,4878,4965,87,True
59,982,4878,4965,87,True
66,945,4878,4990,112,True
68,997,4878,4990,112,True
72,981,4878,4937,59,True
76,977,4878,4990,112,True
77,997,4878,4965,87,True
87,951,4878,,,False
97,994,4878,4990,112,True
0,1004,4879,4960,81,True
1,997,4879,4960,81,True
3,1021,4879,4960,81,True
7,924,4879,4946,67,True
8,952,4879,4960,81,True
10,990,4879,4960,81,True
12,989,4879,4982,103,True
13,961,4879,4960,81,True
14,981,4879,4960,81,True
25,969,4879,4960,81,True
27,971,4879,4960,81,True
39,928,4879,4960,81,True
41,982,4879,4960,81,True
46,987,4879,4960,81,True
55,919,4879,4990,111,True
61,977,4879,4946,67,True
63,1000,4879,4990,111,True
64,1039,4879,4937,58,True
67,918,4879,4965,86,True
68,998,4879,4990,111,True
70,991,4879,4937,58,True
75,1014,4879,,,False
81,946,4879,4965,86,True
85,969,4879,4965,86,True
86,974,4879,4965,86,True
87,952,4879,,,False
88,1009,4879,,,False
92,1020,4879,4965,86,True
93,965,4879,4965,86,True
95,982,4879,4990,111,True
96,954,4879,,,False
7,925,4880,4946,66,True
15,951,4880,4946,66,True
40,1053,4880,4946,66,True
41,983,4880,4960,80,True
44,1009,4880,4960,80,True
47,949,4880,4982,102,True
54,1048,4880,4965,85,True
68,999,4880,4990,110,True
71,967,4880,,,False
75,1015,4880,,,False
79,920,4880,4937,57,True
82,979,4880,4990,110,True
83,951,4880,4990,110,True
3,1022,4881,4960,79,True
4,970,4881,,,False
6,977,4881,4960,79,True
10,991,4881,4960,79,True
16,1018,4881,,,False
19,949,4881,4946,65,True
29,949,4881,4960,79,True
47,950,4881,4982,101,True
48,998,4881,4960,79,True
57,951,4881,4937,56,True
59,983,4881,4965,84,True
60,941,4881,,,False
63,1001,4881,4990,109,True
68,1000,4881,4990,109,True
70,992,4881,4937,56,True
75,1016,4881,,,False
77,998,4881,4965,84,True
78,997,4881,,,False
80,1004,4881,4990,109,True
81,947,4881,4965,84,True
90,979,4881,4965,84,True
91,974,4881,4965,84,True
93,966,4881,,,False
94,987,4881,4990,109,True
99,973,4881,,,False
1,998,4882,4960,78,True
3,1023,4882,4960,78,True
10,992,4882,4960,78,True
12,990,4882,4982,100,True
14,982,4882,4960,78,True
23,958,4882,4960,78,True
25,970,4882,4960,78,True
27,972,4882,4960,78,True
32,983,4882,,,False
33,978,4882,4960,78,True
35,975,4882,4960,78,True
39,929,4882,4960,78,True
44,1010,4882,4960,78,True
54,1049,4882,,,False
56,969,4882,4965,83,True
57,952,4882,4937,55,True
64,1040,4882,4937,55,True
69,979,4882,4965,83,True
70,993,4882,4937,55,True
75,1017,4882,,,False
90,980,4882,4965,83,True
97,995,4882,4990,108,True
98,979,4882,4990,108,True
1,999,4883,4960,77,True
2,975,4883,4946,63,True
3,1024,4883,4960,77,True
6,978,4883,4960,77,True
15,952,4883,4946,63,True
17,929,4883,,,False
27,973,4883,4960,77,True
29,950,4883,4960,77,True
31,970,4883,,,False
33,979,4883,4960,77,True
34,976,4883,4946,63,True
35,976,4883,4960,77,True
38,968,4883,4946,63,True
41,984,4883,4960,77,True
45,940,4883,4946,63,True
46,988,4883,4960,77,True
50,943,4883,4965,82,True
55,920,4883,,,False
58,966,4883,4965,82,True
68,1001,4883,4990,107,True
69,980,4883,,,False
71,968,4883,,,False
73,976,4883,4965,82,True
81,948,4883,4965,82,True
84,974,4883,4990,107,True
87,953,4883,,,False
89,986,4883,4965,82,True
92,1021,4883,4965,82,True
94,988,4883,4990,107,True
95,983,4883,4990,107,True
1,1000,4884,4960,76,True
4,971,4884,,,False
6,979,4884,4960,76,True
12,991,4884,4982,98,True
21,960,4884,4960,76,True
22,1003,4884,4960,76,True
26,948,4884,,,False
28,996,4884,4960,76,True
32,984,4884,,,False
33,980,4884,4982,98,True
35,977,4884,4960,76,True
44,1011,4884,4960,76,True
53,969,4884,4990,106,True
65,972,4884,4965,81,True
66,946,4884,4990,106,True
97,996,4884,4990,106,True
12,992,4885,4982,97,True
24,931,4885,,,False
26,949,4885,,,False
46,989,4885,4960,75,True
49,986,4885,4982,97,True
55,921,4885,,,False
58,967,4885,4965,80,True
64,1041,4885,4946,61,True
67,919,4885,4965,80,True
69,981,4885,,,False
71,969,4885,,,False
75,1018,4885,,,False
79,921,4885,4937,52,True
81,949,4885,4990,105,True
82,980,4885,4990,105,True
83,952,4885,4990,105,True
98,980,4885,4990,105,True
99,974,4885,,,False
1,1001,4886,4960,74,True
4,972,4886,,,False
19,950,4886,4960,74,True
24,932,4886,,,False
29,951,4886,4960,74,True
30,965,4886,,,False
38,969,4886,4960,74,True
55,922,4886,,,False
60,942,4886,,,False
69,982,4886,,,False
71,970,4886,,,False
76,978,4886,4990,104,True
80,1005,4886,4990,104,True
85,970,4886,4965,79,True
86,975,4886,4965,79,True
2,976,4887,4946,59,True
6,980,4887,4960,73,True
11,983,4887,4982,95,True
19,951,4887,4960,73,True
28,997,4887,4960,73,True
33,981,4887,4982,95,True
40,1054,4887,4960,73,True
47,951,4887,4982,95,True
53,970,4887,4990,103,True
56,970,4887,4965,78,True
77,999,4887,4965,78,True
82,981,4887,4990,103,True
84,975,4887,4990,103,True
86,976,4887,4965,78,True
88,1010,4887,,,False
91,975,4887,4990,103,True
92,1022,4887,4965,78,True
98,981,4887,4990,103,True
99,975,4887,,,False
5,946,4888,4960,72,True
12,993,4888,4982,94,True
13,962,4888,4960,72,True
32,985,4888,,,False
39,930,4888,4960,72,True
41,985,4888,4960,72,True
49,987,4888,4982,94,True
56,971,4888,4965,77,True
59,984,4888,4990,102,True
60,943,4888,,,False
61,978,4888,4946,58,True
62,965,4888,4965,77,True
66,947,4888,4990,102,True
70,994,4888,4965,77,True
77,1000,4888,4965,77,True
85,971,4888,4965,77,True
86,977,4888,4965,77,True
91,976,4888,4990,102,True
92,1023,4888,4990,102,True
5,947,4889,4960,71,True
8,953,4889,,,False
22,1004,4889,4960,71,True
23,959,4889,4960,71,True
29,952,4889,4960,71,True
31,971,4889,,,False
35,978,4889,4960,71,True
38,970,4889,4960,71,True
41,986,4889,4960,71,True
47,952,4889,4982,93,True
48,999,4889,4960,71,True
49,988,4889,4982,93,True
50,944,4889,4965,76,True
54,1050,4889,,,False
56,972,4889,4965,76,True
65,973,4889,4965,76,True
69,983,4889,,,False
72,982,4889,4946,57,True
79,922,4889,4965,76,True
80,1006,4889,4990,101,True
81,950,4889,4990,101,True
89,987,4889,,,False
90,981,4889,4965,76,True
91,977,4889,4990,101,True
92,1024,4889,4990,101,True
0,1005,4890,4960,70,True
1,1002,4890,4960,70,True
7,926,4890,4960,70,True
10,993,4890,4960,70,True
11,984,4890,4982,92,True
14,983,4890,4960,70,True
18,985,4890,,,False
30,966,4890,,,False
33,982,4890,4982,92,True
43,946,4890,4960,70,True
50,945,4890,4965,75,True
58,968,4890,,,False
63,1002,4890,4990,100,True
68,1002,4890,4990,100,True
78,998,4890,,,False
81,951,4890,4990,100,True
97,997,4890,4990,100,True
4,973,4891,,,False
7,927,4891,4960,69,True
18,986,4891,,,False
21,961,4891,4960,69,True
26,950,4891,,,False
42,1019,4891,4960,69,True
46,990,4891,4960,69,True
69,984,4891,,,False
72,983,4891,4965,74,True
75,1019,4891,,,False
86,978,4891,4965,74,True
87,954,4891,,,False
88,1011,4891,,,False
92,1025,4891,4990,99,True
4,974,4892,,,False
14,984,4892,4960,68,True
18,987,4892,,,False
25,971,4892,4960,68,True
26,951,4892,,,False
30,967,4892,,,False
32,986,4892,,,False
40,1055,4892,,,False
47,953,4892,4982,90,True
48,1000,4892,4960,68,True
51,939,4892,4990,98,True
57,953,4892,4975,83,True
61,979,4892,4946,54,True
62,966,4892,4990,98,True
66,948,4892,4990,98,True
68,1003,4892,4990,98,True
73,977,4892,4990,98,True
80,1007,4892,4990,98,True
86,979,4892,4965,73,True
89,988,4892,,,False
99,976,4892,,,False
0,1006,4893,4960,67,True
3,1025,4893,,,False
5,948,4893,4960,67,True
9,1022,4893,4960,67,True
10,994,4893,4960,67,True
12,994,4893,4982,89,True
24,933,4893,,,False
36,1000,4893,,,False
43,947,4893,4960,67,True
44,1012,4893,4960,67,True
45,941,4893,4946,53,True
46,991,4893,4960,67,True
53,971,4893,,,False
54,1051,4893,,,False
61,980,4893,4946,53,True
69,985,4893,,,False
72,984,4893,4965,72,True
81,952,4893,4990,97,True
84,976,4893,4990,97,True
90,982,4893,4990,97,True
93,967,4893,,,False
97,998,4893,4990,97,True
99,977,4893,,,False
3,1026,4894,,,False
6,981,4894,4960,66,True
10,995,4894,4960,66,True
11,985,4894,4982,88,True
21,962,4894,4960,66,True
25,972,4894,4960,66,True
30,968,4894,,,False
35,979,4894,4960,66,True
37,987,4894,,,False
41,987,4894,4960,66,True
52,972,4894,,,False
53,972,4894,,,False
54,1052,4894,,,False
57,954,4894,4975,81,True
62,967,4894,4990,96,True
64,1042,4894,4990,96,True
81,953,4894,4990,96,True
82,982,4894,4990,96,True
84,977,4894,4990,96,True
89,989,4894,,,False
92,1026,4894,4990,96,True
3,1027,4895,,,False
16,1019,4895,,,False
17,930,4895,,,False
20,935,4895,4946,51,True
24,934,4895,,,False
30,969,4895,,,False
33,983,4895,4982,87,True
34,977,4895,4946,51,True
40,1056,4895,,,False
58,969,4895,,,False
61,981,4895,4946,51,True
66,949,4895,4990,95,True
74,994,4895,,,False
77,1001,4895,,,False
81,954,4895,,,False
83,953,4895,4990,95,True
86,980,4895,4965,70,True
92,1027,4895,4990,95,True
98,982,4895,4990,95,True
99,978,4895,,,False
5,949,4896,,,False
7,928,4896,,,False
8,954,4896,,,False
9,1023,4896,4960,64,True
10,996,4896,,,False
11,986,4896,4982,86,True
21,963,4896,4960,64,True
28,998,4896,4960,64,True
31,972,4896,,,False
41,988,4896,4960,64,True
45,942,4896,4946,50,True
50,946,4896,4965,69,True
53,973,4896,,,False
58,970,4896,,,False
60,944,4896,,,False
63,1003,4896,,,False
64,1043,4896,4990,94,True
67,920,4896,,,False
72,985,4896,4965,69,True
75,1020,4896,,,False
85,972,4896,4965,69,True
95,984,4896,4990,94,True
0,1007,4897,,,False
10,997,4897,,,False
11,987,4897,4982,85,True
13,963,4897,4960,63,True
14,985,4897,4964,67,True
15,953,4897,4946,49,True
16,1020,4897,,,False
17,931,4897,,,False
19,952,4897,4960,63,True
30,970,4897,,,False
32,987,4897,,,False
39,931,4897,4960,63,True
41,989,4897,4960,63,True
44,1013,4897,,,False
50,947,4897,4965,68,True
52,973,4897,,,False
53,974,4897,,,False
54,1053,4897,,,False
60,945,4897,,,False
61,982,4897,4965,68,True
63,1004,4897,,,False
68,1004,4897,4990,93,True
72,986,4897,4965,68,True
75,1021,4897,,,False
85,973,4897,4965,68,True
95,985,4897,4990,93,True
96,955,4897,,,False
1,1003,4898,4982,84,True
8,955,4898,,,False
9,1024,4898,,,False
17,932,4898,,,False
31,973,4898,,,False
48,1001,4898,4960,62,True
50,948,4898,4965,67,True
51,940,4898,4990,92,True
52,974,4898,,,False
55,923,4898,,,False
58,971,4898,,,False
61,983,4898,4965,67,True
62,968,4898,4990,92,True
66,950,4898,,,False
70,995,4898,4965,67,True
73,978,4898,4990,92,True
76,979,4898,4990,92,True
81,955,4898,,,False
82,983,4898,4990,92,True
83,954,4898,4990,92,True
86,981,4898,4965,67,True
87,955,4898,,,False
89,990,4898,,,False
94,989,4898,,,False
0,1008,4899,,,False
5,950,4899,,,False
6,982,4899,4960,61,True
8,956,4899,,,False
9,1025,4899,,,False
11,988,4899,4982,83,True
19,953,4899,,,False
46,992,4899,4960,61,True
56,973,4899,4965,66,True
58,972,4899,,,False
62,969,4899,4990,91,True
63,1005,4899,,,False
65,974,4899,4965,66,True
71,971,4899,,,False
72,987,4899,4965,66,True
81,956,4899,,,False
83,955,4899,4990,91,True
1,1004,4900,,,False
2,977,4900,,,False
4,975,4900,,,False
7,929,4900,,,False
8,957,4900,,,False
10,998,4900,,,False
25,973,4900,4960,60,True
26,952,4900,,,False
29,953,4900,4982,82,True
31,974,4900,,,False
33,984,4900,4982,82,True
35,980,4900,4960,60,True
49,989,4900,,,False
50,949,4900,4990,90,True
51,941,4900,4990,90,True
52,975,4900,,,False
53,975,4900,,,False
56,974,4900,,,False
58,973,4900,,,False
60,946,4900,,,False
66,951,4900,,,False
69,986,4900,,,False
72,988,4900,4965,65,True
73,979,4900,4990,90,True
76,980,4900,4990,90,True
81,957,4900,,,False
82,984,4900,4990,90,True
85,974,4900,4965,65,True
86,982,4900,4965,65,True
95,986,4900,4990,90,True
4,976,4901,,,False
9,1026,4901,,,False
12,995,4901,4982,81,True
13,964,4901,4960,59,True
17,933,4901,,,False
23,960,4901,,,False
28,999,4901,4960,59,True
29,954,4901,4982,81,True
33,985,4901,4982,81,True
45,943,4901,4982,81,True
47,954,4901,4982,81,True
51,942,4901,4990,89,True
54,1054,4901,,,False
56,975,4901,,,False
62,970,4901,,,False
64,1044,4901,4990,89,True
83,956,4901,4990,89,True
85,975,4901,4965,64,True
93,968,4901,,,False
96,956,4901,,,False
98,983,4901,4990,89,True
12,996,4902,4982,80,True
13,965,4902,4960,58,True
29,955,4902,4982,80,True
30,971,4902,,,False
36,1001,4902,,,False
37,988,4902,,,False
46,993,4902,,,False
52,976,4902,,,False
58,974,4902,,,False
59,985,4902,,,False
60,947,4902,,,False
63,1006,4902,,,False
64,1045,4902,4990,88,True
69,987,4902,,,False
75,1022,4902,,,False
77,1002,4902,,,False
80,1008,4902,4990,88,True
87,956,4902,,,False
92,1028,4902,4990,88,True
98,984,4902,4990,88,True
1,1005,4903,,,False
2,978,4903,,,False
12,997,4903,4982,79,True
14,986,4903,4982,79,True
19,954,4903,,,False
37,989,4903,,,False
45,944,4903,4982,79,True
48,1002,4903,,,False
50,950,4903,4990,87,True
55,924,4903,,,False
62,971,4903,,,False
67,921,4903,,,False
79,923,4903,,,False
81,958,4903,,,False
82,985,4903,4990,87,True
83,957,4903,4990,87,True
84,978,4903,4990,87,True
93,969,4903,,,False
2,979,4904,,,False
11,989,4904,4982,78,True
13,966,4904,4960,56,True
15,954,4904,,,False
17,934,4904,,,False
18,988,4904,,,False
20,936,4904,4965,61,True
24,935,4904,,,False
27,974,4904,,,False
42,1020,4904,,,False
43,948,4904,,,False
48,1003,4904,,,False
54,1055,4904,,,False
55,925,4904,,,False
64,1046,4904,4990,86,True
74,995,4904,,,False
80,1009,4904,4990,86,True
86,983,4904,4965,61,True
90,983,4904,,,False
95,987,4904,4990,86,True
98,985,4904,4990,86,True
99,979,4904,,,False
1,1006,4905,,,False
3,1028,4905,,,False
5,951,4905,,,False
11,990,4905,4982,77,True
13,967,4905,,,False
17,935,4905,,,False
18,989,4905,,,False
20,937,4905,4965,60,True
21,964,4905,,,False
23,961,4905,,,False
25,974,4905,4960,55,True
30,972,4905,,,False
33,986,4905,4982,77,True
35,981,4905,4960,55,True
66,952,4905,,,False
81,959,4905,,,False
84,979,4905,4990,85,True
86,984,4905,4965,60,True
87,957,4905,,,False
93,970,4905,,,False
0,1009,4906,,,False
8,958,4906,,,False
17,936,4906,,,False
19,955,4906,,,False
20,938,4906,4965,59,True
31,975,4906,,,False
33,987,4906,4982,76,True
35,982,4906,4960,54,True
41,990,4906,,,False
43,949,4906,,,False
50,951,4906,4990,84,True
64,1047,4906,4990,84,True
67,922,4906,,,False
74,996,4906,,,False
75,1023,4906,,,False
76,981,4906,4990,84,True
79,924,4906,,,False
80,1010,4906,4990,84,True
82,986,4906,4990,84,True
89,991,4906,,,False
95,988,4906,4990,84,True
97,999,4906,4990,84,True
0,1010,4907,,,False
12,998,4907,,,False
14,987,4907,4982,75,True
25,975,4907,,,False
30,973,4907,,,False
31,976,4907,,,False
33,988,4907,4982,75,True
43,950,4907,,,False
51,943,4907,4990,83,True
52,977,4907,,,False
54,1056,4907,,,False
57,955,4907,4975,68,True
68,1005,4907,4990,83,True
71,972,4907,,,False
73,980,4907,4990,83,True
82,987,4907,4990,83,True
83,958,4907,,,False
84,980,4907,4990,83,True
85,976,4907,,,False
87,958,4907,,,False
91,978,4907,4990,83,True
94,990,4907,,,False
99,980,4907,,,False
0,1011,4908,,,False
2,980,4908,,,False
5,952,4908,,,False
6,983,4908,,,False
8,959,4908,,,False
18,990,4908,,,False
25,976,4908,,,False
30,974,4908,,,False
35,983,4908,4960,52,True
37,990,4908,,,False
38,971,4908,,,False
39,932,4908,,,False
41,991,4908,,,False
51,944,4908,4990,82,True
59,986,4908,,,False
62,972,4908,,,False
67,923,4908,,,False
70,996,4908,4975,67,True
73,981,4908,4990,82,True
82,988,4908,4990,82,True
85,977,4908,,,False
88,1012,4908,,,False
92,1029,4908,,,False
93,971,4908,,,False
99,981,4908,,,False
3,1029,4909,,,False
24,936,4909,,,False
27,975,4909,,,False
30,975,4909,,,False
36,1002,4909,,,False
39,933,4909,,,False
40,1057,4909,,,False
44,1014,4909,,,False
51,945,4909,4990,81,True
59,987,4909,,,False
69,988,4909,,,False
74,997,4909,,,False
81,960,4909,,,False
86,985,4909,,,False
93,972,4909,,,False
97,1000,4909,4990,81,True
99,982,4909,,,False
12,999,4910,,,False
19,956,4910,,,False
36,1003,4910,,,False
39,934,4910,,,False
40,1058,4910,,,False
44,1015,4910,,,False
52,978,4910,,,False
61,984,4910,4990,80,True
64,1048,4910,4990,80,True
79,925,4910,,,False
83,959,4910,,,False
91,979,4910,4990,80,True
93,973,4910,,,False
94,991,4910,,,False
97,1001,4910,4990,80,True
6,984,4911,,,False
15,955,4911,,,False
26,953,4911,,,False
33,989,4911,,,False
38,972,4911,,,False
42,1021,4911,,,False
46,994,4911,,,False
50,952,4911,4990,79,True
57,956,4911,4975,64,True
58,975,4911,,,False
63,1007,4911,,,False
66,953,4911,,,False
68,1006,4911,4990,79,True
79,926,4911,,,False
80,1011,4911,4990,79,True
95,989,4911,4990,79,True
98,986,4911,4990,79,True
3,1030,4912,,,False
5,953,4912,,,False
7,930,4912,,,False
9,1027,4912,,,False
18,991,4912,,,False
35,984,4912,,,False
38,973,4912,,,False
42,1022,4912,,,False
58,976,4912,,,False
61,985,4912,4990,78,True
63,1008,4912,,,False
68,1007,4912,,,False
75,1024,4912,,,False
76,982,4912,4990,78,True
93,974,4912,,,False
94,992,4912,,,False
1,1007,4913,,,False
5,954,4913,,,False
6,985,4913,,,False
8,960,4913,,,False
15,956,4913,,,False
21,965,4913,,,False
23,962,4913,,,False
24,937,4913,,,False
30,976,4913,,,False
31,977,4913,,,False
32,988,4913,,,False
41,992,4913,,,False
43,951,4913,,,False
44,1016,4913,,,False
54,1057,4913,,,False
60,948,4913,,,False
70,997,4913,4990,77,True
72,989,4913,4975,62,True
74,998,4913,,,False
78,999,4913,,,False
80,1012,4913,4990,77,True
89,992,4913,,,False
97,1002,4913,4990,77,True
0,1012,4914,,,False
6,986,4914,,,False
14,988,4914,4982,68,True
16,1021,4914,,,False
17,937,4914,,,False
24,938,4914,,,False
27,976,4914,,,False
32,989,4914,,,False
34,978,4914,,,False
35,985,4914,,,False
38,974,4914,,,False
42,1023,4914,,,False
47,955,4914,4982,68,True
48,1004,4914,,,False
50,953,4914,4990,76,True
51,946,4914,,,False
54,1058,4914,,,False
56,976,4914,,,False
62,973,4914,,,False
64,1049,4914,4990,76,True
65,975,4914,4990,76,True
74,999,4914,,,False
93,975,4914,,,False
99,983,4914,,,False
0,1013,4915,,,False
23,963,4915,,,False
25,977,4915,,,False
27,977,4915,,,False
35,986,4915,,,False
36,1004,4915,,,False
38,975,4915,,,False
43,952,4915,,,False
52,979,4915,,,False
63,1009,4915,,,False
64,1050,4915,4990,75,True
82,989,4915,,,False
85,978,4915,,,False
88,1013,4915,,,False
92,1030,4915,,,False
7,931,4916,,,False
10,999,4916,,,False
12,1000,4916,,,False
25,978,4916,,,False
26,954,4916,,,False
28,1000,4916,,,False
32,990,4916,,,False
35,987,4916,,,False
38,976,4916,,,False
39,935,4916,,,False
40,1059,4916,,,False
49,990,4916,,,False
59,988,4916,,,False
65,976,4916,4990,74,True
67,924,4916,,,False
71,973,4916,,,False
75,1025,4916,,,False
94,993,4916,,,False
6,987,4917,,,False
17,938,4917,,,False
33,990,4917,,,False
43,953,4917,,,False
48,1005,4917,,,False
53,976,4917,,,False
54,1059,4917,,,False
56,977,4917,,,False
68,1008,4917,,,False
77,1003,4917,,,False
80,1013,4917,4990,73,True
85,979,4917,,,False
87,959,4917,,,False
88,1014,4917,,,False
92,1031,4917,,,False
93,976,4917,,,False
97,1003,4917,,,False
0,1014,4918,,,False
5,955,4918,,,False
6,988,4918,,,False
16,1022,4918,,,False
19,957,4918,,,False
21,966,4918,,,False
30,977,4918,,,False
40,1060,4918,,,False
43,954,4918,,,False
47,956,4918,,,False
49,991,4918,,,False
50,954,4918,4990,72,True
51,947,4918,,,False
55,926,4918,,,False
60,949,4918,,,False
66,954,4918,,,False
67,925,4918,,,False
71,974,4918,,,False
75,1026,4918,,,False
79,927,4918,,,False
81,961,4918,,,False
82,990,4918,,,False
85,980,4918,,,False
94,994,4918,,,False
1,1008,4919,,,False
18,992,4919,,,False
23,964,4919,,,False
27,978,4919,,,False
30,978,4919,,,False
35,988,4919,,,False
39,936,4919,,,False
41,993,4919,,,False
43,955,4919,,,False
45,945,4919,,,False
46,995,4919,,,False
47,957,4919,,,False
64,1051,4919,4990,71,True
69,989,4919,,,False
77,1004,4919,,,False
78,1000,4919,,,False
83,960,4919,,,False
89,993,4919,,,False
91,980,4919,,,False
95,990,4919,4990,71,True
2,981,4920,,,False
6,989,4920,,,False
9,1028,4920,,,False
10,1000,4920,,,False
20,939,4920,4990,70,True
21,967,4920,,,False
22,1005,4920,,,False
27,979,4920,,,False
29,956,4920,,,False
33,991,4920,,,False
36,1005,4920,,,False
38,977,4920,,,False
42,1024,4920,,,False
45,946,4920,,,False
58,977,4920,,,False
59,989,4920,,,False
60,950,4920,,,False
74,1000,4920,,,False
75,1027,4920,,,False
94,995,4920,,,False
0,1015,4921,,,False
3,1031,4921,,,False
4,977,4921,,,False
9,1029,4921,,,False
14,989,4921,,,False
20,940,4921,4990,69,True
22,1006,4921,,,False
28,1001,4921,,,False
29,957,4921,,,False
30,979,4921,,,False
50,955,4921,4990,69,True
54,1060,4921,,,False
60,951,4921,,,False
63,1010,4921,,,False
70,998,4921,4990,69,True
77,1005,4921,,,False
83,961,4921,,,False
88,1015,4921,,,False
94,996,4921,,,False
3,1032,4922,,,False
8,961,4922,,,False
12,1001,4922,,,False
14,990,4922,,,False
19,958,4922,,,False
23,965,4922,,,False
26,955,4922,,,False
29,958,4922,,,False
31,978,4922,,,False
36,1006,4922,,,False
39,937,4922,,,False
46,996,4922,,,False
60,952,4922,,,False
64,1052,4922,4990,68,True
68,1009,4922,,,False
0,1016,4923,,,False
3,1033,4923,,,False
6,990,4923,,,False
8,962,4923,,,False
9,1030,4923,,,False
13,968,4923,,,False
28,1002,4923,,,False
41,994,4923,,,False
44,1017,4923,,,False
45,947,4923,,,False
47,958,4923,,,False
60,953,4923,,,False
63,1011,4923,,,False
70,999,4923,4990,67,True
74,1001,4923,,,False
77,1006,4923,,,False
78,1001,4923,,,False
80,1014,4923,,,False
86,986,4923,,,False
87,960,4923,,,False
88,1016,4923,,,False
97,1004,4923,,,False
99,984,4923,,,False
2,982,4924,,,False
9,1031,4924,,,False
12,1002,4924,,,False
15,957,4924,,,False
16,1023,4924,,,False
17,939,4924,,,False
20,941,4924,4990,66,True
29,959,4924,,,False
32,991,4924,,,False
37,991,4924,,,False
45,948,4924,,,False
58,978,4924,,,False
63,1012,4924,,,False
64,1053,4924,4990,66,True
78,1002,4924,,,False
88,1017,4924,,,False
89,994,4924,,,False
2,983,4925,,,False
5,956,4925,,,False
16,1024,4925,,,False
21,968,4925,,,False
34,979,4925,,,False
36,1007,4925,,,False
38,978,4925,,,False
39,938,4925,,,False
41,995,4925,,,False
43,956,4925,,,False
48,1006,4925,,,False
51,948,4925,,,False
53,977,4925,,,False
55,927,4925,,,False
57,957,4925,4990,65,True
62,974,4925,,,False
69,990,4925,,,False
73,982,4925,,,False
75,1028,4925,,,False
82,991,4925,,,False
86,987,4925,,,False
89,995,4925,,,False
92,1032,4925,,,False
97,1005,4925,,,False
98,987,4925,4990,65,True
99,985,4925,,,False
2,984,4926,,,False
3,1034,4926,,,False
4,978,4926,,,False
5,957,4926,,,False
10,1001,4926,,,False
11,991,4926,,,False
19,959,4926,,,False
20,942,4926,4990,64,True
33,992,4926,,,False
35,989,4926,,,False
50,956,4926,4990,64,True
51,949,4926,,,False
56,978,4926,,,False
59,990,4926,,,False
63,1013,4926,,,False
69,991,4926,,,False
70,1000,4926,4990,64,True
81,962,4926,,,False
85,981,4926,,,False
86,988,4926,,,False
89,996,4926,,,False
12,1003,4927,,,False
13,969,4927,,,False
24,939,4927,,,False
39,939,4927,,,False
44,1018,4927,,,False
50,957,4927,4990,63,True
53,978,4927,,,False
58,979,4927,,,False
59,991,4927,,,False
63,1014,4927,,,False
64,1054,4927,4990,63,True
67,926,4927,,,False
79,928,4927,,,False
82,992,4927,,,False
91,981,4927,,,False
93,977,4927,,,False
97,1006,4927,,,False
1,1009,4928,,,False
4,979,4928,,,False
7,932,4928,,,False
16,1025,4928,,,False
24,940,4928,,,False
26,956,4928,,,False
30,980,4928,,,False
37,992,4928,,,False
44,1019,4928,,,False
48,1007,4928,,,False
50,958,4928,4990,62,True
56,979,4928,,,False
59,992,4928,,,False
62,975,4928,,,False
68,1010,4928,,,False
70,1001,4928,,,False
78,1003,4928,,,False
85,982,4928,,,False
86,989,4928,,,False
87,961,4928,,,False
94,997,4928,,,False
99,986,4928,,,False
4,980,4929,,,False
12,1004,4929,,,False
16,1026,4929,,,False
29,960,4929,,,False
34,980,4929,,,False
35,990,4929,,,False
38,979,4929,,,False
39,940,4929,,,False
45,949,4929,,,False
49,992,4929,,,False
54,1061,4929,,,False
56,980,4929,,,False
57,958,4929,4990,61,True
66,955,4929,,,False
76,983,4929,,,False
77,1007,4929,,,False
78,1004,4929,,,False
84,981,4929,,,False
86,990,4929,,,False
96,957,4929,,,False
98,988,4929,4990,61,True
1,1010,4930,,,False
12,1005,4930,,,False
19,960,4930,,,False
24,941,4930,,,False
30,981,4930,,,False
32,992,4930,,,False
38,980,4930,,,False
42,1025,4930,,,False
43,957,4930,,,False
63,1015,4930,,,False
64,1055,4930,4990,60,True
69,992,4930,,,False
73,983,4930,,,False
77,1008,4930,,,False
79,929,4930,,,False
81,963,4930,,,False
91,982,4930,,,False
98,989,4930,4990,60,True
5,958,4931,,,False
10,1002,4931,,,False
24,942,4931,,,False
25,979,4931,,,False
31,979,4931,,,False
32,993,4931,,,False
35,991,4931,,,False
47,959,4931,,,False
51,950,4931,,,False
52,980,4931,,,False
54,1062,4931,,,False
66,956,4931,,,False
67,927,4931,,,False
71,975,4931,,,False
81,964,4931,,,False
88,1018,4931,,,False
93,978,4931,,,False
96,958,4931,,,False
1,1011,4932,,,False
3,1035,4932,,,False
10,1003,4932,,,False
11,992,4932,,,False
12,1006,4932,,,False
14,991,4932,,,False
15,958,4932,,,False
16,1027,4932,,,False
23,966,4932,,,False
33,993,4932,,,False
36,1008,4932,,,False
39,941,4932,,,False
40,1061,4932,,,False
42,1026,4932,,,False
47,960,4932,,,False
54,1063,4932,,,False
55,928,4932,,,False
58,980,4932,,,False
60,954,4932,,,False
81,965,4932,,,False
86,991,4932,,,False
93,979,4932,,,False
0,1017,4933,,,False
10,1004,4933,,,False
19,961,4933,,,False
21,969,4933,,,False
22,1007,4933,,,False
25,980,4933,,,False
26,957,4933,,,False
28,1003,4933,,,False
31,980,4933,,,False
36,1009,4933,,,False
43,958,4933,,,False
48,1008,4933,,,False
49,993,4933,,,False
52,981,4933,,,False
53,979,4933,,,False
55,929,4933,,,False
67,928,4933,,,False
72,990,4933,4990,57,True
93,980,4933,,,False
12,1007,4934,,,False
17,940,4934,,,False
18,993,4934,,,False
21,970,4934,,,False
31,981,4934,,,False
59,993,4934,,,False
60,955,4934,,,False
62,976,4934,,,False
66,957,4934,,,False
71,976,4934,,,False
72,991,4934,4990,56,True
75,1029,4934,,,False
77,1009,4934,,,False
85,983,4934,,,False
90,984,4934,,,False
97,1007,4934,,,False
99,987,4934,,,False
1,1012,4935,,,False
3,1036,4935,,,False
11,993,4935,,,False
16,1028,4935,,,False
20,943,4935,,,False
21,971,4935,,,False
22,1008,4935,,,False
25,981,4935,,,False
33,994,4935,,,False
41,996,4935,,,False
53,980,4935,,,False
55,930,4935,,,False
60,956,4935,,,False
68,1011,4935,,,False
70,1002,4935,,,False
76,984,4935,,,False
80,1015,4935,,,False
84,982,4935,,,False
85,984,4935,,,False
88,1019,4935,,,False
89,997,4935,,,False
92,1033,4935,,,False
5,959,4936,,,False
11,994,4936,,,False
12,1008,4936,,,False
15,959,4936,,,False
21,972,4936,,,False
28,1004,4936,,,False
30,982,4936,,,False
38,981,4936,,,False
40,1062,4936,,,False
43,959,4936,,,False
45,950,4936,,,False
47,961,4936,,,False
53,981,4936,,,False
55,931,4936,,,False
73,984,4936,,,False
77,1010,4936,,,False
1,1013,4937,,,False
11,995,4937,,,False
26,958,4937,,,False
39,942,4937,,,False
46,997,4937,,,False
47,962,4937,,,False
52,982,4937,,,False
71,977,4937,,,False
78,1005,4937,,,False
81,966,4937,,,False
84,983,4937,,,False
87,962,4937,,,False
94,998,4937,,,False
4,981,4938,,,False
7,933,4938,,,False
11,996,4938,,,False
13,970,4938,,,False
16,1029,4938,,,False
19,962,4938,,,False
27,980,4938,,,False
34,981,4938,,,False
72,992,4938,,,False
81,967,4938,,,False
82,993,4938,,,False
86,992,4938,,,False
88,1020,4938,,,False
94,999,4938,,,False
98,990,4938,,,False
3,1037,4939,,,False
6,991,4939,,,False
10,1005,4939,,,False
11,997,4939,,,False
14,992,4939,,,False
26,959,4939,,,False
29,961,4939,,,False
32,994,4939,,,False
35,992,4939,,,False
38,982,4939,,,False
40,1063,4939,,,False
41,997,4939,,,False
42,1027,4939,,,False
44,1020,4939,,,False
47,963,4939,,,False
64,1056,4939,,,False
66,958,4939,,,False
73,985,4939,,,False
86,993,4939,,,False
88,1021,4939,,,False
91,983,4939,,,False
4,982,4940,,,False
9,1032,4940,,,False
17,941,4940,,,False
20,944,4940,,,False
30,983,4940,,,False
32,995,4940,,,False
41,998,4940,,,False
44,1021,4940,,,False
45,951,4940,,,False
50,959,4940,,,False
63,1016,4940,,,False
74,1002,4940,,,False
87,963,4940,,,False
98,991,4940,,,False
7,934,4941,,,False
12,1009,4941,,,False
30,984,4941,,,False
39,943,4941,,,False
49,994,4941,,,False
54,1064,4941,,,False
59,994,4941,,,False
60,957,4941,,,False
63,1017,4941,,,False
69,993,4941,,,False
70,1003,4941,,,False
71,978,4941,,,False
74,1003,4941,,,False
81,968,4941,,,False
97,1008,4941,,,False
3,1038,4942,,,False
15,960,4942,,,False
22,1009,4942,,,False
23,967,4942,,,False
25,982,4942,,,False
27,981,4942,,,False
33,995,4942,,,False
36,1010,4942,,,False
37,993,4942,,,False
47,964,4942,,,False
49,995,4942,,,False
51,951,4942,,,False
52,983,4942,,,False
53,982,4942,,,False
56,981,4942,,,False
60,958,4942,,,False
73,986,4942,,,False
83,962,4942,,,False
85,985,4942,,,False
88,1022,4942,,,False
90,985,4942,,,False
7,935,4943,,,False
11,998,4943,,,False
12,1010,4943,,,False
14,993,4943,,,False
22,1010,4943,,,False
30,985,4943,,,False
33,996,4943,,,False
35,993,4943,,,False
37,994,4943,,,False
41,999,4943,,,False
46,998,4943,,,False
52,984,4943,,,False
53,983,4943,,,False
56,982,4943,,,False
74,1004,4943,,,False
79,930,4943,,,False
86,994,4943,,,False
93,981,4943,,,False
5,960,4944,,,False
15,961,4944,,,False
18,994,4944,,,False
21,973,4944,,,False
37,995,4944,,,False
47,965,4944,,,False
49,996,4944,,,False
53,984,4944,,,False
65,977,4944,,,False
71,979,4944,,,False
90,986,4944,,,False
95,991,4944,,,False
1,1014,4945,,,False
3,1039,4945,,,False
4,983,4945,,,False
5,961,4945,,,False
11,999,4945,,,False
13,971,4945,,,False
14,994,4945,,,False
16,1030,4945,,,False
20,945,4945,,,False
21,974,4945,,,False
24,943,4945,,,False
40,1064,4945,,,False
45,952,4945,,,False
52,985,4945,,,False
53,985,4945,,,False
68,1012,4945,,,False
72,993,4945,,,False
75,1030,4945,,,False
91,984,4945,,,False
7,936,4946,,,False
10,1006,4946,,,False
12,1011,4946,,,False
14,995,4946,,,False
15,962,4946,,,False
32,996,4946,,,False
37,996,4946,,,False
40,1065,4946,,,False
42,1028,4946,,,False
44,1022,4946,,,False
46,999,4946,,,False
54,1065,4946,,,False
57,959,4946,,,False
63,1018,4946,,,False
66,959,4946,,,False
70,1004,4946,,,False
72,994,4946,,,False
75,1031,4946,,,False
77,1011,4946,,,False
78,1006,4946,,,False
81,969,4946,,,False
89,998,4946,,,False
91,985,4946,,,False
98,992,4946,,,False
2,985,4947,,,False
4,984,4947,,,False
8,963,4947,,,False
18,995,4947,,,False
22,1011,4947,,,False
32,997,4947,,,False
33,997,4947,,,False
37,997,4947,,,False
57,960,4947,,,False
58,981,4947,,,False
64,1057,4947,,,False
65,978,4947,,,False
80,1016,4947,,,False
83,963,4947,,,False
92,1034,4947,,,False
94,1000,4947,,,False
97,1009,4947,,,False
99,988,4947,,,False
1,1015,4948,,,False
12,1012,4948,,,False
13,972,4948,,,False
19,963,4948,,,False
22,1012,4948,,,False
24,944,4948,,,False
25,983,4948,,,False
28,1005,4948,,,False
32,998,4948,,,False
40,1066,4948,,,False
46,1000,4948,,,False
50,960,4948,,,False
56,983,4948,,,False
69,994,4948,,,False
80,1017,4948,,,False
84,984,4948,,,False
85,986,4948,,,False
5,962,4949,,,False
6,992,4949,,,False
7,937,4949,,,False
13,973,4949,,,False
15,963,4949,,,False
22,1013,4949,,,False
24,945,4949,,,False
25,984,4949,,,False
29,962,4949,,,False
33,998,4949,,,False
36,1011,4949,,,False
37,998,4949,,,False
40,1067,4949,,,False
49,997,4949,,,False
51,952,4949,,,False
52,986,4949,,,False
64,1058,4949,,,False
70,1005,4949,,,False
91,986,4949,,,False
6,993,4950,,,False
7,938,4950,,,False
22,1014,4950,,,False
25,985,4950,,,False
31,982,4950,,,False
37,999,4950,,,False
38,983,4950,,,False
44,1023,4950,,,False
49,998,4950,,,False
51,953,4950,,,False
60,959,4950,,,False
63,1019,4950,,,False
74,1005,4950,,,False
75,1032,4950,,,False
76,985,4950,,,False
92,1035,4950,,,False
96,959,4950,,,False
97,1010,4950,,,False
2,986,4951,,,False
3,1040,4951,,,False
7,939,4951,,,False
14,996,4951,,,False
23,968,4951,,,False
28,1006,4951,,,False
44,1024,4951,,,False
47,966,4951,,,False
53,986,4951,,,False
60,960,4951,,,False
66,960,4951,,,False
67,929,4951,,,False
72,995,4951,,,False
79,931,4951,,,False
82,994,4951,,,False
86,995,4951,,,False
88,1023,4951,,,False
92,1036,4951,,,False
99,989,4951,,,False
1,1016,4952,,,False
3,1041,4952,,,False
18,996,4952,,,False
22,1015,4952,,,False
26,960,4952,,,False
29,963,4952,,,False
34,982,4952,,,False
36,1012,4952,,,False
51,954,4952,,,False
53,987,4952,,,False
57,961,4952,,,False
63,1020,4952,,,False
64,1059,4952,,,False
65,979,4952,,,False
67,930,4952,,,False
68,1013,4952,,,False
70,1006,4952,,,False
74,1006,4952,,,False
76,986,4952,,,False
85,987,4952,,,False
89,999,4952,,,False
95,992,4952,,,False
97,1011,4952,,,False
5,963,4953,,,False
12,1013,4953,,,False
30,986,4953,,,False
33,999,4953,,,False
43,960,4953,,,False
56,984,4953,,,False
60,961,4953,,,False
61,986,4953,,,False
97,1012,4953,,,False
99,990,4953,,,False
6,994,4954,,,False
10,1007,4954,,,False
16,1031,4954,,,False
28,1007,4954,,,False
48,1009,4954,,,False
51,955,4954,,,False
53,988,4954,,,False
57,962,4954,,,False
62,977,4954,,,False
64,1060,4954,,,False
70,1007,4954,,,False
76,987,4954,,,False
86,996,4954,,,False
87,964,4954,,,False
91,987,4954,,,False
95,993,4954,,,False
96,960,4954,,,False
2,987,4955,,,False
31,983,4955,,,False
33,1000,4955,,,False
34,983,4955,,,False
36,1013,4955,,,False
39,944,4955,,,False
41,1000,4955,,,False
50,961,4955,,,False
52,987,4955,,,False
55,932,4955,,,False
57,963,4955,,,False
61,987,4955,,,False
62,978,4955,,,False
64,1061,4955,,,False
68,1014,4955,,,False
71,980,4955,,,False
72,996,4955,,,False
78,1007,4955,,,False
80,1018,4955,,,False
84,985,4955,,,False
95,994,4955,,,False
96,961,4955,,,False
1,1017,4956,,,False
2,988,4956,,,False
11,1000,4956,,,False
14,997,4956,,,False
16,1032,4956,,,False
19,964,4956,,,False
22,1016,4956,,,False
23,969,4956,,,False
27,982,4956,,,False
30,987,4956,,,False
34,984,4956,,,False
40,1068,4956,,,False
41,1001,4956,,,False
51,956,4956,,,False
54,1066,4956,,,False
55,933,4956,,,False
57,964,4956,,,False
59,995,4956,,,False
60,962,4956,,,False
62,979,4956,,,False
75,1033,4956,,,False
78,1008,4956,,,False
79,932,4956,,,False
81,970,4956,,,False
86,997,4956,,,False
97,1013,4956,,,False
98,993,4956,,,False
0,1018,4957,,,False
2,989,4957,,,False
9,1033,4957,,,False
14,998,4957,,,False
15,964,4957,,,False
18,997,4957,,,False
31,984,4957,,,False
40,1069,4957,,,False
41,1002,4957,,,False
47,967,4957,,,False
49,999,4957,,,False
57,965,4957,,,False
64,1062,4957,,,False
66,961,4957,,,False
68,1015,4957,,,False
70,1008,4957,,,False
75,1034,4957,,,False
77,1012,4957,,,False
80,1019,4957,,,False
88,1024,4957,,,False
90,987,4957,,,False
94,1001,4957,,,False
4,985,4958,,,False
16,1033,4958,,,False
19,965,4958,,,False
41,1003,4958,,,False
43,961,4958,,,False
47,968,4958,,,False
60,963,4958,,,False
63,1021,4958,,,False
64,1063,4958,,,False
73,987,4958,,,False
75,1035,4958,,,False
80,1020,4958,,,False
87,965,4958,,,False
90,988,4958,,,False
5,964,4959,,,False
7,940,4959,,,False
9,1034,4959,,,False
18,998,4959,,,False
21,975,4959,,,False
28,1008,4959,,,False
36,1014,4959,,,False
38,984,4959,,,False
40,1070,4959,,,False
49,1000,4959,,,False
53,989,4959,,,False
56,985,4959,,,False
63,1022,4959,,,False
79,933,4959,,,False
85,988,4959,,,False
86,998,4959,,,False
4,986,4960,,,False
6,995,4960,,,False
14,999,4960,,,False
17,942,4960,,,False
21,976,4960,,,False
25,986,4960,,,False
26,961,4960,,,False
29,964,4960,,,False
34,985,4960,,,False
41,1004,4960,,,False
42,1029,4960,,,False
54,1067,4960,,,False
59,996,4960,,,False
61,988,4960,,,False
62,980,4960,,,False
76,988,4960,,,False
89,1000,4960,,,False
96,962,4960,,,False
1,1018,4961,,,False
3,1042,4961,,,False
7,941,4961,,,False
16,1034,4961,,,False
19,966,4961,,,False
22,1017,4961,,,False
27,983,4961,,,False
30,988,4961,,,False
32,999,4961,,,False
34,986,4961,,,False
35,994,4961,,,False
40,1071,4961,,,False
41,1005,4961,,,False
47,969,4961,,,False
51,957,4961,,,False
61,989,4961,,,False
77,1013,4961,,,False
78,1009,4961,,,False
87,966,4961,,,False
90,989,4961,,,False
93,982,4961,,,False
97,1014,4961,,,False
98,994,4961,,,False
3,1043,4962,,,False
5,965,4962,,,False
6,996,4962,,,False
10,1008,4962,,,False
12,1014,4962,,,False
17,943,4962,,,False
18,999,4962,,,False
27,984,4962,,,False
28,1009,4962,,,False
31,985,4962,,,False
37,1000,4962,,,False
40,1072,4962,,,False
47,970,4962,,,False
48,1010,4962,,,False
49,1001,4962,,,False
56,986,4962,,,False
59,997,4962,,,False
70,1009,4962,,,False
73,988,4962,,,False
76,989,4962,,,False
86,999,4962,,,False
93,983,4962,,,False
94,1002,4962,,,False
95,995,4962,,,False
96,963,4962,,,False
0,1019,4963,,,False
18,1000,4963,,,False
33,1001,4963,,,False
39,945,4963,,,False
46,1001,4963,,,False
53,990,4963,,,False
59,998,4963,,,False
61,990,4963,,,False
66,962,4963,,,False
72,997,4963,,,False
76,990,4963,,,False
84,986,4963,,,False
99,991,4963,,,False
0,1020,4964,,,False
3,1044,4964,,,False
4,987,4964,,,False
9,1035,4964,,,False
15,965,4964,,,False
20,946,4964,,,False
30,989,4964,,,False
36,1015,4964,,,False
49,1002,4964,,,False
52,988,4964,,,False
60,964,4964,,,False
70,1010,4964,,,False
72,998,4964,,,False
78,1010,4964,,,False
79,934,4964,,,False
88,1025,4964,,,False
93,984,4964,,,False
95,996,4964,,,False
1,1019,4965,,,False
3,1045,4965,,,False
8,964,4965,,,False
9,1036,4965,,,False
14,1000,4965,,,False
16,1035,4965,,,False
18,1001,4965,,,False
20,947,4965,,,False
25,987,4965,,,False
26,962,4965,,,False
28,1010,4965,,,False
31,986,4965,,,False
42,1030,4965,,,False
49,1003,4965,,,False
50,962,4965,,,False
52,989,4965,,,False
53,991,4965,,,False
57,966,4965,,,False
60,965,4965,,,False
65,980,4965,,,False
78,1011,4965,,,False
85,989,4965,,,False
93,985,4965,,,False
2,990,4966,,,False
3,1046,4966,,,False
9,1037,4966,,,False
12,1015,4966,,,False
24,946,4966,,,False
27,985,4966,,,False
40,1073,4966,,,False
41,1006,4966,,,False
46,1002,4966,,,False
58,982,4966,,,False
61,991,4966,,,False
62,981,4966,,,False
78,1012,4966,,,False
80,1021,4966,,,False
81,971,4966,,,False
89,1001,4966,,,False
94,1003,4966,,,False
3,1047,4967,,,False
6,997,4967,,,False
11,1001,4967,,,False
12,1016,4967,,,False
16,1036,4967,,,False
17,944,4967,,,False
23,970,4967,,,False
25,988,4967,,,False
27,986,4967,,,False
29,965,4967,,,False
33,1002,4967,,,False
36,1016,4967,,,False
48,1011,4967,,,False
59,999,4967,,,False
62,982,4967,,,False
68,1016,4967,,,False
69,995,4967,,,False
79,935,4967,,,False
82,995,4967,,,False
88,1026,4967,,,False
98,995,4967,,,False
99,992,4967,,,False
1,1020,4968,,,False
9,1038,4968,,,False
15,966,4968,,,False
19,967,4968,,,False
25,989,4968,,,False
31,987,4968,,,False
37,1001,4968,,,False
45,953,4968,,,False
50,963,4968,,,False
51,958,4968,,,False
60,966,4968,,,False
62,983,4968,,,False
69,996,4968,,,False
72,999,4968,,,False
79,936,4968,,,False
91,988,4968,,,False
92,1037,4968,,,False
93,986,4968,,,False
95,997,4968,,,False
96,964,4968,,,False
0,1021,4969,,,False
2,991,4969,,,False
3,1048,4969,,,False
9,1039,4969,,,False
15,967,4969,,,False
16,1037,4969,,,False
17,945,4969,,,False
21,977,4969,,,False
28,1011,4969,,,False
29,966,4969,,,False
31,988,4969,,,False
34,987,4969,,,False
42,1031,4969,,,False
44,1025,4969,,,False
48,1012,4969,,,False
53,992,4969,,,False
54,1068,4969,,,False
61,992,4969,,,False
71,981,4969,,,False
74,1007,4969,,,False
80,1022,4969,,,False
84,987,4969,,,False
87,967,4969,,,False
89,1002,4969,,,False
92,1038,4969,,,False
2,992,4970,,,False
4,988,4970,,,False
5,966,4970,,,False
7,942,4970,,,False
18,1002,4970,,,False
32,1000,4970,,,False
53,993,4970,,,False
57,967,4970,,,False
61,993,4970,,,False
67,931,4970,,,False
68,1017,4970,,,False
88,1027,4970,,,False
90,990,4970,,,False
94,1004,4970,,,False
98,996,4970,,,False
99,993,4970,,,False
4,989,4971,,,False
5,967,4971,,,False
12,1017,4971,,,False
13,974,4971,,,False
17,946,4971,,,False
18,1003,4971,,,False
19,968,4971,,,False
22,1018,4971,,,False
25,990,4971,,,False
34,988,4971,,,False
45,954,4971,,,False
59,1000,4971,,,False
66,963,4971,,,False
68,1018,4971,,,False
70,1011,4971,,,False
73,989,4971,,,False
76,991,4971,,,False
79,937,4971,,,False
82,996,4971,,,False
88,1028,4971,,,False
91,989,4971,,,False
93,987,4971,,,False
96,965,4971,,,False
99,994,4971,,,False
0,1022,4972,,,False
9,1040,4972,,,False
10,1009,4972,,,False
15,968,4972,,,False
17,947,4972,,,False
26,963,4972,,,False
28,1012,4972,,,False
32,1001,4972,,,False
40,1074,4972,,,False
44,1026,4972,,,False
50,964,4972,,,False
55,934,4972,,,False
59,1001,4972,,,False
75,1036,4972,,,False
83,964,4972,,,False
89,1003,4972,,,False
92,1039,4972,,,False
94,1005,4972,,,False
99,995,4972,,,False
0,1023,4973,,,False
4,990,4973,,,False
5,968,4973,,,False
9,1041,4973,,,False
10,1010,4973,,,False
21,978,4973,,,False
23,971,4973,,,False
25,991,4973,,,False
30,990,4973,,,False
35,995,4973,,,False
40,1075,4973,,,False
45,955,4973,,,False
48,1013,4973,,,False
51,959,4973,,,False
61,994,4973,,,False
66,964,4973,,,False
79,938,4973,,,False
80,1023,4973,,,False
83,965,4973,,,False
98,997,4973,,,False
2,993,4974,,,False
12,1018,4974,,,False
16,1038,4974,,,False
18,1004,4974,,,False
19,969,4974,,,False
20,948,4974,,,False
23,972,4974,,,False
27,987,4974,,,False
29,967,4974,,,False
31,989,4974,,,False
35,996,4974,,,False
48,1014,4974,,,False
54,1069,4974,,,False
59,1002,4974,,,False
68,1019,4974,,,False
89,1004,4974,,,False
91,990,4974,,,False
97,1015,4974,,,False
2,994,4975,,,False
4,991,4975,,,False
11,1002,4975,,,False
12,1019,4975,,,False
15,969,4975,,,False
29,968,4975,,,False
32,1002,4975,,,False
36,1017,4975,,,False
45,956,4975,,,False
53,994,4975,,,False
63,1023,4975,,,False
67,932,4975,,,False
69,997,4975,,,False
0,1024,4976,,,False
5,969,4976,,,False
9,1042,4976,,,False
22,1019,4976,,,False
23,973,4976,,,False
24,947,4976,,,False
25,992,4976,,,False
27,988,4976,,,False
29,969,4976,,,False
32,1003,4976,,,False
33,1003,4976,,,False
36,1018,4976,,,False
41,1007,4976,,,False
53,995,4976,,,False
55,935,4976,,,False
65,981,4976,,,False
78,1013,4976,,,False
80,1024,4976,,,False
97,1016,4976,,,False
3,1049,4977,,,False
6,998,4977,,,False
11,1003,4977,,,False
12,1020,4977,,,False
16,1039,4977,,,False
20,949,4977,,,False
21,979,4977,,,False
38,985,4977,,,False
39,946,4977,,,False
41,1008,4977,,,False
45,957,4977,,,False
47,971,4977,,,False
52,990,4977,,,False
53,996,4977,,,False
58,983,4977,,,False
63,1024,4977,,,False
65,982,4977,,,False
68,1020,4977,,,False
74,1008,4977,,,False
84,988,4977,,,False
88,1029,4977,,,False
93,988,4977,,,False
2,995,4978,,,False
10,1011,4978,,,False
16,1040,4978,,,False
22,1020,4978,,,False
26,964,4978,,,False
31,990,4978,,,False
32,1004,4978,,,False
34,989,4978,,,False
37,1002,4978,,,False
41,1009,4978,,,False
43,962,4978,,,False
52,991,4978,,,False
55,936,4978,,,False
60,967,4978,,,False
61,995,4978,,,False
66,965,4978,,,False
70,1012,4978,,,False
72,1000,4978,,,False
74,1009,4978,,,False
86,1000,4978,,,False
2,996,4979,,,False
14,1001,4979,,,False
16,1041,4979,,,False
19,970,4979,,,False
29,970,4979,,,False
33,1004,4979,,,False
34,990,4979,,,False
36,1019,4979,,,False
40,1076,4979,,,False
41,1010,4979,,,False
46,1003,4979,,,False
55,937,4979,,,False
56,987,4979,,,False
60,968,4979,,,False
61,996,4979,,,False
62,984,4979,,,False
73,990,4979,,,False
74,1010,4979,,,False
75,1037,4979,,,False
84,989,4979,,,False
85,990,4979,,,False
95,998,4979,,,False
4,992,4980,,,False
25,993,4980,,,False
31,991,4980,,,False
33,1005,4980,,,False
36,1020,4980,,,False
48,1015,4980,,,False
70,1013,4980,,,False
71,982,4980,,,False
76,992,4980,,,False
82,997,4980,,,False
88,1030,4980,,,False
92,1040,4980,,,False
96,966,4980,,,False
97,1017,4980,,,False
2,997,4981,,,False
13,975,4981,,,False
14,1002,4981,,,False
20,950,4981,,,False
27,989,4981,,,False
33,1006,4981,,,False
34,991,4981,,,False
35,997,4981,,,False
36,1021,4981,,,False
45,958,4981,,,False
53,997,4981,,,False
61,997,4981,,,False
62,985,4981,,,False
63,1025,4981,,,False
66,966,4981,,,False
68,1021,4981,,,False
77,1014,4981,,,False
83,966,4981,,,False
87,968,4981,,,False
88,1031,4981,,,False
0,1025,4982,,,False
3,1050,4982,,,False
12,1021,4982,,,False
14,1003,4982,,,False
24,948,4982,,,False
26,965,4982,,,False
27,990,4982,,,False
53,998,4982,,,False
55,938,4982,,,False
68,1022,4982,,,False
81,972,4982,,,False
84,990,4982,,,False
85,991,4982,,,False
86,1001,4982,,,False
90,991,4982,,,False
99,996,4982,,,False
7,943,4983,,,False
16,1042,4983,,,False
21,980,4983,,,False
35,998,4983,,,False
40,1077,4983,,,False
52,992,4983,,,False
62,986,4983,,,False
74,1011,4983,,,False
76,993,4983,,,False
87,969,4983,,,False
90,992,4983,,,False
91,991,4983,,,False
97,1018,4983,,,False
14,1004,4984,,,False
15,970,4984,,,False
36,1022,4984,,,False
41,1011,4984,,,False
48,1016,4984,,,False
59,1003,4984,,,False
64,1064,4984,,,False
67,933,4984,,,False
70,1014,4984,,,False
71,983,4984,,,False
76,994,4984,,,False
77,1015,4984,,,False
83,967,4984,,,False
84,991,4984,,,False
91,992,4984,,,False
93,989,4984,,,False
94,1006,4984,,,False
1,1021,4985,,,False
30,991,4985,,,False
40,1078,4985,,,False
49,1004,4985,,,False
59,1004,4985,,,False
71,984,4985,,,False
80,1025,4985,,,False
82,998,4985,,,False
85,992,4985,,,False
91,993,4985,,,False
98,998,4985,,,False
8,965,4986,,,False
9,1043,4986,,,False
14,1005,4986,,,False
17,948,4986,,,False
22,1021,4986,,,False
28,1013,4986,,,False
32,1005,4986,,,False
40,1079,4986,,,False
41,1012,4986,,,False
45,959,4986,,,False
47,972,4986,,,False
49,1005,4986,,,False
51,960,4986,,,False
55,939,4986,,,False
58,984,4986,,,False
60,969,4986,,,False
75,1038,4986,,,False
76,995,4986,,,False
77,1016,4986,,,False
88,1032,4986,,,False
92,1041,4986,,,False
94,1007,4986,,,False
13,976,4987,,,False
17,949,4987,,,False
26,966,4987,,,False
30,992,4987,,,False
42,1032,4987,,,False
46,1004,4987,,,False
48,1017,4987,,,False
52,993,4987,,,False
60,970,4987,,,False
65,983,4987,,,False
66,967,4987,,,False
72,1001,4987,,,False
80,1026,4987,,,False
83,968,4987,,,False
89,1005,4987,,,False
93,990,4987,,,False
94,1008,4987,,,False
4,993,4988,,,False
9,1044,4988,,,False
10,1012,4988,,,False
12,1022,4988,,,False
19,971,4988,,,False
20,951,4988,,,False
21,981,4988,,,False
28,1014,4988,,,False
48,1018,4988,,,False
55,940,4988,,,False
60,971,4988,,,False
65,984,4988,,,False
70,1015,4988,,,False
74,1012,4988,,,False
77,1017,4988,,,False
78,1014,4988,,,False
89,1006,4988,,,False
93,991,4988,,,False
94,1009,4988,,,False
95,999,4988,,,False
98,999,4988,,,False
4,994,4989,,,False
17,950,4989,,,False
19,972,4989,,,False
20,952,4989,,,False
22,1022,4989,,,False
32,1006,4989,,,False
34,992,4989,,,False
35,999,4989,,,False
38,986,4989,,,False
41,1013,4989,,,False
46,1005,4989,,,False
53,999,4989,,,False
56,988,4989,,,False
64,1065,4989,,,False
65,985,4989,,,False
72,1002,4989,,,False
74,1013,4989,,,False
75,1039,4989,,,False
76,996,4989,,,False
84,992,4989,,,False
87,970,4989,,,False
90,993,4989,,,False
95,1000,4989,,,False
96,967,4989,,,False
5,970,4990,,,False
9,1045,4990,,,False
10,1013,4990,,,False
12,1023,4990,,,False
14,1006,4990,,,False
16,1043,4990,,,False
18,1005,4990,,,False
23,974,4990,,,False
27,991,4990,,,False
35,1000,4990,,,False
36,1023,4990,,,False
38,987,4990,,,False
41,1014,4990,,,False
43,963,4990,,,False
46,1006,4990,,,False
59,1005,4990,,,False
61,998,4990,,,False
63,1026,4990,,,False
65,986,4990,,,False
66,968,4990,,,False
69,998,4990,,,False
71,985,4990,,,False
72,1003,4990,,,False
75,1040,4990,,,False
76,997,4990,,,False
81,973,4990,,,False
83,969,4990,,,False
85,993,4990,,,False
87,971,4990,,,False
88,1033,4990,,,False
90,994,4990,,,False
95,1001,4990,,,False
98,1000,4990,,,False
1,1022,4991,,,False
15,971,4991,,,False
28,1015,4991,,,False
29,971,4991,,,False
43,964,4991,,,False
45,960,4991,,,False
50,965,4991,,,False
55,941,4991,,,False
59,1006,4991,,,False
62,987,4991,,,False
71,986,4991,,,False
84,993,4991,,,False
90,995,4991,,,False
91,994,4991,,,False
96,968,4991,,,False
5,971,4992,,,False
6,999,4992,,,False
15,972,4992,,,False
33,1007,4992,,,False
37,1003,4992,,,False
38,988,4992,,,False
45,961,4992,,,False
46,1007,4992,,,False
51,961,4992,,,False
60,972,4992,,,False
63,1027,4992,,,False
81,974,4992,,,False
84,994,4992,,,False
0,1026,4993,,,False
1,1023,4993,,,False
4,995,4993,,,False
8,966,4993,,,False
10,1014,4993,,,False
25,994,4993,,,False
28,1016,4993,,,False
32,1007,4993,,,False
35,1001,4993,,,False
40,1080,4993,,,False
47,973,4993,,,False
48,1019,4993,,,False
49,1006,4993,,,False
55,942,4993,,,False
58,985,4993,,,False
61,999,4993,,,False
62,988,4993,,,False
66,969,4993,,,False
70,1016,4993,,,False
83,970,4993,,,False
98,1001,4993,,,False
0,1027,4994,,,False
13,977,4994,,,False
37,1004,4994,,,False
39,947,4994,,,False
40,1081,4994,,,False
42,1033,4994,,,False
46,1008,4994,,,False
47,974,4994,,,False
61,1000,4994,,,False
66,970,4994,,,False
76,998,4994,,,False
83,971,4994,,,False
89,1007,4994,,,False
90,996,4994,,,False
92,1042,4994,,,False
94,1010,4994,,,False
99,997,4994,,,False
6,1000,4995,,,False
14,1007,4995,,,False
17,951,4995,,,False
24,949,4995,,,False
29,972,4995,,,False
36,1024,4995,,,False
37,1005,4995,,,False
39,948,4995,,,False
40,1082,4995,,,False
41,1015,4995,,,False
54,1070,4995,,,False
58,986,4995,,,False
63,1028,4995,,,False
66,971,4995,,,False
75,1041,4995,,,False
77,1018,4995,,,False
80,1027,4995,,,False
87,972,4995,,,False
1,1024,4996,,,False
6,1001,4996,,,False
10,1015,4996,,,False
12,1024,4996,,,False
15,973,4996,,,False
23,975,4996,,,False
30,993,4996,,,False
33,1008,4996,,,False
39,949,4996,,,False
40,1083,4996,,,False
43,965,4996,,,False
52,994,4996,,,False
56,989,4996,,,False
61,1001,4996,,,False
66,972,4996,,,False
74,1014,4996,,,False
75,1042,4996,,,False
77,1019,4996,,,False
79,939,4996,,,False
84,995,4996,,,False
86,1002,4996,,,False
91,995,4996,,,False
96,969,4996,,,False
97,1019,4996,,,False
99,998,4996,,,False
4,996,4997,,,False
7,944,4997,,,False
13,978,4997,,,False
14,1008,4997,,,False
23,976,4997,,,False
27,992,4997,,,False
30,994,4997,,,False
35,1002,4997,,,False
38,989,4997,,,False
42,1034,4997,,,False
50,966,4997,,,False
52,995,4997,,,False
55,943,4997,,,False
70,1017,4997,,,False
72,1004,4997,,,False
73,991,4997,,,False
75,1043,4997,,,False
82,999,4997,,,False
87,973,4997,,,False
93,992,4997,,,False
98,1002,4997,,,False
99,999,4997,,,False
9,1046,4998,,,False
10,1016,4998,,,False
18,1006,4998,,,False
20,953,4998,,,False
30,995,4998,,,False
31,992,4998,,,False
35,1003,4998,,,False
36,1025,4998,,,False
40,1084,4998,,,False
48,1020,4998,,,False
49,1007,4998,,,False
59,1007,4998,,,False
63,1029,4998,,,False
65,987,4998,,,False
76,999,4998,,,False
79,940,4998,,,False
85,994,4998,,,False
86,1003,4998,,,False
91,996,4998,,,False
9,1047,4999,,,False
11,1004,4999,,,False
13,979,4999,,,False
14,1009,4999,,,False
17,952,4999,,,False
18,1007,4999,,,False
19,973,4999,,,False
20,954,4999,,,False
23,977,4999,,,False
25,995,4999,,,False
31,993,4999,,,False
36,1026,4999,,,False
39,950,4999,,,False
45,962,4999,,,False
46,1009,4999,,,False
50,967,4999,,,False
65,988,4999,,,False
67,934,4999,,,False
70,1018,4999,,,False
72,1005,4999,,,False
74,1015,4999,,,False
76,1000,4999,,,False
94,1011,4999,,,False
